1.207051624823514224e+01	4.124086259082413441e-01	0.000000000000000000e+00
1.201004070839653082e+01	2.158247740518566271e-01	4.594843840965867682e-06
1.200736651159363255e+01	2.146663525785064974e-01	4.995999049056174743e-06
1.205287978139340233e+01	3.664264972588878178e-01	6.448827719570454939e-06
1.202454614179083414e+01	2.686130416168948654e-01	4.882913532395491371e-06
1.200843489836034017e+01	1.988107920627430469e-01	1.302405741823523361e-05
1.201161986376841817e+01	2.210107818609259589e-01	4.719097887848345758e-06
1.203526870254909831e+01	3.123438074572782996e-01	4.658125097390994019e-06
1.205212105106535780e+01	3.723769827150393841e-01	5.107187610255955298e-06
1.200477680100310351e+01	1.999391294023825094e-01	4.639630746284804613e-06
1.201561540264257033e+01	2.353747821059923861e-01	4.438542060516477963e-06
1.199763939964839210e+01	1.237564522091012670e-01	4.493879242325184584e-06
1.200761801813486329e+01	2.021534494595714493e-01	4.453092197011385972e-06
1.203755894060913789e+01	3.124046412469512202e-01	4.384483161087864761e-06
1.205509986719194160e+01	3.626860622862498884e-01	4.653768430366175159e-06
1.200304074307508806e+01	1.885666332794276034e-01	9.326998676279514607e-06
1.201078105326325307e+01	2.090534775094909092e-01	4.381307191610643227e-06
1.203040021890225297e+01	2.925361039836406607e-01	5.391886052989490133e-06
1.206512680517076852e+01	3.996545678160458026e-01	5.478976940360855697e-06
1.200754365725286377e+01	1.984406366856549531e-01	2.200418887508534592e-05
1.202190031761504407e+01	2.623295162939296987e-01	2.625344585399128379e-05
1.203040134319766885e+01	2.857329045056893335e-01	4.529779902921955092e-06
1.202330924960565817e+01	2.631998245982899443e-01	5.735363870631633087e-06
1.203780078843089996e+01	3.254817857558441330e-01	4.537405379515980380e-06
1.203509745586535651e+01	3.091540562793874125e-01	8.673969655078437812e-06
1.200871428341391578e+01	2.037503857248641193e-01	6.994777554123812532e-06
1.200318561246852411e+01	1.774899682954379776e-01	7.290105760575221366e-06
1.201569084939863785e+01	2.475449085928002613e-01	1.335045693260153692e-05
1.200843203225780265e+01	2.099165632737172993e-01	4.352323277185881672e-06
1.202968662252300369e+01	2.937723808695723582e-01	7.151485606909890983e-06
1.202966448092243823e+01	2.838460734935904783e-01	4.406613898182321826e-06
1.200403725268447097e+01	1.657300317230590847e-01	4.355051019098260389e-06
1.202910196198579129e+01	2.859365856546429163e-01	4.440483587042814925e-06
1.201647490442462107e+01	2.335120025791608267e-01	4.534813461697715222e-06
1.201641797154875668e+01	2.461650673852937010e-01	5.773160949934737025e-06
1.201208200942735083e+01	2.361976608307097270e-01	4.363590934149157810e-06
1.199306756536555696e+01	1.118531351177667887e-01	4.339026954063199277e-06
1.201472584299787982e+01	2.318061737913606757e-01	1.995079623831191116e-05
1.200619020039390072e+01	1.997774660339346198e-01	2.702120949889750265e-05
1.206671838559096521e+01	3.971557508220893151e-01	5.279585368699331255e-06
1.204791056902761426e+01	3.494869917098313294e-01	7.792109380316257584e-06
1.203874917043526160e+01	3.151202614707666605e-01	4.659061305766910963e-06
1.203316210011327669e+01	3.070189979455468787e-01	6.736942395895570032e-06
1.204837534785102449e+01	3.449011610931369542e-01	7.378304905817967487e-06
1.202654364424084932e+01	2.803103791589466876e-01	4.537317961938450662e-06
1.202129145431795187e+01	2.604510110176300186e-01	3.390389779899664245e-05
1.199869452539619630e+01	1.574079412074617379e-01	5.081699480690305384e-06
1.200988892584148537e+01	2.288485124787757174e-01	5.568420993343553326e-06
1.205328900715191764e+01	3.611465819653920661e-01	9.831242424872681679e-06
1.201322612894603203e+01	2.258221322604930803e-01	5.271038916804428190e-06
1.205107362151377437e+01	3.562025315455789043e-01	4.576168797810183320e-06
1.203420443184552546e+01	2.986461748918189385e-01	6.395757641533450131e-06
1.203373128023737593e+01	3.112564971868498342e-01	5.290871491296942280e-06
1.201111573047474401e+01	2.238273026101362528e-01	2.421758412811574540e-05
1.201267955621747241e+01	2.256396612522112988e-01	5.534633735377847420e-06
1.202480891493502568e+01	2.773940886497205383e-01	8.930285802294798622e-06
1.203663761154198752e+01	3.128855333040731490e-01	6.622015039195694578e-06
1.201317516004684904e+01	2.349427628044875593e-01	5.578003395566014024e-06
1.202947196125125906e+01	2.846457048523245992e-01	4.879190501128274638e-06
1.200862425920663590e+01	2.008168061900354739e-01	6.548299729514169985e-06
1.202918867261687907e+01	2.813755013780743774e-01	4.636742365611048989e-06
1.202419707217701905e+01	2.685565949539064912e-01	5.499161337417169281e-06
1.201361373747492145e+01	2.290645606276333346e-01	4.364980495731774424e-06
1.201856481505382845e+01	2.482331007222390862e-01	1.884098994695543311e-05
1.201534129588718436e+01	2.444105398743766921e-01	4.500214780326053008e-06
1.203183221558088967e+01	2.953051224218016246e-01	1.199216695570653455e-05
1.203951732265117869e+01	3.266638161594638268e-01	1.704328304631466052e-05
1.202561316698075800e+01	2.790800002795368329e-01	7.645982817573002509e-06
1.202355068455287856e+01	2.679812994626036837e-01	6.724546758654058670e-06
1.202248581608168720e+01	2.667276791013934445e-01	4.890896410557517451e-06
1.204421812212793874e+01	3.392481911172908760e-01	7.409275774027131253e-06
1.201734639932296211e+01	2.412991659302571312e-01	4.730523919509612197e-06
1.201406988465816461e+01	2.313180011818775084e-01	4.348634896060337249e-06
1.200789268157769030e+01	2.092947889757526270e-01	6.390301657892995512e-06
1.202394515599932490e+01	2.717053588966201749e-01	4.593519367117235072e-06
1.206021412470456156e+01	3.810522821653309355e-01	4.799814755083126577e-06
1.201138398362851945e+01	2.192518640926079121e-01	4.589767333662460720e-06
1.201280297104586481e+01	2.359852705560184227e-01	4.969380526744649635e-06
1.206362416967575868e+01	3.920686332221773318e-01	5.467421111184028474e-06
1.201028735141357906e+01	2.083503254876447885e-01	4.641360811501930948e-06
1.202940561946674869e+01	2.897290359757912492e-01	4.884156910547930727e-06
1.204118018257559442e+01	3.383133865857726463e-01	5.192577057075336114e-06
1.200354811792484000e+01	1.779040938488621881e-01	8.911969826402911543e-06
1.200833906878297519e+01	2.120226484970844094e-01	4.625258951092724974e-06
1.204757330852642561e+01	3.476888132577560242e-01	5.447265087894448593e-06
1.200292275089626770e+01	1.811449647245113870e-01	4.687659660955663884e-06
1.203614715398661517e+01	3.084401227419665270e-01	5.826138603555642984e-06
1.203604327536801044e+01	3.062589346183657302e-01	7.718957947461326481e-06
1.203278978195125148e+01	3.078499249562626217e-01	4.519952287233492423e-06
1.205391063619330794e+01	3.695296422790738111e-01	5.685649572442591732e-06
1.205302165487433541e+01	3.630410005682375707e-01	4.527102756624313758e-06
1.200877233563563351e+01	2.125675814642263295e-01	9.082901083815507766e-06
1.200456251529081086e+01	1.709187522805613868e-01	4.767498559025391561e-06
1.205718409495493937e+01	3.709534829081621021e-01	4.709290648512859728e-06
1.203760318822544662e+01	3.076151259490841339e-01	4.845131221869564088e-06
1.206917002696831709e+01	4.102556869643394499e-01	0.000000000000000000e+00
1.200354988110637855e+01	1.968472839825667620e-01	5.700548661588090854e-06
1.202499188011361753e+01	2.727081895005481482e-01	5.544437000424036743e-06
1.206210203125552916e+01	3.839315667142048083e-01	4.785773123496684032e-06
1.200703785103780774e+01	2.145862975569539643e-01	4.753565737970112991e-06
1.201586759572556851e+01	2.486452987567698281e-01	4.416024399923531711e-06
1.208008574463917029e+01	4.315251811222355904e-01	0.000000000000000000e+00
1.200033759937488753e+01	1.620341165654285986e-01	1.213044255763901102e-05
1.200580734871519617e+01	2.102736279427417920e-01	4.598486604105584564e-06
1.201440218730615683e+01	2.427653405950593868e-01	4.887643849312287220e-06
1.204439018045182586e+01	3.338720457805206543e-01	4.583366435760827365e-06
1.200833446686376860e+01	2.075080677527815776e-01	5.483158083918020197e-06
1.200454777697225772e+01	2.033741251109121018e-01	2.108588668359188468e-05
1.206705517509596781e+01	4.032822832091521037e-01	0.000000000000000000e+00
1.205627486054860853e+01	3.675751811278520353e-01	4.384221973769290857e-06
1.203016131053896842e+01	2.889063963291533810e-01	5.506078846596247903e-06
1.201877880608929949e+01	2.557922303589938995e-01	8.245424248215025821e-06
1.200687029597198929e+01	2.095949258661897185e-01	5.040425468409373256e-06
1.202714710253474806e+01	2.796529586453788685e-01	4.338383944839161504e-06
1.203654396298755458e+01	3.166420791298658610e-01	4.716488005263357021e-06
1.200847017118447013e+01	2.027579733074310886e-01	5.565133940420416508e-06
1.204393401944809483e+01	3.302446760975196183e-01	5.191328270486916906e-06
1.205868060344803716e+01	3.740525341130080950e-01	5.186459319436705352e-06
1.207481127238590091e+01	4.220050812929982964e-01	0.000000000000000000e+00
1.201422185663544262e+01	2.337676813056030201e-01	9.339162449406209824e-06
1.202898102591368712e+01	2.966363570895694246e-01	4.501242266588494774e-06
1.203036762306007112e+01	2.944826819168097076e-01	4.620582763024737290e-06
1.200198268248283817e+01	1.771815436841687186e-01	5.515789074045932641e-06
1.199553526381946611e+01	1.409384323640177072e-01	6.987025988895958433e-06
1.199748796218127467e+01	1.481576247473059549e-01	4.833629431006897719e-06
1.199697219636821899e+01	1.555814185522005622e-01	4.857697142399273647e-06
1.204392451018030563e+01	3.398269447077075789e-01	5.425999715714138706e-06
1.200408981514698858e+01	1.682174504988708796e-01	5.556608031713722133e-06
1.201315602237501601e+01	2.398006321308061572e-01	1.445325624312656446e-05
1.204901185777675643e+01	3.534527447652145438e-01	4.363335742498980823e-06
1.204000882531309990e+01	3.259885213734375342e-01	4.870670016767201240e-06
1.201177138284271528e+01	2.212079456272735556e-01	4.966841183251984283e-06
1.208577823722797007e+01	4.401268436790903849e-01	0.000000000000000000e+00
1.200396230809759679e+01	1.924150489564012689e-01	1.671513494581010600e-05
1.206432193879593662e+01	3.986689184029540423e-01	1.738169487903141954e-05
1.200439071978184202e+01	1.794916972115000176e-01	6.680944149184005177e-05
1.201959074824300977e+01	2.566385762621825051e-01	4.696923144645775348e-06
1.200585860692753393e+01	2.028367965538672713e-01	5.102394883992348036e-06
1.201041184047304000e+01	2.128092452638557230e-01	1.002657112837810295e-05
1.206709632181109448e+01	4.059927828923545201e-01	0.000000000000000000e+00
1.201543418521919193e+01	2.423379139720509556e-01	5.286191411033333889e-06
1.201224045445577993e+01	2.248923206061259061e-01	4.774637930749702237e-06
1.202806596347485701e+01	2.939743648747571436e-01	5.782341651376491847e-06
1.201116419689083870e+01	2.272055604802795670e-01	1.442527996877866632e-05
1.205807639973993517e+01	3.729694448200770451e-01	1.343380671330737822e-05
1.205159065216735392e+01	3.596262582662549945e-01	6.106045543388512200e-06
1.202625074957249396e+01	2.762060165604488526e-01	5.245539955947459921e-06
1.204325365093157707e+01	3.260408658443271768e-01	4.501559742404707360e-06
1.203509770964570968e+01	3.132132375244421896e-01	7.211914594943851923e-06
1.201385369123478775e+01	2.342427926603322108e-01	4.617485331527244645e-06
1.199282459347153740e+01	1.197614138000723805e-01	4.954398979351652666e-06
1.202280528380926938e+01	2.620024370498935107e-01	6.964442545219275905e-06
1.199917023516325543e+01	1.731867425542202854e-01	5.829776412362154921e-06
1.205041222719875194e+01	3.579009062221033544e-01	4.660375704864331318e-06
1.200414399267678256e+01	1.847058056560407502e-01	5.588813200692698663e-06
1.204678990640108793e+01	3.397883073460229997e-01	6.160726595516125299e-06
1.202350676465900392e+01	2.671456330813826163e-01	4.356337861221738112e-06
1.200661739628433011e+01	2.008330209116055975e-01	4.367006411341732409e-06
1.203254313404609910e+01	3.014965950855998944e-01	4.761479731203490687e-06
1.200339149623920143e+01	1.777757132886901847e-01	4.478938874076012520e-06
1.205856626201865289e+01	3.784636131325201935e-01	1.818010032228971990e-05
1.202622561480403007e+01	2.779960669924847472e-01	5.083892003773217881e-06
1.202279551084463627e+01	2.559328966752452139e-01	7.949756222971458180e-06
1.206460785761982635e+01	3.912731256819815262e-01	9.552004351761136597e-06
1.201658933932115225e+01	2.405672583286911637e-01	5.512868325579563193e-06
1.200017566577742834e+01	1.706082652273652744e-01	1.438528247889847105e-05
1.202732639708948881e+01	2.855206846186207348e-01	4.619368483546261183e-06
1.205705993576341406e+01	3.693563678323097399e-01	4.383422527432711348e-06
1.199991576168993745e+01	1.513097014128295947e-01	4.896494496276570641e-06
1.206674983746154339e+01	3.988641577572803465e-01	4.792489408899909798e-06
1.201269587232883573e+01	2.283880292193616324e-01	8.541595709738626375e-06
1.202338938764828313e+01	2.686243962065592572e-01	4.609313835881471150e-06
1.201309803541773391e+01	2.284536942588125674e-01	4.964509448954283451e-06
1.200279198831783312e+01	1.594048672310675319e-01	6.296682106208797317e-06
1.200578275433174724e+01	1.982433593503243885e-01	1.028678746824926505e-05
1.201108413254611484e+01	2.210108372543528321e-01	5.125423880272528932e-06
1.202598508202991390e+01	2.666436273630827802e-01	4.878663703732578174e-06
1.199832406284609831e+01	1.501065748654006049e-01	5.416425352179760710e-06
1.202600072802275477e+01	2.670970881612269032e-01	4.689056563664404817e-06
1.204215186257425074e+01	3.337462437174270047e-01	5.778283920783679458e-06
1.200234496149579577e+01	1.804327805690288389e-01	2.173136654030649481e-05
1.201499240747490305e+01	2.296313972133492975e-01	5.277811127360179500e-06
1.204377032348948795e+01	3.375905792030678421e-01	4.592483475672976100e-06
1.205555098991922414e+01	3.718789121172290102e-01	4.411202206264964574e-06
1.198934404322747049e+01	8.367048089627970864e-02	0.000000000000000000e+00
1.202542215063104614e+01	2.834256689506934324e-01	4.422196329532711207e-06
1.200226493133708416e+01	1.760805032977523221e-01	4.554959147435681291e-06
1.199992976620161400e+01	1.590881053319325722e-01	5.256386323380547997e-06
1.200680641802727244e+01	1.977552242012692585e-01	4.400049961613106674e-06
1.200428574189194819e+01	1.894850116827277720e-01	3.553657861317695548e-04
1.201210856501019286e+01	2.189991161752573023e-01	4.333510091913389896e-06
1.204679429347860520e+01	3.478242933607090248e-01	4.810769123202410036e-06
1.199635528949496965e+01	1.597788883642222157e-01	6.586411356469723243e-06
1.205129384794311420e+01	3.571963529168007412e-01	5.593883693287528679e-06
1.202624947664220656e+01	2.823785869013349936e-01	5.621709670531782987e-06
1.204779934113065210e+01	3.463923672525600073e-01	4.437239099663044799e-06
1.202402802745424104e+01	2.841773153333592705e-01	8.080537702477660238e-06
1.201017076857213262e+01	2.106429221873863666e-01	4.604537470411365254e-06
1.200766815868182746e+01	1.970841256764122029e-01	5.165361161056995066e-05
1.202389395387212012e+01	2.665461896021439347e-01	7.635934705188429281e-06
1.200833886319708554e+01	2.093569556086134487e-01	6.432505669807192170e-03
1.201423305612994952e+01	2.284582265654169220e-01	9.969500853839458388e-06
1.202277326338647789e+01	2.741389954466767476e-01	5.504115697938058533e-06
1.200851133468615650e+01	2.131068129024845659e-01	4.704697559514361784e-06
1.202823072958402584e+01	2.908523809688006168e-01	4.357729850741381976e-06
1.204924004226724499e+01	3.466635323477110231e-01	4.752962054389204709e-06
1.200757313340280064e+01	2.145828231107613504e-01	4.918889480660393038e-06
1.203109903831437677e+01	3.006609402035936296e-01	4.433448309184727289e-06
1.201629061274088173e+01	2.515923388696917895e-01	4.562952288523518786e-06
1.202765709001463890e+01	2.881133963215206095e-01	4.901589311331198864e-06
1.199097881893931650e+01	8.984863547205203249e-02	0.000000000000000000e+00
1.201942601092405560e+01	2.465733718495876636e-01	8.090882918407661694e-06
1.202033328766103892e+01	2.534393432161108350e-01	4.798822068047408981e-06
1.206118137662579848e+01	3.914973225486415576e-01	4.352748444948050762e-06
1.200613910868406187e+01	1.902307310403888174e-01	1.279924944827436550e-04
1.203101826181777056e+01	3.041776489942733530e-01	4.729666709624998559e-06
1.204544805944236252e+01	3.453790195238238825e-01	5.073205936577780144e-06
1.199736698695255122e+01	1.544644018163360277e-01	5.755297099309734899e-06
1.204379405746048093e+01	3.444203285357178013e-01	4.930069959114274489e-06
1.201661086504211973e+01	2.499383895962056790e-01	5.666714580606413170e-06
1.207617488538785189e+01	4.256038626609350839e-01	0.000000000000000000e+00
1.203758948395802264e+01	3.126725872841289999e-01	2.157055021384745680e-05
1.199016813958455074e+01	1.219971597568736132e-01	8.434157494055162003e-06
1.199268753774289387e+01	1.327085201863998920e-01	1.617446556163232429e-05
1.202712649628285746e+01	2.881988280181114193e-01	6.884402984157417179e-06
1.202737421398807172e+01	2.896602390555471640e-01	4.602494688000781580e-06
1.206163738905589788e+01	3.807111508374994013e-01	5.377042297160689720e-06
1.202192506596702870e+01	2.537779890983553610e-01	8.136860449386686600e-06
1.202875401757517082e+01	2.875676168568890301e-01	4.489062655179854410e-06
1.200945347210613434e+01	2.129049156106574414e-01	6.916537558699372078e-06
1.200645634145226737e+01	1.903285330253539076e-01	1.750661053530305062e-05
1.201170417244260236e+01	2.267697004666022753e-01	4.721954984696289916e-06
1.205558032002602609e+01	3.694265408758887759e-01	6.976354624023395436e-06
1.202698314274566549e+01	2.822781515704976263e-01	5.080633776718063525e-06
1.200278520800086923e+01	1.821729205478700153e-01	6.105832686210362576e-06
1.203637191760240022e+01	3.063323869079846995e-01	5.597633836742797830e-06
1.203664778688325931e+01	3.128201593657429225e-01	5.002965686891546685e-06
1.200536748523116160e+01	1.925464093629433993e-01	5.704298985155394742e-06
1.201027529647734404e+01	2.241777187332739396e-01	7.747029843964863330e-06
1.201708668200564034e+01	2.532885555180173220e-01	4.631468431224340891e-06
1.209076524072496639e+01	4.599622280703424826e-01	0.000000000000000000e+00
1.205681985897486186e+01	3.737117043762258062e-01	4.769547469746726419e-06
1.203369634174488034e+01	2.981660850274999719e-01	4.955425091695070668e-06
1.206112634262681205e+01	3.830801938189979383e-01	4.684118792298193877e-06
1.201683727446466676e+01	2.432973192816242913e-01	5.254403736947634243e-06
1.202662673371657576e+01	2.801468246700139497e-01	7.981277459458995088e-06
1.201015051282998414e+01	2.149456270640643929e-01	6.486004342790087033e-06
1.201709165741463359e+01	2.496778648423618741e-01	4.372705605503621627e-06
1.202887698165685038e+01	2.844574531035795051e-01	5.237118771145519224e-06
1.205035870434816836e+01	3.618787975516987165e-01	4.788759671708670677e-06
1.204817115203483269e+01	3.552089875549624409e-01	5.260181397539574614e-06
1.200196863281408355e+01	1.728683540729701318e-01	4.425686816728895003e-06
1.201626614229141232e+01	2.333412035786467387e-01	4.731324531423641056e-06
1.202268934338221129e+01	2.646918299420699117e-01	4.950985023823409301e-06
1.203295668073939417e+01	3.115044752120936788e-01	5.034587217576230316e-06
1.200491605689293095e+01	1.929716787265662870e-01	4.711180582205474911e-06
1.200341636431449110e+01	1.874048419714532954e-01	5.108343192124738148e-06
1.206556762438126107e+01	3.942813778733523788e-01	4.663020386912122472e-06
1.208024583935311291e+01	4.295879008892964923e-01	0.000000000000000000e+00
1.203026118107165665e+01	2.964885967805755973e-01	5.744274532818240333e-06
1.202780442772231950e+01	2.891839008813078538e-01	4.642928110360464775e-06
1.201528360628179826e+01	2.452090914864438753e-01	5.368373817084102242e-06
1.204854295830050326e+01	3.604590550165172602e-01	4.362413394263798282e-06
1.205271639713731169e+01	3.581842690108508753e-01	7.190013572879222191e-06
1.204962691661975249e+01	3.500243704754405494e-01	4.884897376815196609e-06
1.203784365530567513e+01	3.131088070956734581e-01	6.291041927207816714e-06
1.206426716433304769e+01	3.980926183178884470e-01	4.557281408682526312e-06
1.202741848157914539e+01	2.836168818455347962e-01	4.837354246919748071e-06
1.201931630478065216e+01	2.472615276172300536e-01	4.718654672222122669e-06
1.202203251103283321e+01	2.668669049850223574e-01	4.531604669494753476e-06
1.204210313326371562e+01	3.323395071244615862e-01	5.724869985400458426e-06
1.205044488467446762e+01	3.582626061357920277e-01	4.624160205882628745e-06
1.205840649995040614e+01	3.739460333565485795e-01	5.174488777805145916e-06
1.204213471576433037e+01	3.381651440019282084e-01	5.906698890514935596e-06
1.199900916717268196e+01	1.618694738713256642e-01	4.799859520168577451e-06
1.203789969772729940e+01	3.256488770430857049e-01	4.909318610763151391e-06
1.203087977078815918e+01	2.990960306098218724e-01	4.627723042239618117e-06
1.201384819227317635e+01	2.184642237293362710e-01	4.671928695597761862e-06
1.199766763357488131e+01	1.634852787397914897e-01	7.216576627355623916e-06
1.202029276564415028e+01	2.571790340960138366e-01	4.829288868722601621e-06
1.201970034726835301e+01	2.554362059610403302e-01	7.190501729940757822e-06
1.204147921791754250e+01	3.323355127895565309e-01	4.534219621985063379e-06
1.202168554429382219e+01	2.592626417130802774e-01	1.019332136887415822e-05
1.202746847694887400e+01	2.929012730695902400e-01	6.581711307578252937e-06
1.204835010215758828e+01	3.447286884191006484e-01	4.662847432805477262e-06
1.202185859880546381e+01	2.638095779024449139e-01	5.446658909360768911e-06
1.200610773483896310e+01	1.986871318907520167e-01	5.790876248530723878e-06
1.200358577111054181e+01	1.908881284905455389e-01	1.399216334941991360e-05
1.203032514553733456e+01	2.968399187680583196e-01	4.855499311292924399e-06
1.203851367164732977e+01	3.291059815778484277e-01	5.030685033227702983e-06
1.199814787644345415e+01	1.461646864688375402e-01	5.966746468409412934e-06
1.203972292939254629e+01	3.249836948321001007e-01	4.863626391503888069e-06
1.205797745397377163e+01	3.764051591830913646e-01	6.285540095059998383e-06
1.203453926891682180e+01	3.015227835290748004e-01	1.066715877175794431e-05
1.202436821248113041e+01	2.704990329229420842e-01	5.137429737439630340e-06
1.206440917589392292e+01	4.006598478793402807e-01	0.000000000000000000e+00
1.204847159436562087e+01	3.545286242254269138e-01	5.528838763414596807e-06
1.207218366925604158e+01	4.105357146810896807e-01	0.000000000000000000e+00
1.201881328902448232e+01	2.438412565455489456e-01	7.975643984434245648e-06
1.204887097768301629e+01	3.553573650918438465e-01	5.608117622515737514e-06
1.199534284408140294e+01	1.323824486565122194e-01	5.946139382154967689e-06
1.202890693809088063e+01	2.950338517236739122e-01	4.996003194127290042e-06
1.205302085575713278e+01	3.601561482765564537e-01	4.806960840310467355e-06
1.200034655877282574e+01	1.726525770381868996e-01	6.703524295005897889e-06
1.204733103462184829e+01	3.436577922173689181e-01	5.584318544432636879e-06
1.200202849195578025e+01	1.750352345961657674e-01	4.514763117966187077e-06
1.201192461990108207e+01	2.398964032495649046e-01	4.353649196267844808e-06
1.200998899041667656e+01	2.230371802221718380e-01	4.751990991651966790e-06
1.202092835459287201e+01	2.646495808816528572e-01	4.935387713905389289e-06
1.203005134084357231e+01	2.987289047170397227e-01	4.380233788174721051e-06
1.200130173314633808e+01	1.750889629542760895e-01	4.705293218771458380e-06
1.199975784436965220e+01	1.457116387211913333e-01	4.800256585423332639e-06
1.201548380552314654e+01	2.296792953470895571e-01	5.090324437962966153e-06
1.200133782074278344e+01	1.655667994524066544e-01	4.742232281285145797e-06
1.202392819347219799e+01	2.647049272742995618e-01	4.353145378979031123e-06
1.200476790045868825e+01	1.933082869822484173e-01	4.880602855712461642e-06
1.201394830747843123e+01	2.374131950143799075e-01	5.329452424982592701e-06
1.202708067550843118e+01	2.858797569851729281e-01	5.128449554708557325e-06
1.200263482280001170e+01	1.842228126267531352e-01	7.491373506328259359e-06
1.203146488188448338e+01	2.980386077235888109e-01	7.697196832784269625e-06
1.202640819523340809e+01	2.830735860189545483e-01	7.365373102474128253e-06
1.205704564675673574e+01	3.766245753704747790e-01	4.359273980724518078e-06
1.200338530434229689e+01	1.719396425712861887e-01	3.720361399729221421e-05
1.201457854926795932e+01	2.459824734920671163e-01	4.883261094606713618e-06
1.203736410474943597e+01	3.162181136490267441e-01	4.511732324221365583e-06
1.205189043770589485e+01	3.634288044350265090e-01	1.288350857028921087e-05
1.199996938347029207e+01	1.739347821438016195e-01	5.348172623852678632e-06
1.200849609367392290e+01	2.079732896543108611e-01	4.664622050465007040e-06
1.200600354758029020e+01	1.977944839458126713e-01	2.204141481700678501e-05
1.206948463672587124e+01	4.029465332495180685e-01	0.000000000000000000e+00
1.200626827464660096e+01	1.993333865964055929e-01	4.841194530659860453e-06
1.202432042463212269e+01	2.638647765594472339e-01	5.553952501343256779e-06
1.200703818485972363e+01	1.989426348139195222e-01	1.010369031391946553e-05
1.202181659219599474e+01	2.548213695637761567e-01	4.889484609830649546e-06
1.200178802414823132e+01	1.743407658229202961e-01	1.160900296188273474e-05
1.199833726360808761e+01	1.623220772781860111e-01	5.438509066306967453e-06
1.204035032266124894e+01	3.267107476186705273e-01	6.491975222950499677e-06
1.202709253607902795e+01	2.732655637597755649e-01	4.546678994029737477e-06
1.202436228768057447e+01	2.706095093728028145e-01	4.448344325411291247e-06
1.199976312494362141e+01	1.602875502556555809e-01	5.105131662063977585e-06
1.201878991783248374e+01	2.402081425677322080e-01	2.567215933744575852e-05
1.200954792329714493e+01	2.093041967149693872e-01	5.284082090468067849e-06
1.203595123174156889e+01	3.145761225243136061e-01	2.766023971015820303e-05
1.200903260896485314e+01	2.116962952786750063e-01	7.395950392002154470e-06
1.203124861036240567e+01	2.910162057963482374e-01	4.375282476437411012e-06
1.199957031090271009e+01	1.531067968609895191e-01	5.965963827289577165e-06
1.200319739929789975e+01	1.809167901865353090e-01	5.677569545724554128e-06
1.205743454392382219e+01	3.644829499728569067e-01	3.984568878871539718e-05
1.202008788571350273e+01	2.561706389111814142e-01	1.434729995500531915e-05
1.202728347080448046e+01	2.820694150417031310e-01	4.702256724518016547e-06
1.202068502066546785e+01	2.447035154551221170e-01	4.831656429064196698e-06
1.200921315529065758e+01	2.169177545371395177e-01	4.690447936059870248e-06
1.199409413036439531e+01	1.229270051484487869e-01	5.999271948672587132e-06
1.199262422035429232e+01	1.293008082064665276e-01	5.475106589664926340e-06
1.199623253948163359e+01	1.319794810203405167e-01	4.545579052426954553e-06
1.202213577300430636e+01	2.746172614500752562e-01	4.423984159282595753e-06
1.201062243601363200e+01	2.080174408294700739e-01	4.486046874928552571e-06
1.200460352462979507e+01	1.952771842552816772e-01	6.146447176234498700e-06
1.205423342117249064e+01	3.598662867493082063e-01	4.371298764737651497e-06
1.202608346477707890e+01	2.879058480004614284e-01	6.517781691802456417e-06
1.205650834759006074e+01	3.665450780091408789e-01	6.271628230104550477e-06
1.201692167737186878e+01	2.336262719039866043e-01	6.648011217322567144e-06
1.202842507379998160e+01	2.808912924569870739e-01	5.298553051114863198e-06
1.202723721129295420e+01	2.741861966017512531e-01	1.736275347455910317e-05
1.201629215887306223e+01	2.417981002129429291e-01	5.528938857108306230e-06
1.201234172117212218e+01	2.194440058010602435e-01	5.065650208959866479e-06
1.202062143082469703e+01	2.517692747314532742e-01	8.195226109519508664e-06
1.204512210337015254e+01	3.306129302929383673e-01	4.366004107278484073e-06
1.200625322082457025e+01	1.920303366882136764e-01	5.430714835821725375e-06
1.203719072400895129e+01	3.192946296255342320e-01	6.287660478047074653e-06
1.203587900002928635e+01	3.096948934857734481e-01	7.987625202843299355e-06
1.200621212453903830e+01	1.962773173790789694e-01	4.895369860233507610e-06
1.202882663772073890e+01	2.852733171994142891e-01	5.370325465937007759e-06
1.201148550952803618e+01	2.205292710822214508e-01	7.114377380122588242e-06
1.199435728062373663e+01	1.320879871241470715e-01	5.467438306654395834e-06
1.204490034336348891e+01	3.391410078475867174e-01	4.508923865071169193e-06
1.205894994359477401e+01	3.828294178734761855e-01	6.100736921789181744e-06
1.207755337955070729e+01	4.172438416734140509e-01	0.000000000000000000e+00
1.202984089986170524e+01	2.913767189769761456e-01	8.275748086138360679e-06
1.200527380626528107e+01	1.809139955772807173e-01	1.213393254987449058e-05
1.202516406888499390e+01	2.849601769940624529e-01	4.422255934465165529e-06
1.202527362284785006e+01	2.712075607754439455e-01	5.387766344025855041e-06
1.204095440407745166e+01	3.299857382451039101e-01	1.493281272033747907e-05
1.203343601245250305e+01	3.085223034651450869e-01	2.523305247529581731e-05
1.203269932068238113e+01	3.053389196614015311e-01	5.953163026058357550e-06
1.204518265409526556e+01	3.330507160125953936e-01	1.049437019003655490e-04
1.200480573936350304e+01	1.733990130298697085e-01	7.817824056793618994e-06
1.200226545366546205e+01	1.682666363763591910e-01	4.351028976446356303e-06
1.204926033634370874e+01	3.560519786279474075e-01	5.237952887179767032e-06
1.201820100611006126e+01	2.527502755703272541e-01	5.546174433960591530e-06
1.201719462691019658e+01	2.482861901968706209e-01	4.635475214451686252e-06
1.202496323288115576e+01	2.824649188070379457e-01	5.411919211822614821e-06
1.204928968349777740e+01	3.475946466973743321e-01	1.209703266594216553e-04
1.209051106828831301e+01	4.514729692403189332e-01	0.000000000000000000e+00
1.205398630119458048e+01	3.668856936373656730e-01	4.359706665635986099e-06
1.201284334211318949e+01	2.268222551264668929e-01	4.898615724031883022e-06
1.206272460963092108e+01	3.900529555927606529e-01	5.300611587149068814e-06
1.201794840605239223e+01	2.504454321154734875e-01	5.785560946291747506e-06
1.201809938602419159e+01	2.453607851613718027e-01	1.960715444420325614e-05
1.203357453334936977e+01	3.082276720470216169e-01	6.231398011578592799e-06
1.201369526035321833e+01	2.254116267065583434e-01	5.948213382206842604e-06
1.202602950909074409e+01	2.800248235939467034e-01	1.320087351117879198e-05
1.201141970690859928e+01	2.143491183559284585e-01	1.153055350658085018e-05
1.201832998496809424e+01	2.558332183904002965e-01	5.492401247879149152e-06
1.201949424073186812e+01	2.547380003216735966e-01	4.767456873239159152e-06
1.206060367374982079e+01	3.869167149510675530e-01	5.110691276544184101e-06
1.203782280842159658e+01	3.224348126949798110e-01	4.466508547946306176e-06
1.200214403559171572e+01	1.772007568950079159e-01	6.033611460024962686e-06
1.204503377793202823e+01	3.335915011802052521e-01	4.701718761530252785e-06
1.202381462900564202e+01	2.799049526410691824e-01	6.811633802603557287e-06
1.204377038551273671e+01	3.326076310148827764e-01	1.138384953448365462e-05
1.201192652479140932e+01	2.203406638891222125e-01	1.092676194587869552e-05
1.199499838809533614e+01	1.260214350871659839e-01	1.240315797801990689e-05
1.206698446767816968e+01	3.948830372687504586e-01	4.888660600684322684e-06
1.203013634096894080e+01	2.880311214892311567e-01	5.130115136663292946e-06
1.200438896757704654e+01	1.908181536899350716e-01	4.717322929307512117e-06
1.205807722428551720e+01	3.686995716875554607e-01	6.909227035836717549e-06
1.205665885648608793e+01	3.701874688763325816e-01	4.834411325757953177e-06
1.204730461803121422e+01	3.549371063428313766e-01	4.742817712372429819e-06
1.200504685197693533e+01	1.926992426312289508e-01	6.415119433762246089e-06
1.201294560339564299e+01	2.402474997351356778e-01	4.747744157073128027e-06
1.202346536983756309e+01	2.751310587454786627e-01	4.343229947039512903e-06
1.203822605054616801e+01	3.201546158157766997e-01	5.324706653120804178e-06
1.200368207557502664e+01	1.568349749124640646e-01	4.686201839758021347e-06
1.203118221508982799e+01	2.975514979915439007e-01	4.674805885891484996e-06
1.203509011304639387e+01	3.050544955228647881e-01	5.061075241107298741e-06
1.205023641103166199e+01	3.538980041132115950e-01	7.323403247172740165e-06
1.201316344704164152e+01	2.197591597238696681e-01	8.641921781343695825e-06
1.200970296119997016e+01	2.114881369302360481e-01	6.094786837533759583e-06
1.201715788072063518e+01	2.607832555419582476e-01	4.540373397316533386e-06
1.201612987632800156e+01	2.452425057430845656e-01	4.525863104519936073e-06
1.202990266212616177e+01	2.884234776619510887e-01	5.092022914730760332e-06
1.203833145612089517e+01	3.145653730187238928e-01	6.117124972646695900e-06
1.199414300747568518e+01	1.314967318212232339e-01	4.402618813655185439e-06
1.205402014547547473e+01	3.620225562415654297e-01	6.136851452515446790e-06
1.203635263644078357e+01	3.122751221541533173e-01	5.297218505132589005e-06
1.200218776119615249e+01	1.884163527791145876e-01	4.350686830591476746e-06
1.205246269295062866e+01	3.635078183969474575e-01	5.505099784265104464e-06
1.204170327957134390e+01	3.275169452845606011e-01	9.138942045083721393e-06
1.205898821885299554e+01	3.795652260035548009e-01	4.455439523619187915e-06
1.206176184342542967e+01	3.827403391347758421e-01	6.326497207435554550e-06
1.206338235752890320e+01	3.903394683375366880e-01	5.667967345995362188e-06
1.202447641288329017e+01	2.714996220093919277e-01	4.711030261334891264e-06
1.203979289132827191e+01	3.233632949574505311e-01	6.250510390184084310e-06
1.202654296433900960e+01	2.832580559258899289e-01	5.277675199697733884e-06
1.200546891748304468e+01	2.015824951004986376e-01	5.366373711845332293e-05
1.200482191754839967e+01	1.789465332913713902e-01	4.482430523359663247e-06
1.200248061052137949e+01	1.526675558757878415e-01	4.708768786994902646e-06
1.198914722341151773e+01	8.961493620066106336e-02	0.000000000000000000e+00
1.200477556251317068e+01	1.960251748645747694e-01	4.471009201621154537e-06
1.207601482585070585e+01	4.188643976882142628e-01	0.000000000000000000e+00
1.203192286449051984e+01	2.963422830467512537e-01	5.431328428466767867e-06
1.200363212642589517e+01	1.823764513619367533e-01	1.467564828963444280e-05
1.204797603382942484e+01	3.412212758206000784e-01	4.863121333021929112e-06
1.206812643430921383e+01	4.091506871386421107e-01	0.000000000000000000e+00
1.202613496976096563e+01	2.718692162098611531e-01	6.595062367743935630e-06
1.202980667566114548e+01	3.013240932433040031e-01	4.640506238076242123e-06
1.208234384835895625e+01	4.368729745548838306e-01	0.000000000000000000e+00
1.205612833855068899e+01	3.681809224368591815e-01	4.400887818194981203e-06
1.202326406760816191e+01	2.674795191940674832e-01	5.463802119864709525e-06
1.202010511626147604e+01	2.601868268654035643e-01	9.842539807804030226e-06
1.200683850943982378e+01	2.063936267546906955e-01	4.628936946713803806e-06
1.205111703477378526e+01	3.558118670872436051e-01	5.838433420349623412e-06
1.202624401338871074e+01	2.811581009657758701e-01	5.233522512219751986e-06
1.204543590221620697e+01	3.434742456413790723e-01	5.081545098326443404e-06
1.199137194787253158e+01	1.020366079961042005e-01	5.049178416329745193e-06
1.205843362264050356e+01	3.836284300792665025e-01	1.002219989048644485e-05
1.200845149342213780e+01	2.082076907291116330e-01	4.369016914583259434e-06
1.199802217009991168e+01	1.457277626007655869e-01	4.746152550708701043e-06
1.201170796155801490e+01	2.239862029209600536e-01	4.819672606980769009e-06
1.202731770875204553e+01	2.761061170691964661e-01	1.009910032433920823e-05
1.201351638285912671e+01	2.324985882094977030e-01	8.156059555635069376e-06
1.201215063932770910e+01	2.198516905799060561e-01	4.960260488116069347e-06
1.201220193793638558e+01	2.214685567341183603e-01	5.522283963805134466e-06
1.200624103179564806e+01	2.004783539853842167e-01	4.721331721637712671e-06
1.200569014580497296e+01	1.973096510770856460e-01	4.992084475108962039e-06
1.202687975985013580e+01	2.837260022161324780e-01	2.048351276352520646e-05
1.199515802831921896e+01	1.177329871314098525e-01	4.509146494846137681e-06
1.206333497868030591e+01	3.900234444679878121e-01	4.403591842810118741e-06
1.204399668351589803e+01	3.343195649380765189e-01	5.190658704435739408e-06
1.201634566924200875e+01	2.339920723806886149e-01	4.564070310598372170e-06
1.201484995133221467e+01	2.367587258529802452e-01	5.190440121746971732e-06
1.200856112709556101e+01	2.020622408373264900e-01	4.448448155271208016e-06
1.201831084954827844e+01	2.395147293810172273e-01	9.234679492735490151e-06
1.201775302487872032e+01	2.422166951959354997e-01	5.089798743993685851e-06
1.203719374452221835e+01	3.139466603007786127e-01	5.246238121582212714e-06
1.199406407703853716e+01	1.191011328661219226e-01	7.265437497425384076e-06
1.199747529393885159e+01	1.463944844319625682e-01	4.959417450110208188e-06
1.205646457851582731e+01	3.804807964178579249e-01	4.842228696661054903e-06
1.204879627387850860e+01	3.554555319022989490e-01	7.385981177342481574e-06
1.203394875320796231e+01	3.003739126979342311e-01	5.378738710962741757e-06
1.206380060509741803e+01	3.922110801018824366e-01	4.915163082214946983e-06
1.202071782615421824e+01	2.544972448825134625e-01	4.839170408252452656e-06
1.202918828453285904e+01	2.854197752001764732e-01	6.751004425838302253e-06
1.202214458520191442e+01	2.683535671306346293e-01	4.519567748360970079e-06
1.201477229304376237e+01	2.309431250915534861e-01	5.483896604917223272e-06
1.201532442374736576e+01	2.328465218367620215e-01	6.217441615049154006e-06
1.207283790874040896e+01	4.215233389567948907e-01	0.000000000000000000e+00
1.203557425806455150e+01	3.060588019956422823e-01	4.932575132057853202e-06
1.199481311153069107e+01	1.486133308336704817e-01	4.434310905254862163e-06
1.205237274269109626e+01	3.628280803039053426e-01	1.862661083574849942e-05
1.202468648064799162e+01	2.706153442462769232e-01	6.207267124135055610e-06
1.203775921461943987e+01	3.242374559421669633e-01	4.568635209484198659e-06
1.201170449997591660e+01	2.259020820972288679e-01	1.165210526033823616e-05
1.201225227485537239e+01	2.243178182903158291e-01	4.831140879282423608e-06
1.203858380718109622e+01	3.189415815254604269e-01	2.503563565800305104e-05
1.200721767491685199e+01	1.938207411809439451e-01	5.158896767792371036e-06
1.204659060210582666e+01	3.439702447775472294e-01	4.914449998614819933e-06
1.206210345402305784e+01	3.791463828768097399e-01	8.131154791529907389e-06
1.201553952147252780e+01	2.426568321984182430e-01	4.563638322074254841e-06
1.199587324208330052e+01	1.316560536807228343e-01	4.624491640239032380e-06
1.205655292305122828e+01	3.695712625547085683e-01	4.337705934138967319e-06
1.201153636983917572e+01	2.150608929253506885e-01	5.062071459694896628e-06
1.201172187168786820e+01	2.321712279414836211e-01	7.204816550645866153e-06
1.200629374602167942e+01	2.001164415201337476e-01	5.129225224453857165e-06
1.204276122676444771e+01	3.311127367082780659e-01	9.992303768333866650e-06
1.201299765683423892e+01	2.362727270795350332e-01	4.393789882591566653e-06
1.201622094594714518e+01	2.463941516788837327e-01	4.512493135139078336e-06
1.200854968133259604e+01	2.154508083276124863e-01	6.911840904992192141e-06
1.201476172942751397e+01	2.429909247359043900e-01	5.917008138624031974e-06
1.203044158938957686e+01	3.011599955799897366e-01	4.332574630125068978e-06
1.202124512783404064e+01	2.612072362484355037e-01	5.386181457060921320e-06
1.208113292264355998e+01	4.296300830224927259e-01	0.000000000000000000e+00
1.204119395587401264e+01	3.240069300472796510e-01	1.360985675948671542e-04
1.200934628677068616e+01	2.232790445489599707e-01	5.985612820974813208e-06
1.200375706636518025e+01	1.835493392407720192e-01	6.388016579956840367e-06
1.203758240627039200e+01	3.138560161554844741e-01	5.473205908776764158e-06
1.201104624328869264e+01	2.190197911154310451e-01	4.553095240139649652e-06
1.204319424112552461e+01	3.414001908552107278e-01	6.371740232295593912e-06
1.206238739768643953e+01	3.950242885956683492e-01	4.382684700985934032e-06
1.203623697412614924e+01	3.104904779307767204e-01	5.867589834578595204e-06
1.202079660839638819e+01	2.536102667699067226e-01	6.503727597969162535e-06
1.202421462623187232e+01	2.662058211161183463e-01	4.824201167364868770e-06
1.206259949301625412e+01	3.899402658719873793e-01	4.415828035634512680e-06
1.203261054137935737e+01	2.991083460932435489e-01	4.468804608642294158e-06
1.200682981023535767e+01	1.939823965030511577e-01	8.571248052247190915e-06
1.205044707565625117e+01	3.550728775029206585e-01	5.286913993775381144e-06
1.203786782126360855e+01	3.163107271948747967e-01	4.553868426555087115e-06
1.202209835641133218e+01	2.649667995968373879e-01	4.965747086336368295e-06
1.202419278301350225e+01	2.777561746267683818e-01	7.404301713684439211e-06
1.200742950310939072e+01	2.157500286800978495e-01	4.696546779028205751e-05
1.206878759243461730e+01	4.020221709833606827e-01	0.000000000000000000e+00
1.199765214024454707e+01	1.631530978892848927e-01	4.659880244991205545e-06
1.207476630489124325e+01	4.227890895138167182e-01	0.000000000000000000e+00
1.200594438044613632e+01	2.050298839889253821e-01	4.870566807104127436e-06
1.203522967719470138e+01	3.153977596696204699e-01	3.101329581762920444e-05
1.203743384794716498e+01	3.185428167359571905e-01	1.020098597192276137e-05
1.202690118103798156e+01	2.794191551090189907e-01	4.394722438522996163e-06
1.203614635755699602e+01	3.165485833401504023e-01	7.653907771676571827e-06
1.203400847826129372e+01	3.099420914494973034e-01	4.663848297713761947e-06
1.199521293090491447e+01	1.361526091896513579e-01	6.479263438793442538e-06
1.200367458857908076e+01	1.895330311022103698e-01	1.137442808888453293e-05
1.201352256065452551e+01	2.350218141103448954e-01	5.042469003667918412e-06
1.201141067737513346e+01	2.254886718902065768e-01	7.186382110887176417e-06
1.199706667204341670e+01	1.618952568685403104e-01	6.558328704319016643e-06
1.202807307384786206e+01	2.843392363132200007e-01	4.547060424965372407e-06
1.199419310802041849e+01	1.376076778131886669e-01	5.044064225907327132e-06
1.206192225528284467e+01	3.889233763350616879e-01	1.449274103495294483e-05
1.202122580422035369e+01	2.661701495167457243e-01	5.140040724377436869e-06
1.204392443377795985e+01	3.327842480297434902e-01	5.375407250380673614e-06
1.202428430897314016e+01	2.825132076770497935e-01	8.271253402071033264e-05
1.201689357397585844e+01	2.503920059807418497e-01	4.343335233066700244e-06
1.200862304169308103e+01	2.067754275380896123e-01	5.203877297023115076e-06
1.208131809584768668e+01	4.326707297367029526e-01	0.000000000000000000e+00
1.200416767567848808e+01	1.862034749843979875e-01	8.633867616603565066e-06
1.201704161815247396e+01	2.497845969900588936e-01	5.498501244927210355e-06
1.201586172102373418e+01	2.285116152922326560e-01	1.107867506214946307e-05
1.204323498931990422e+01	3.287914523369326880e-01	6.913194073838321357e-06
1.203088171140742269e+01	2.935014338083033469e-01	4.524403144991532332e-06
1.199507319264145622e+01	1.447358881678637577e-01	4.840629478347306664e-06
1.205087575401806710e+01	3.651176840421553882e-01	4.717131302454082034e-06
1.204690982594681614e+01	3.447343858172300379e-01	2.369239854225630831e-05
1.202968511572232835e+01	2.957828461202276493e-01	6.309591822733172633e-05
1.202726291214323417e+01	2.834239828570409014e-01	5.174865147597627577e-06
1.201311541844716402e+01	2.252400189422862908e-01	5.492964249966812705e-06
1.202390002014905868e+01	2.687471815343126513e-01	1.255881597797770702e-05
1.199609436479482660e+01	1.512397296508216082e-01	7.385655397802577435e-06
1.201137475226843065e+01	2.208396148163485062e-01	4.613561164799026840e-06
1.200990142129493599e+01	2.191561353625067488e-01	4.348856524977506762e-06
1.205378673218256047e+01	3.599501256281280037e-01	4.489854154564037884e-06
1.206377826656858510e+01	3.891788047587964039e-01	2.827334220944501089e-05
1.202133055727853339e+01	2.705149761489435978e-01	4.860133464393710771e-06
1.204466837704046078e+01	3.471245111423216789e-01	9.865787090592913766e-06
1.201628389361897398e+01	2.505959506587787100e-01	4.840829540314937328e-06
1.199921618378765409e+01	1.543760424788201413e-01	4.447719077305712249e-06
1.201414057513131617e+01	2.208982202576403042e-01	5.999104216100444475e-06
1.204718906672927048e+01	3.498298438186046577e-01	6.680338198842586961e-06
1.204616405709239935e+01	3.367175180425520664e-01	9.990627342156383438e-06
1.206140808345173632e+01	3.872011792872528946e-01	4.691303508403687327e-06
1.200781221307704705e+01	2.004412115239061487e-01	4.537022298639238113e-06
1.202008327208484850e+01	2.519505612062831745e-01	8.886120013782375533e-06
1.201555705799585994e+01	2.398722079451371114e-01	4.945533069766614703e-06
1.202407064038314566e+01	2.715242343827117821e-01	4.555077884681905194e-06
1.206282526753984996e+01	3.950414448183175997e-01	4.449306095390984153e-06
1.203881504851018569e+01	3.190520093287138037e-01	6.318188516193534341e-05
1.201636035621891807e+01	2.387004092353973428e-01	4.483082456915032966e-06
1.205975054603578478e+01	3.782377873693184012e-01	5.143648783543079208e-06
1.205810058952174835e+01	3.755579292091213439e-01	4.583076814082599442e-06
1.200172781907006403e+01	1.713107541162336434e-01	4.720392723728397211e-06
1.202327249738195114e+01	2.786550218641626886e-01	5.333916510734329966e-06
1.201410955453979135e+01	2.311607383843469476e-01	4.499878835131630919e-06
1.200559227557577024e+01	2.022570153165220708e-01	5.716438382762192136e-06
1.200112777081627868e+01	1.760518300396771429e-01	4.586095196051489395e-06
1.203746763940011277e+01	3.140232909136275730e-01	4.420305318565244432e-06
1.201706686474746633e+01	2.443315712375022930e-01	4.771662374986109486e-06
1.203368397252605959e+01	3.070037114584845961e-01	1.426510839493818361e-05
1.207067721582908604e+01	4.088757606006146461e-01	0.000000000000000000e+00
1.202457430188205123e+01	2.702559563184736557e-01	8.487600062429927951e-06
1.200952693808780758e+01	2.102847472749438118e-01	6.875803062263699757e-06
1.200946828327332661e+01	2.149492366117205788e-01	1.002168462857163950e-04
1.203638818608023264e+01	3.111943811099016632e-01	4.644466102052381602e-06
1.200132481286773256e+01	1.785616237914716964e-01	4.562936949307467095e-06
1.199895847631490575e+01	1.574525778184753255e-01	5.672134266741586530e-06
1.205291406933516996e+01	3.648952222408726742e-01	4.332186961282455237e-06
1.202846526032909047e+01	2.905212914263342605e-01	6.421093355111889619e-06
1.201299651609402197e+01	2.242128419097551562e-01	5.054537888534809679e-06
1.199719089262923788e+01	1.424621626174031874e-01	4.873936872998864413e-06
1.200827928295046476e+01	2.199826155564637842e-01	7.554529660033367872e-06
1.202503780594907212e+01	2.748818206070797743e-01	4.728747055145030939e-06
1.201790751089002285e+01	2.465909789635905569e-01	5.099287217507853148e-06
1.204283166693933183e+01	3.312399243919400549e-01	1.295672613244640193e-05
1.202230323198222095e+01	2.675938384122387159e-01	5.741243571854040405e-06
1.206876464054266229e+01	3.971586086778258196e-01	9.189287943788365158e-06
1.201366455290162882e+01	2.302678062385200564e-01	5.625199172600521702e-06
1.205416137737491766e+01	3.644385939117771867e-01	5.260204953555212011e-06
1.206560487739318965e+01	3.990260741165836400e-01	4.493862767073535601e-06
1.199804103651708864e+01	1.605606350546394112e-01	1.523747036339113988e-05
1.202030158612799760e+01	2.549861043487764434e-01	4.400750200074594857e-06
1.200489429673560515e+01	1.789674370972162698e-01	6.038312896670986936e-06
1.201905194769846830e+01	2.489074525206352584e-01	7.154140685810683296e-06
1.200234996375027130e+01	1.853378901210548657e-01	4.768112300038307353e-06
1.200206672753864190e+01	1.578846192573777896e-01	5.820966922886155615e-06
1.208123498664974882e+01	4.366261756621015455e-01	0.000000000000000000e+00
1.203328116168097850e+01	3.060420592921096472e-01	4.747309621703644158e-06
1.205380732271194333e+01	3.686586658244079273e-01	1.244264471062288587e-05
1.204892984257166866e+01	3.534288654764454751e-01	4.680837952609430637e-06
1.204619844890916802e+01	3.417532045738275182e-01	5.787035988830965926e-06
1.202849126522697709e+01	2.943195215758902528e-01	5.527351594332203957e-06
1.203612127967499745e+01	3.214682995332492910e-01	4.822584721497150902e-06
1.204296931425876416e+01	3.332752291314540760e-01	4.984007298905070855e-06
1.201249081603743285e+01	2.364613099134045826e-01	4.419483659837873885e-06
1.207493011954113804e+01	4.268818663649573963e-01	0.000000000000000000e+00
1.204404121891982271e+01	3.370814237121020351e-01	4.879186664046287518e-06
1.202410222883694857e+01	2.828822968292046824e-01	4.553781575906009416e-06
1.200599098606131143e+01	1.902302906212682831e-01	4.486387437696535522e-06
1.206753879484872272e+01	4.051966952006434974e-01	0.000000000000000000e+00
1.205978880403236886e+01	3.714339980453273959e-01	5.895733532067219927e-06
1.201905172397299815e+01	2.597262001489798466e-01	5.024463047793221178e-06
1.200199595503807082e+01	1.651722584477999800e-01	6.501060034528933931e-06
1.205483670903633708e+01	3.627928270483254947e-01	5.205412403390039566e-06
1.202777462938544595e+01	2.891914204311844538e-01	4.460165140968785729e-06
1.200404191396352971e+01	1.941510316794373692e-01	6.886713350518940664e-06
1.203303059205475378e+01	3.073225519571393116e-01	9.327960954267617937e-05
1.204728693939731698e+01	3.438926357875840001e-01	6.580522305094038289e-06
1.205499947337037980e+01	3.764135201440729772e-01	1.339748435631683993e-05
1.204987884532880216e+01	3.576185971573980771e-01	4.543332258784592324e-06
1.200703433524676100e+01	1.861801950954989071e-01	4.684404754286056240e-06
1.200457097188365907e+01	1.859721746357481942e-01	6.572031481232813874e-06
1.203272328769567245e+01	2.939747340657725694e-01	4.580206732179326259e-06
1.203924377605589413e+01	3.250971440586965522e-01	5.518181436328375144e-06
1.202588728132220020e+01	2.786961730936682313e-01	5.831769021949791567e-06
1.200838966271081176e+01	2.083543429452612006e-01	5.433770531268107426e-06
1.205453616938763695e+01	3.771110063188907180e-01	5.196532681408042449e-05
1.204748252317909873e+01	3.445004261293396208e-01	4.436418010090295722e-06
1.203545509672074942e+01	3.156045755311052137e-01	5.080609914270403697e-06
1.204549637183933974e+01	3.445269669795613665e-01	2.061231707200435892e-05
1.201024605409297230e+01	2.039593664902737691e-01	5.044021232666956549e-06
1.206020423085813675e+01	3.853012178611667782e-01	4.631319980220828856e-05
1.207504016922765544e+01	4.167504995592432593e-01	0.000000000000000000e+00
1.202710676976408344e+01	2.807509350063400189e-01	4.798818398024284162e-06
1.202516100880217742e+01	2.824172432104224972e-01	1.087787161807585416e-05
1.202645119849926481e+01	2.731182473194146976e-01	4.931491097361558050e-06
1.201058447485358727e+01	2.096722898578813055e-01	1.129082552150322746e-05
1.201056994942248402e+01	2.304785889892119743e-01	5.173676800279818845e-06
1.199112300115244700e+01	1.051481537751469686e-01	7.809921880588213699e-06
1.202127642792603623e+01	2.569791629388496479e-01	4.811307160835455412e-06
1.204056552686027359e+01	3.241989882880118579e-01	7.010248724662517362e-06
1.206452068778752107e+01	3.973765278293863723e-01	5.444815116941209603e-06
1.200972802677390305e+01	2.229254426935218525e-01	4.668611776820275194e-06
1.201599105308342530e+01	2.390204392100726549e-01	4.682132260344990753e-06
1.204150558911016766e+01	3.269412915889017279e-01	1.043426854080576297e-05
1.203547439827070953e+01	3.066488200594428282e-01	8.760994923044282843e-06
1.203465137594835710e+01	3.064205343623221389e-01	7.108347021532217464e-06
1.203800272223826795e+01	3.182375796178233407e-01	1.147860728442505579e-05
1.200302586089254575e+01	1.697376634809746598e-01	5.164336601075102962e-06
1.201428107040468163e+01	2.301748101269044666e-01	4.350387073920052167e-06
1.201685506390877833e+01	2.398814192916845500e-01	5.012537692237808533e-06
1.201649272705808258e+01	2.471717630096177953e-01	4.365618615093675541e-06
1.200621577671890350e+01	1.926907200632896888e-01	9.847983348334310072e-06
1.204137071454260344e+01	3.233912584780426203e-01	5.604235650525223106e-06
1.206100855193210286e+01	3.845477633826832609e-01	4.486099846983443150e-06
1.203664648584100938e+01	3.223926609526089337e-01	6.051966486351080346e-06
1.200088823001067873e+01	1.712111360639614333e-01	5.834840539486925583e-06
1.201829337679514431e+01	2.395502918918260837e-01	5.698424463316935858e-06
1.202141250895115476e+01	2.700053718135969061e-01	4.540929927521504466e-06
1.200687143608643126e+01	1.952205398896178501e-01	4.496018131267540059e-06
1.204876072514356622e+01	3.505171730837332023e-01	5.564779930873125270e-06
1.200332259151587699e+01	1.635428433567762130e-01	5.114610427487463164e-06
1.204050885907620483e+01	3.181760948835979930e-01	4.866253405524192016e-06
1.199578653656890559e+01	1.529492416367636276e-01	4.927378118226749942e-06
1.198924901939139964e+01	1.089895040067880017e-01	4.462645767323355627e-06
1.199000871080727926e+01	1.040301542729680229e-01	7.692012131760079366e-06
1.201849837655868569e+01	2.456977419573005417e-01	4.427119718516999360e-06
1.204820526775787215e+01	3.447230967647090250e-01	1.310277141471157290e-05
1.200946391317561535e+01	2.054817552336130337e-01	5.413770711200789057e-06
1.207190485534619029e+01	4.126529406824770985e-01	0.000000000000000000e+00
1.200714312397806438e+01	1.931559177147170181e-01	5.219627873716585388e-06
1.208478804150851360e+01	4.352821738560587184e-01	0.000000000000000000e+00
1.201857833864070280e+01	2.514444927236257343e-01	5.269084173573361003e-06
1.204467070000958273e+01	3.407589518367515335e-01	5.804408607241126831e-06
1.203587918077924357e+01	3.196061118365042808e-01	2.709601165969560834e-05
1.205315243357370214e+01	3.623160874454256497e-01	1.759171109387335581e-04
1.206667492975599387e+01	4.028532850344317406e-01	0.000000000000000000e+00
1.203790004539369107e+01	3.249907766028322653e-01	4.470363582989935703e-06
1.206230832234886741e+01	3.847911610068384669e-01	8.234391080721967823e-06
1.199533276148110339e+01	1.514191636500115401e-01	5.066071768155553103e-06
1.199650922749046167e+01	1.218777072111967147e-01	7.426080273739656962e-06
1.201631451817299201e+01	2.361126951535400809e-01	5.529644437354955625e-06
1.202898954474078153e+01	2.931819828528016703e-01	4.846541453643895404e-06
1.203925231508277705e+01	3.258620752915685204e-01	4.847304578440460135e-06
1.199984576408868442e+01	1.584441630986705984e-01	5.333267692196174892e-06
1.200733927114471911e+01	2.100983424434214042e-01	6.453500783658148947e-06
1.205042696652900602e+01	3.562989811813296326e-01	4.942217336361890676e-06
1.202676042503582465e+01	2.854436657949989686e-01	4.429345036303363566e-06
1.204587978177026208e+01	3.395902752644276990e-01	1.035359536442452442e-05
1.202646957770885905e+01	2.852144329238293641e-01	4.562220693053958240e-06
1.203131144217949355e+01	3.011573020289001756e-01	5.443637482394001694e-06
1.208581972102366819e+01	4.449252010139809754e-01	0.000000000000000000e+00
1.204082617779393161e+01	3.308987882204039166e-01	5.074797369473548359e-06
1.202768616574279115e+01	2.876492957293010355e-01	1.479921382510280593e-04
1.202087000892472446e+01	2.529574489051535924e-01	9.588985520205372455e-06
1.201253167693343649e+01	2.321414364128451813e-01	4.423558704560515163e-06
1.204716604527711965e+01	3.455945208063792573e-01	4.478815654436551077e-06
1.201872047915282771e+01	2.546177709044319393e-01	3.290594801680552412e-05
1.204838395472345169e+01	3.436302166843844819e-01	6.144388961374083704e-06
1.201546852917340047e+01	2.425760494872388484e-01	6.978653091247858755e-06
1.202537379634304138e+01	2.742382033296523192e-01	4.810925928825325186e-06
1.200985834099505745e+01	2.091295026577810190e-01	4.864697085302433642e-06
1.203429868435312144e+01	3.137146275739356449e-01	4.443547931310083742e-06
1.200337922972733473e+01	1.989985519839019557e-01	5.246637754417410459e-06
1.202803534420983489e+01	2.916528476187144614e-01	1.301172279802983269e-05
1.200447873264623233e+01	1.896339135156527855e-01	8.634888062280724727e-06
1.202561917699550698e+01	2.752902320748481513e-01	4.875420986552980848e-06
1.202955668312863047e+01	2.806755792182270559e-01	4.901988106484250941e-06
1.203835292658835066e+01	3.134956544432291881e-01	6.582574523980143643e-06
1.200935072733688891e+01	2.206647522957368712e-01	4.783041478016449904e-06
1.204346134694905857e+01	3.339336125216749163e-01	6.699734881246131043e-06
1.200483818808505987e+01	1.959471890602445532e-01	5.700954014021701382e-06
1.206354717470080828e+01	3.925795957267469438e-01	9.236929603620603620e-06
1.201376506813899425e+01	2.409552931872898096e-01	2.557557523048032921e-05
1.202086885633365654e+01	2.524276721205909180e-01	7.704616371569240112e-06
1.202914244978215486e+01	2.947384456739771119e-01	6.904682138246545395e-06
1.200221827997353508e+01	1.870663886101236739e-01	4.754160689262229714e-06
1.200568703531926573e+01	1.743258784843273734e-01	7.847054093950860582e-06
1.204595298865375952e+01	3.429780568560614751e-01	1.390438931764889872e-05
1.204948504093366601e+01	3.530480441284208903e-01	7.741525783211722185e-06
1.202225999437864523e+01	2.662168436966953489e-01	7.732056449457436691e-06
1.199974408665305781e+01	1.598827392145477921e-01	6.358615644053043730e-06
1.205437269265516953e+01	3.739058402051445573e-01	5.559695665311818397e-06
1.200476759119960946e+01	1.850120942302641847e-01	4.837288869276346623e-06
1.203478914374679931e+01	3.084981128411017903e-01	4.532288360113576022e-06
1.200169657886668340e+01	1.590805842080568744e-01	1.094678563502990496e-05
1.202421239491674143e+01	2.665030887324563169e-01	9.904111486895460489e-06
1.201377441347038477e+01	2.178810282605609661e-01	2.729786302371729566e-05
1.206439287414289652e+01	3.990625398794572232e-01	5.918293256350117512e-06
1.201120687349890659e+01	2.234905962936923340e-01	5.371491480567885359e-06
1.205551312153249732e+01	3.745354666614646999e-01	4.833418193160386107e-06
1.200932377139218765e+01	2.054755683854411208e-01	4.472271353328410868e-06
1.202738301939190357e+01	2.901715710637883805e-01	4.969769760667892932e-06
1.204583276176101236e+01	3.423230695441083493e-01	4.610859643994474713e-06
1.204399729206198444e+01	3.344213873438271478e-01	4.416035812082653096e-06
1.204146236090811506e+01	3.412913131099098440e-01	4.937231270137813175e-06
1.208201031319154772e+01	4.312277822144907624e-01	0.000000000000000000e+00
1.202717561271032132e+01	2.800017323268764180e-01	5.463041304937496013e-06
1.202411494744986342e+01	2.747673043573771179e-01	4.383233301805390490e-06
1.205061257617287040e+01	3.670197888186657043e-01	4.356862453587490845e-06
1.205088524850354048e+01	3.559655899797262157e-01	5.972306356038165774e-06
1.203710484992786078e+01	3.152142624029424800e-01	1.446782264418426797e-05
1.201927003340731126e+01	2.409318704952351786e-01	4.556109385718357570e-06
1.203212886691498085e+01	3.024001778492222403e-01	5.666981360510480598e-05
1.201492293096270814e+01	2.433856998094762747e-01	4.599659318540945101e-06
1.200754903845555610e+01	2.064021101420052129e-01	4.592302350012833723e-06
1.200698777669939155e+01	2.018319407167704083e-01	1.675876299002971239e-05
1.199880555797573756e+01	1.532559137222894163e-01	4.493220903838433594e-06
1.206328338159716651e+01	3.900198234072604908e-01	5.365488364014107604e-06
1.203535304301072273e+01	3.094823357345249937e-01	5.188987896617226056e-06
1.203328571621439025e+01	3.021834522676808410e-01	7.633287224998011982e-06
1.204682382096665805e+01	3.526320207444737509e-01	4.760275297724670190e-06
1.200776644310979968e+01	2.044820129734465364e-01	5.739698950719729905e-06
1.201467473228539440e+01	2.471127921863594534e-01	8.903272431772264926e-06
1.201381203895060779e+01	2.199759392239647449e-01	5.043156706137359652e-06
1.203204712920903319e+01	3.102597119213844623e-01	4.975489328316632229e-06
1.200928888358433611e+01	2.268512638898321221e-01	4.784338819833205534e-06
1.203698359891247804e+01	3.147285030798169236e-01	5.400296792592967108e-06
1.201240642605024078e+01	2.123190356279016644e-01	4.645435075406115764e-06
1.204785797210580789e+01	3.468206975352183807e-01	7.211069217846791453e-06
1.200453536217283101e+01	1.842808752532139327e-01	7.037889036136106788e-06
1.200515186387345068e+01	1.995355209965073429e-01	6.481155660128140390e-06
1.200069341583032845e+01	1.538914372014087151e-01	4.726961513431666048e-06
1.202218243747812032e+01	2.635875860578701935e-01	7.206387846183825955e-06
1.201243274305807773e+01	2.186044512690420993e-01	5.403855884501471988e-06
1.203003611233599202e+01	2.976220727226758789e-01	4.528435308213478868e-06
1.204010971728708235e+01	3.184072684509530182e-01	5.602358847204880581e-06
1.204597146800149687e+01	3.406787323748960428e-01	5.965700065945918996e-06
1.200489302281736137e+01	1.848262616958264715e-01	5.043638792038669155e-06
1.202145465943589464e+01	2.567628008072059820e-01	6.109419203238378573e-06
1.200021998604545814e+01	1.773782685936082792e-01	4.363008951433987869e-06
1.199720299123372236e+01	1.510168564710697714e-01	4.979541808869450912e-06
1.200765787441936894e+01	1.993835432456547152e-01	4.847734056664316143e-06
1.202858456922541208e+01	2.886337164132468103e-01	4.755491331166444978e-06
1.203975861056422936e+01	3.158723664053767477e-01	1.287413173387815541e-05
1.204242372619237145e+01	3.344797901021067665e-01	1.374967649948221101e-05
1.201631644263328802e+01	2.395255205987984748e-01	6.275094559115396934e-06
1.202065410799527712e+01	2.611864413268676355e-01	8.486780573140144504e-06
1.206571913575547050e+01	3.984277751062734740e-01	4.379762261261961225e-06
1.200369596342481238e+01	1.805220949866357116e-01	5.776665430799504509e-06
1.206383990647475990e+01	3.910726084517375245e-01	4.623234086844256617e-06
1.204630718307529591e+01	3.467224730065727178e-01	2.550037022076727104e-05
1.207606267081807516e+01	4.231777946926562617e-01	0.000000000000000000e+00
1.205491487364317571e+01	3.663330292163526902e-01	5.390465710823899435e-06
1.202159823593339283e+01	2.611275309170933423e-01	4.401779010212338271e-06
1.203809681578296598e+01	3.159297356521025835e-01	7.136652579701438818e-06
1.204006873531832333e+01	3.294043032375092439e-01	4.622253262862344612e-06
1.201465141252528390e+01	2.323682748175320556e-01	5.276799876006407807e-06
1.202862498561834492e+01	2.891101890337532954e-01	4.355187825225577178e-06
1.199406824112161729e+01	1.221278533615172551e-01	4.932378221538783336e-06
1.200288137000248945e+01	1.897402626432255490e-01	4.608864181324729156e-06
1.204033677299003813e+01	3.211209998711050395e-01	6.244757754993530447e-06
1.203561232717596496e+01	3.102078749705349803e-01	4.658874994946923660e-06
1.202092182544820886e+01	2.558319973479123433e-01	5.134406650520899541e-06
1.201132949582864562e+01	2.221493896377965405e-01	6.077356091246183033e-06
1.203155116294749938e+01	2.938835539679167663e-01	4.722514413954647399e-06
1.201289826060231469e+01	2.271116811312693939e-01	5.665185918163419275e-06
1.201092401704046786e+01	2.208566597923533048e-01	6.319281101420037446e-06
1.201255103171178718e+01	2.208890709698330956e-01	4.907612952825878092e-06
1.201367425886437879e+01	2.305248841669256255e-01	1.073105322528708201e-05
1.202604562484082074e+01	2.805099331410026431e-01	5.399090651839005378e-06
1.201254082486409125e+01	2.373559210006658815e-01	4.358735692645904725e-06
1.201834911196122313e+01	2.440343124225244631e-01	4.398239452531154932e-06
1.199723994449699305e+01	1.413019180947333031e-01	4.750323871749887535e-06
1.202617195870138644e+01	2.728162767037045633e-01	1.002524398064763212e-05
1.203842343811416882e+01	3.215640038939398537e-01	5.067754941918167538e-06
1.201130717281687588e+01	2.218877685494259899e-01	4.899845076148183872e-06
1.204175106415736529e+01	3.306956514143979953e-01	5.289198774124014207e-06
1.203522607858902660e+01	3.010347597589280721e-01	4.698424373255901347e-06
1.201776770198123501e+01	2.445069325913463154e-01	4.344105601285708379e-06
1.202118257182120864e+01	2.568891950621557951e-01	8.465579382151146949e-06
1.206341717588845164e+01	3.893670385491135311e-01	1.105376658919763203e-05
1.200946942042047638e+01	2.188810555365129362e-01	4.929956530242502873e-06
1.202630090041392918e+01	2.698183608010158441e-01	5.618041469316133674e-06
1.199287142830481301e+01	1.145289338183139161e-01	4.695075949298665565e-06
1.205723901104120444e+01	3.754713522690238392e-01	4.897002946228059567e-06
1.202596324161929608e+01	2.808999811382247858e-01	1.767324868694702036e-05
1.203598007517870272e+01	3.112979313301583173e-01	6.808614307213270017e-06
1.202836144557239173e+01	2.882060280005372954e-01	4.463092584435614520e-06
1.202523684056101949e+01	2.768924777474846555e-01	4.477521552507773541e-06
1.203694701403913214e+01	3.108714773671167886e-01	5.389181102425722420e-06
1.200907758087250521e+01	2.108505060447126156e-01	4.379805957532607846e-06
1.201950818978120594e+01	2.577835780809282218e-01	4.445378460033288433e-06
1.206044644970164725e+01	3.844985623448263223e-01	5.805414362624717017e-06
1.206739751047164866e+01	4.036852673392614110e-01	0.000000000000000000e+00
1.208529111287696445e+01	4.422379669801174140e-01	0.000000000000000000e+00
1.201689726696307048e+01	2.454040348947081895e-01	4.365835636140954622e-06
1.203428181244413153e+01	3.059443020735247432e-01	5.299246439223300352e-06
1.199832911063442786e+01	1.609832241803334785e-01	7.020294815007822219e-06
1.199930446791806915e+01	1.744568030484131005e-01	5.692096584138012576e-06
1.200907380818729031e+01	2.114024708708834022e-01	8.017688202474360996e-06
1.201298144531016909e+01	2.325609706360494966e-01	5.342396425462503636e-06
1.202666744541459565e+01	2.783731005670036507e-01	4.432080924881940164e-06
1.205366541321011553e+01	3.641078849893401026e-01	5.352881532247797323e-06
1.202618741682788261e+01	2.844480450793177018e-01	4.532797853721049268e-06
1.200996809944445864e+01	2.110778112578473864e-01	3.787957545409806348e-05
1.200861734645330969e+01	2.217879591259985794e-01	4.691115110824095968e-06
1.200953164754984570e+01	2.225560745781775263e-01	4.714943915264719514e-06
1.202479685944668475e+01	2.664204989706846494e-01	5.289085465211222914e-06
1.203338328604127128e+01	2.963054873347698570e-01	5.769104487710794720e-06
1.202082141785688840e+01	2.439964545681746755e-01	6.477276905182888163e-06
1.204875539075853830e+01	3.428634048945637947e-01	1.481468511637363769e-05
1.201582069549679233e+01	2.412076164842505976e-01	4.688731792479321354e-06
1.201205900959669570e+01	2.253322414654599926e-01	4.333701484428313636e-06
1.199711038203298408e+01	1.341400623533726133e-01	4.657166863827622163e-06
1.203655231827272942e+01	3.120314494364438973e-01	6.797061667347765123e-06
1.202661562892610725e+01	2.863458706396606046e-01	5.737651501224299693e-06
1.202239169025300214e+01	2.731913945269749400e-01	7.643396989953488407e-06
1.204915503837156443e+01	3.459787267753665629e-01	6.802105980793221523e-06
1.199448957964036211e+01	1.181807344560167894e-01	4.542633082442220519e-06
1.200300336449731553e+01	1.750508899275979302e-01	4.531728765943626264e-06
1.200448870119623912e+01	1.959984289987340977e-01	5.277913350064268036e-06
1.203738578239659773e+01	3.222096797267891000e-01	4.460876936183073587e-06
1.203171608521250135e+01	2.996602089323148754e-01	5.641139125976532873e-06
1.200753484216361322e+01	2.096030192300244455e-01	5.029151288826342524e-05
1.202682795563563012e+01	2.860857822559260688e-01	4.610678608633896664e-06
1.205057352745214239e+01	3.463241217346232359e-01	5.205489002783195555e-06
1.198696639357973659e+01	6.629680120185296732e-02	0.000000000000000000e+00
1.199529364566708978e+01	1.564639658238742570e-01	3.529895978968270099e-05
1.201226597994277157e+01	2.323182910780371702e-01	6.104650424552998929e-06
1.203659639014781035e+01	3.232959906299370245e-01	5.051728475059667025e-06
1.206030609461272718e+01	3.824349219451552151e-01	4.869796809183551314e-06
1.201542730126888969e+01	2.307477657142568139e-01	4.900957548540319689e-06
1.202186892603500112e+01	2.696281016809335407e-01	7.627488012684045549e-06
1.201622406144153921e+01	2.337743146671443506e-01	4.845936956243524795e-06
1.203515992404010149e+01	3.088467076328670347e-01	5.479178746575778874e-06
1.203159146453374362e+01	2.971092818528004442e-01	6.002551146463781573e-05
1.203534175857434008e+01	3.082882154155393017e-01	5.173350592248842837e-06
1.200475901069985518e+01	1.960882685605692122e-01	5.225537493503127979e-06
1.200094172928446667e+01	1.550800394189598419e-01	4.518479868263927257e-06
1.204858609051892060e+01	3.487525401835251393e-01	4.436651754349648765e-06
1.207540593000802076e+01	4.174479165456614904e-01	0.000000000000000000e+00
1.200295398710448680e+01	1.618374910578340709e-01	4.693228047498170578e-06
1.202141930383091584e+01	2.620362385899126512e-01	6.594482909157221886e-06
1.200488945269262864e+01	1.872567887268669073e-01	5.222518233429512558e-06
1.203484448357836101e+01	3.118737546829885576e-01	6.176691739245929535e-06
1.199660264706596635e+01	1.533805752636360209e-01	4.456469694832127698e-06
1.204220830759394545e+01	3.279817605236766687e-01	5.912961187685382526e-06
1.205143709403745866e+01	3.602826253304199922e-01	4.552332253107760823e-06
1.201081696431434054e+01	2.087751187289343391e-01	4.903501063034901019e-06
1.201481596286360087e+01	2.376688573707887442e-01	5.234981929958134711e-06
1.201873120386076010e+01	2.412237884849631198e-01	4.788653194545767714e-06
1.199286662109388679e+01	9.930138781768170497e-02	0.000000000000000000e+00
1.203781173064795418e+01	3.089091770952120952e-01	5.016244047707928690e-06
1.204064139017685342e+01	3.289692377524802147e-01	4.855670718189043169e-06
1.206506233308295428e+01	3.895739528465507195e-01	6.169194190752242807e-06
1.201026957041427323e+01	2.119767330490972268e-01	5.789217651270284994e-06
1.199773002382094056e+01	1.651879027798142108e-01	4.465770801958841236e-06
1.204416381260558211e+01	3.362741348441071754e-01	1.415598322753645466e-05
1.201503968862611238e+01	2.473898078515601173e-01	5.442376300027933220e-06
1.202977490073980427e+01	2.982535705800305470e-01	5.438834665205630999e-06
1.202817533455479015e+01	2.829249825221765713e-01	4.463381506559920064e-06
1.200272236034363438e+01	1.620080950121431940e-01	4.499637502276946701e-06
1.203149224578796073e+01	2.883580263786683084e-01	6.088011418695214686e-06
1.200399459961662707e+01	1.936023585012760784e-01	5.356464294954116283e-06
1.200983626086662426e+01	2.129398435705621984e-01	9.461813487075464803e-06
1.201948741476938842e+01	2.506305008488904362e-01	4.726271716325553156e-06
1.205292548016470100e+01	3.690447261832291437e-01	5.499807833506740200e-06
1.200782366971718673e+01	2.140855073452400947e-01	1.944483625093817512e-05
1.202940975381314459e+01	2.976328152947138594e-01	1.015975971455446680e-05
1.202828686307199746e+01	2.821684603514577061e-01	6.259768606014342407e-06
1.202318102390670873e+01	2.728691236321483249e-01	4.707636595031059338e-06
1.202197260442738802e+01	2.627946745254287064e-01	1.473510539830529614e-05
1.204157621519471100e+01	3.379152529201556732e-01	8.673838765563765416e-06
1.200612985404866428e+01	2.059022972325488254e-01	1.023169081359535769e-05
1.202934500457579148e+01	2.836401253040514714e-01	4.712651634978348777e-06
1.204312537368761227e+01	3.376563778077667499e-01	4.912237054166964706e-06
1.200115053658281639e+01	1.767976369087322641e-01	8.573506765597098967e-06
1.199447064170135846e+01	1.190543550106962917e-01	2.164976649497248236e-05
1.202254692251231738e+01	2.624559195020805258e-01	4.509376848628710474e-06
1.204990752398221687e+01	3.553860287834034182e-01	5.460516519538302945e-06
1.201164946237769016e+01	2.193895852399621316e-01	6.894488725832521034e-06
1.201478106312469940e+01	2.445953127245771297e-01	6.254904060259154749e-06
1.201101895144324416e+01	2.179598185397192411e-01	2.208187435776850062e-05
1.202868910563747029e+01	2.876554453949093926e-01	5.286589245660040445e-06
1.206601638090709017e+01	3.892970123788962455e-01	4.356065044364682767e-06
1.200382433233123614e+01	1.908146823651247215e-01	5.584086854787630096e-06
1.204721348238961021e+01	3.428282307180420263e-01	4.778313086864895060e-06
1.202005510234267760e+01	2.514435957621957152e-01	4.758306765057500528e-06
1.200393107489621514e+01	1.856500886909777104e-01	5.558023322985598732e-06
1.204842730429371223e+01	3.498853364791742471e-01	6.623084403340911725e-06
1.203019070713667560e+01	2.929962257079107846e-01	4.675297592620481806e-06
1.200575235310957467e+01	1.898283187527159410e-01	7.916471030447641327e-06
1.200399607380376032e+01	1.775225139065504665e-01	4.787930748863873319e-06
1.201203936673493544e+01	2.308160854187509547e-01	7.593629054928659990e-06
1.201984835278555863e+01	2.488744132628454564e-01	8.121453230032327057e-06
1.201934994409599256e+01	2.655267684941701178e-01	4.539522120317973728e-06
1.201351632513459755e+01	2.328643842467612579e-01	1.279742090069053649e-05
1.200748408360775166e+01	2.051846242715761603e-01	7.493146518437439857e-06
1.200305046532472808e+01	1.751774147561744044e-01	4.806759732048523464e-06
1.203590558456143889e+01	3.092478513759087666e-01	5.174174275061851523e-06
1.205262870043178047e+01	3.672271849401766430e-01	4.827757356968368369e-06
1.201513425265887314e+01	2.320606386049909875e-01	5.588602449294466814e-06
1.200115395263336282e+01	1.763941842365693846e-01	4.461708356697315870e-06
1.202377261406071973e+01	2.617729511455700320e-01	7.363587785382990343e-06
1.200786219360342599e+01	1.985499461745360295e-01	5.537218132034476174e-06
1.202516999254920016e+01	2.816664140118124160e-01	5.600779149067781567e-06
1.204308500745239385e+01	3.311181562374793663e-01	4.401279736349873606e-06
1.203996525486992830e+01	3.200231193656110640e-01	4.514964554846225652e-06
1.204893350660851326e+01	3.507783364964336403e-01	4.335803768376640999e-06
1.202255082700684774e+01	2.714865158940218959e-01	5.216306455274073339e-06
1.200288968296088754e+01	1.701345232335164659e-01	5.039372105957521102e-06
1.201199801160984215e+01	2.157667884161436622e-01	4.338496842180875658e-06
1.199849687812953647e+01	1.519451707882363833e-01	1.429760685381930056e-05
1.204250796905837362e+01	3.288833768217070963e-01	4.335053289069338616e-06
1.203914028566721939e+01	3.193857520471155564e-01	4.971807234632393284e-06
1.202166248341835342e+01	2.665500089189181687e-01	4.679153174206854545e-06
1.202160676443268272e+01	2.661781731671361562e-01	4.849267665841463082e-06
1.204713622294010023e+01	3.422827227905388403e-01	4.539581636113115746e-06
1.206860102742688667e+01	4.041123232487165984e-01	0.000000000000000000e+00
1.199781561004849095e+01	1.452887923422611083e-01	4.389958072280448219e-06
1.200685015681254875e+01	2.006374161086418306e-01	5.905810631465518701e-06
1.202008859016988218e+01	2.579133150058495194e-01	4.788162318966882240e-06
1.205286569280402809e+01	3.574604219963241070e-01	7.965012269382655931e-06
1.203546193789528651e+01	3.093744642982143578e-01	6.480119789264545869e-06
1.201732352569094076e+01	2.503793875797298285e-01	4.482088107743698307e-06
1.205321851559582313e+01	3.701243512675734815e-01	5.120449810891451548e-06
1.200562694717819845e+01	2.153304544120926700e-01	4.688159143611033456e-06
1.204472319185029683e+01	3.488838155303194410e-01	4.690711278571494271e-06
1.202498949792052230e+01	2.711417612969735380e-01	5.443366236824358903e-06
1.202872697976475536e+01	2.806475642917249935e-01	5.140065391460928706e-06
1.201308126809056098e+01	2.189295239427195561e-01	5.728843811415057896e-06
1.200388156758652336e+01	1.822527608556441248e-01	4.847722063950812556e-06
1.201103305482947015e+01	2.170998611598234096e-01	5.467806228655068724e-06
