-3.259870962114593818e-01	1.410964376016734745e+00	2.127677668452611099e-03
1.568867990925500167e-01	1.227137688008396177e+00	7.347718432867437685e-04
-1.641387540617125773e-02	9.962879137027141896e-01	8.622099583543485274e-04
5.936922170515600283e-02	1.022617157649104103e+00	6.075170086261185006e-04
1.657891369262438908e-02	1.011191529354974472e+00	1.050322626444459041e-03
-2.108346980777473512e-01	1.144897039026093299e+00	9.577203442893302389e-04
-3.087251957216787246e-01	1.421068948955355848e+00	6.261819406014446738e-04
7.192227174877499629e-02	1.085879446871059972e+00	3.008240922418728772e-03
-1.651779468690347530e-01	1.039117511447916087e+00	5.806964574379518953e-04
2.694667383879525424e-01	1.511498401334838038e+00	0.000000000000000000e+00
-1.152261576748757760e-01	1.008816882624825606e+00	6.901937827477645782e-04
-3.393166612613855992e-01	1.407435167790204167e+00	6.082031284725354300e-04
1.814363012693721855e-01	1.314528634522766914e+00	6.665439591632208718e-04
-1.533946592070314918e-01	1.088376968199267658e+00	6.653083985948776789e-04
-1.598828369387045034e-01	1.018113838354612888e+00	3.397425126700414841e-03
-1.533748692341699305e-02	1.022052495886452750e+00	1.075065223941623757e-03
2.102138239126853381e-01	1.326510867177367992e+00	2.467455372673793643e-03
1.681104285195494652e-01	1.217194691334556600e+00	5.919715806067313681e-04
-2.404323032806502392e-01	1.151783130438758684e+00	6.651193705033465759e-04
6.205710314785667370e-02	1.018721352349634124e+00	5.739895680842014344e-04
-2.480235660121155039e-01	1.264118449567501301e+00	6.096372447719339543e-04
-1.317861646589146840e-02	1.032854890365933365e+00	6.021347404977661242e-04
-2.731086058865276889e-01	1.315957622215240708e+00	6.485484483924231110e-04
-6.822119607633042593e-03	9.645923262719640068e-01	6.441985877721495427e-04
2.196981591088364438e-01	1.415712374309791688e+00	6.471115022552533565e-04
2.649829115207094077e-01	1.577753709756463785e+00	0.000000000000000000e+00
5.103934249611701002e-02	1.099376101882703738e+00	5.986142390604177544e-04
5.177969689408756793e-02	1.062991713606611155e+00	2.916455527098189403e-03
-1.404741661207395687e-01	1.009977678768703147e+00	5.667303804209465785e-04
1.023643840506254232e-01	1.129210675784714679e+00	6.014188111091564506e-04
7.461191150509816072e-02	1.099786210183709700e+00	7.892608216926148444e-04
6.737049859797841767e-02	1.052863673563251945e+00	6.018343273567705815e-04
-7.606572560005575578e-02	9.428749751664603496e-01	6.384372105773661451e-04
2.061538475770697543e-01	1.369676418450328725e+00	6.002568311457232844e-04
-7.423028614843230066e-03	1.044641209786183245e+00	7.169402397076110774e-04
1.202969328235092006e-01	1.126586143743236956e+00	6.745835928693025632e-04
4.178623394565600391e-02	1.054224442111802329e+00	5.740755480365372209e-04
4.255693026551149449e-02	9.787896131418524215e-01	6.286300557812693913e-04
-1.731875554064390421e-01	1.049504218895938257e+00	6.295134402358798162e-04
-5.059175147111773241e-03	1.016729043706632973e+00	6.218299228723401378e-04
1.213292442677754712e-01	1.108661239763092832e+00	2.294276217477794061e-03
3.219077378804938161e-02	1.038435179258715424e+00	8.636926265860550653e-04
-1.785427083934835735e-01	1.020282933390871616e+00	7.645249370596686163e-04
-2.332144626271311083e-02	1.040502485085879281e+00	7.103872984947355888e-04
1.454886500107017422e-01	1.155523622766223113e+00	9.765346413671392332e-04
1.490945617587225158e-01	1.198700373855446477e+00	5.763988042872869371e-04
-3.519693221989235732e-01	1.509246138896411349e+00	0.000000000000000000e+00
-1.954604217980412395e-01	1.101099118642298924e+00	5.873828774017492453e-04
-2.892827819807194945e-02	1.018636029972364243e+00	6.429741068892016326e-04
1.488521554040231898e-01	1.239722569878392244e+00	2.287848690316502624e-03
1.033198009128869360e-01	1.127548570482595380e+00	7.484435931214513706e-04
2.981686043284976217e-01	1.625605415491698347e+00	0.000000000000000000e+00
-1.940872057765263836e-02	1.033033653025611898e+00	8.877643256765169189e-03
3.685003215936501209e-02	1.046683294265865483e+00	6.886327937564548814e-04
2.450766217903075361e-01	1.474209864050233243e+00	5.924899696973508169e-04
-3.669446784294447261e-02	1.039601563803923767e+00	5.997228975370603142e-04
7.369422777258133328e-02	1.044498584241032368e+00	5.680825905627782859e-04
2.149392468316699834e-01	1.430749494822686430e+00	6.294769463519296702e-04
2.577782947557878401e-01	1.483929423908730172e+00	6.340846398546307961e-04
1.435081505943499036e-01	1.193039691584400819e+00	6.280979953288426615e-04
-2.231476823199527448e-01	1.137509080720302768e+00	2.294960576320863397e-03
-1.898702926431538041e-01	1.113331111138770479e+00	6.064262610476821389e-04
-2.676380680932452516e-01	1.250987495124328941e+00	6.024016791578251607e-04
2.546235486656546754e-01	1.511502951428884467e+00	0.000000000000000000e+00
4.925871853318783411e-02	1.035425746587217422e+00	6.079642210942595541e-04
2.428353971956352664e-02	1.060682933568489306e+00	6.431806399075418092e-04
-1.137443393859791096e-01	9.916071976186979775e-01	9.408497938751999570e-04
2.029059360179040761e-01	1.359663310590642826e+00	7.382988206443926891e-04
2.256506577526792567e-01	1.444141686165323790e+00	5.956882067158367558e-04
2.426376021572497765e-01	1.421089325950839033e+00	8.385968366694521907e-04
-2.950329705922649648e-02	1.044411743498487199e+00	5.930229962619379793e-04
-2.905685454634208686e-01	1.357364554097251874e+00	5.671859812503404199e-04
-7.363776737704247344e-03	9.797432300519847148e-01	5.767934433568533241e-04
-1.091486469941091997e-01	9.690846891380429096e-01	6.485747941286573249e-04
-1.523404868569661064e-01	1.061503027486830009e+00	6.332479766992999727e-04
-4.669384326185405110e-02	9.914504465919964371e-01	5.851260103504344256e-04
2.874808043180885342e-01	1.606871322240125632e+00	0.000000000000000000e+00
3.075042073176930124e-01	1.643837268143257591e+00	0.000000000000000000e+00
2.427580650181065947e-02	1.051943264003103895e+00	7.358217481437534383e-04
-1.378010340185984450e-01	1.072383685657846142e+00	1.075601354046886024e-03
-2.075452475692293741e-01	1.081417336780651217e+00	5.752509602454316954e-04
7.851090834033830346e-02	1.065416944437070690e+00	1.195154271387475131e-03
-1.813060296653712378e-01	1.062371886067815074e+00	3.477475217245644488e-03
9.814174053232473105e-02	1.164333955819630617e+00	6.834817976888572398e-04
-1.185484594879621656e-01	1.008678741364530174e+00	6.375553286139582464e-04
-8.097317045207935715e-02	1.049213209155549276e+00	5.831103306498585867e-04
-3.423934848515242102e-01	1.515024062228307100e+00	0.000000000000000000e+00
2.537121985741770391e-01	1.484070395306400503e+00	6.383882386695990995e-04
3.285354281835081158e-01	1.734867342719693450e+00	0.000000000000000000e+00
-2.030646728265221856e-01	1.094157138196414358e+00	5.995392260217434835e-04
-1.588937595491183852e-01	1.106677396701767346e+00	6.039002020490364525e-04
-2.882544310848181857e-01	1.280476263331933096e+00	5.753290521426919317e-04
1.551873077323964734e-02	9.779006524265122513e-01	5.874979266499923917e-04
2.222184991504161655e-01	1.413952913493266461e+00	7.225073337005457653e-04
2.109581356143060415e-01	1.331455743762791855e+00	6.252692604083989660e-04
-1.187944539907161423e-01	1.069527147517462140e+00	6.193325703719376133e-04
2.784556572027574450e-01	1.531745517479720320e+00	0.000000000000000000e+00
-1.696787565516729157e-01	1.119308477037797456e+00	6.463880092698915140e-04
9.848734190719977966e-02	1.110505099857035383e+00	6.219535615450878406e-04
-4.474199213868912395e-02	1.008903463353487462e+00	1.575714454899093198e-03
-1.938424964358639868e-02	9.914767884992163882e-01	6.613189014523701472e-04
1.101668020682263216e-01	1.188362400935374597e+00	1.963083565890196697e-03
-1.999814198914459107e-01	1.126643670739146064e+00	6.243912352968119476e-04
-2.187861499320217784e-01	1.183614600101135839e+00	6.228593579142713754e-04
1.166108077533095644e-01	1.140896263137014532e+00	9.710943105342369252e-04
1.869981207771980458e-01	1.335907210329472461e+00	9.066155072317845509e-03
2.543686385567280328e-01	1.457632028243286859e+00	9.287378956000141893e-04
-1.166903793499143444e-01	9.591740167308545617e-01	6.375713282749584029e-04
2.128811616545519536e-01	1.327175907632958562e+00	7.917880117682868412e-04
2.235208651604361496e-01	1.432196318870020191e+00	7.350821276708684182e-04
-1.592875533965434631e-01	1.091560531098678677e+00	6.117234348045644211e-04
3.630498199307349294e-01	1.838214109828433473e+00	0.000000000000000000e+00
1.243767776350631071e-01	1.158240208473187316e+00	5.778419834905852486e-04
1.520994702818766753e-01	1.249882750181060098e+00	1.179648349590228882e-03
-1.872703068858372899e-01	1.095358534329243794e+00	5.721699976144920766e-04
-3.427507244701036293e-02	9.637397082590457575e-01	6.343509203456625242e-04
1.724398597004283828e-01	1.314689777011344596e+00	5.791578198850850200e-04
-1.551438561228610791e-01	1.016942128464302764e+00	9.419151634539338564e-04
-6.366404606748066186e-02	9.526895449440655472e-01	1.894574393898411065e-03
2.277654870625408501e-01	1.455607333282679994e+00	7.648617773659052970e-04
1.437614824431034111e-01	1.195858162835238270e+00	5.855241186750151546e-04
1.602945058898001540e-01	1.255736947538947934e+00	6.347285341138184794e-04
-3.348333894885499040e-01	1.418165033515374374e+00	6.305340800146369291e-04
1.301702847514601413e-01	1.192896002375132714e+00	9.360192657099016293e-04
2.113377790001698397e-01	1.416350020189194758e+00	7.212995285451805029e-04
2.583812382524718343e-01	1.503096783677249082e+00	0.000000000000000000e+00
3.355769008833405787e-01	1.711657006059885244e+00	0.000000000000000000e+00
-1.117413687207126777e-01	1.014208371763331007e+00	6.384860066541536401e-04
1.141888156653804165e-01	1.110930879625521728e+00	6.668514443607596572e-04
1.539122750427709962e-01	1.201408397147641915e+00	6.327479606836336826e-04
9.362619069273513117e-02	1.136225283524144869e+00	5.742509252587896153e-04
-4.982068456142314805e-02	1.041953386387470593e+00	7.325725928309218503e-04
-2.830987480526613309e-01	1.338758818487231439e+00	7.514306011854064498e-04
-1.387008867865064388e-01	9.761741382795227073e-01	5.926666579685768059e-04
1.785573396282231773e-01	1.301450349420710584e+00	5.770603897896862131e-04
-1.866467256173977018e-01	1.143600320017114758e+00	2.137751208961126415e-03
1.331530840722568443e-01	1.120425999987098242e+00	1.264078754461718220e-03
2.810712225883053861e-02	1.057278202796826383e+00	3.105887014802797830e-01
-2.068227423756575922e-01	1.174357047633546980e+00	6.225117966162312761e-04
-1.423887940806228825e-02	1.025714805149390063e+00	5.962453290430546520e-04
-1.106740790353893944e-02	9.843536737230155209e-01	6.455970759496997956e-04
2.480979030348767767e-01	1.525468558835955335e+00	0.000000000000000000e+00
1.629015294232642463e-01	1.269974666874726488e+00	7.148424443745964030e-04
9.250076406259771788e-02	1.124011426985679352e+00	6.184080267597589923e-04
-2.393056760010940642e-01	1.231604361674755399e+00	8.497416064666005664e-04
1.588216979596805412e-01	1.252376041694522213e+00	6.264104845904700609e-04
-9.349529757229585458e-02	9.944721176592694611e-01	1.456495083552671738e-02
-9.573440803298527424e-04	9.678518966564693127e-01	6.336139620419760235e-04
1.174262590974063658e-01	1.109415986510908336e+00	6.340317070692877378e-04
-1.427567705943137422e-01	1.091839053693337558e+00	5.911172760052511507e-04
1.026269454538785431e-01	1.078703641973146166e+00	1.647211390905550755e-03
-2.423367048638173094e-01	1.207253128063619840e+00	6.175038926897075684e-04
1.015778888551538278e-01	1.067337262152219912e+00	6.098622492082939441e-04
6.470588092509046985e-02	1.064228906041881029e+00	5.937779295820891238e-04
6.933666342403535521e-02	1.081459719132995989e+00	5.920028194917634039e-04
1.012479843941408442e-01	1.133750052039596445e+00	7.319251910017995780e-04
2.340628827858984295e-02	1.048831244434079490e+00	6.860822803536521537e-04
-1.354631373158431684e-01	1.002363177612535461e+00	8.795496400703471792e-04
2.531212864720575606e-01	1.523708547814938807e+00	0.000000000000000000e+00
-1.611076452150175808e-01	1.054761493000751393e+00	5.710130081430210775e-04
-2.719317139089644231e-01	1.309344290418930079e+00	5.766036978305781211e-04
1.368355521282352272e-01	1.173251201195033788e+00	6.362073111712728468e-04
-2.019270073782470920e-01	1.128094778452051417e+00	5.816196980516373429e-04
-1.575845701579697000e-01	1.044059953826134146e+00	6.008220873987780899e-04
1.822154677367002207e-01	1.343755610994176619e+00	6.130184587039549243e-04
4.696551772288012905e-02	1.053118105144849048e+00	5.798453332971106704e-04
-1.565501668102673993e-01	1.102840324373502767e+00	7.044014259595577808e-04
-2.834605714632917328e-01	1.306401257862238818e+00	7.736798368545764028e-04
1.460248823020307840e-01	1.246241143230589099e+00	5.786751478872996946e-04
2.083789223567521776e-01	1.355697338125077200e+00	9.604280201682352872e-04
2.772311049080657397e-01	1.525917798529546010e+00	0.000000000000000000e+00
-2.556796859906999564e-01	1.192751277424965339e+00	5.736862436425272781e-04
8.691927439723361182e-02	1.142639059318086847e+00	5.696699475936271243e-04
5.844501443554180053e-02	1.041070552245624503e+00	7.001265987507527795e-04
4.192407227400385406e-03	1.036663154198361969e+00	7.139966146785323023e-04
-3.059499957403672976e-01	1.343541378625682903e+00	6.033508855454458933e-04
-4.785264703461902802e-02	9.873662500586153357e-01	6.250506773765791314e-04
2.065583782055763762e-01	1.403470102310302225e+00	6.256854249972433005e-04
1.130757277541334233e-01	1.087101613812902601e+00	6.452121272109563295e-04
-1.954423265473340110e-01	1.102882805060105831e+00	5.939096259463869489e-04
-1.915686684655312222e-01	1.046396214303295658e+00	6.132702094717797266e-04
-2.582801717351926873e-01	1.269526785648422251e+00	7.352164507692296848e-04
3.667341331847762675e-01	1.894333953054237796e+00	0.000000000000000000e+00
-6.140959046388153042e-02	9.593491797751275696e-01	6.737611287525641004e-04
5.761015317759396459e-02	1.098154393296498554e+00	1.203776299910324157e-02
-4.193941160062950035e-02	9.565746367541189121e-01	6.001771593624993491e-04
3.105281429366204549e-01	1.710492862121194779e+00	0.000000000000000000e+00
-9.877211508004016260e-02	9.520209655044880037e-01	6.301217261319177034e-04
-1.131529751181813426e-01	1.065296624006301762e+00	6.121270498573931325e-04
-1.860225274777503879e-01	1.141438390991104113e+00	1.447680133437310697e-03
2.809399566922556046e-02	1.031416393595498082e+00	5.825073470520086708e-04
8.828081349825975255e-02	1.121859017535225878e+00	7.938583334601788909e-04
-2.916177867422297676e-01	1.372871746460538667e+00	5.813538990096574644e-04
-7.309923189190967174e-02	1.046419478643046963e+00	5.894109771557267318e-04
1.035306817038570137e-01	1.123447282117737256e+00	3.995069706685039877e-03
-2.859564997631776628e-01	1.253427872963627676e+00	7.831056284856700595e-04
-2.076801091735574478e-01	1.140848035892682688e+00	7.228954070613607301e-04
4.449140107763910335e-02	1.049005541567299860e+00	5.984450049190655554e-04
1.890700665410785519e-01	1.282585419939417326e+00	5.693001806568245837e-04
-3.142990293790139111e-02	9.461916118421125343e-01	7.193666829689331814e-04
-1.518345917116126764e-01	1.018071915528329319e+00	2.061127524966113386e-03
9.261261555051801542e-02	1.165142762034874657e+00	5.980421632067033783e-04
-8.828627832352500815e-02	1.031863084523067631e+00	7.182654706391409898e-04
2.637739487982970199e-01	1.501072845620564866e+00	0.000000000000000000e+00
1.575446654121829826e-01	1.179861913699040921e+00	5.816420828131358507e-04
-2.249483152779627737e-01	1.153881525745432013e+00	6.105643270963729543e-04
-2.806043258993058953e-01	1.346732371702715314e+00	6.343473450193253850e-03
-1.138003017647136739e-01	1.061909812797322328e+00	8.695829942020481124e-03
-2.216878718342102372e-01	1.215512279923883110e+00	6.335071470546397914e-04
-2.559349174837420859e-01	1.223162178719916060e+00	6.665431142097325099e-04
-1.852201055175808908e-02	1.041069131037848150e+00	7.566538795236546792e-04
3.957382232586449666e-02	1.068413869984401909e+00	5.939243137648465842e-04
-3.166753528983000665e-01	1.378617796112343363e+00	6.126423614243550102e-04
5.898820397314363806e-02	1.100809391532398873e+00	8.193541346423645344e-04
5.907474019860729092e-02	1.108543561014802226e+00	6.176643881588663506e-04
-3.144431111216234309e-01	1.378632288398270900e+00	6.243398670928831853e-04
1.608750052935398744e-01	1.294967308487433577e+00	8.284603053559583393e-04
-2.629728832262832050e-01	1.228851748028652269e+00	6.256412382387566530e-04
-1.036708916164186672e-01	1.021928044418254355e+00	6.293818903046384267e-04
7.608519876001154647e-03	9.593163076100696962e-01	1.046567608726694468e-03
-9.034491962589791259e-02	9.624963153803336446e-01	6.464833955706580405e-04
1.160661297667339026e-01	1.189319042083368139e+00	6.146371496381530146e-04
1.278171235987626830e-01	1.157468846918680683e+00	6.039117728060091261e-04
1.183512123791674031e-01	1.155462298306574320e+00	6.455799039929757113e-04
7.399267015245633572e-02	1.071457418195854050e+00	6.070557183926545081e-04
-2.544522226722533698e-01	1.169767523069309423e+00	6.296615978209700289e-04
7.297119717262406935e-02	1.101179592126376949e+00	9.133137918874524369e-04
7.376216605264485082e-02	1.025681862276785816e+00	3.125442835284951860e-03
-2.803575690795273578e-02	1.018467370002413608e+00	1.375204445790776785e-03
-1.255618583368356966e-01	1.052078721298529640e+00	5.708806085116579013e-04
1.856757150571644310e-01	1.284375857238997609e+00	9.104043845660172345e-04
-1.626767840377293939e-02	1.031308688812463403e+00	8.049867790574107528e-04
2.888382644426989998e-02	1.038970455768575496e+00	5.952602266984555971e-04
-1.835410494603230136e-01	1.057525380414352068e+00	5.892418845870703737e-04
8.830218553149830896e-02	1.125619048864595406e+00	6.816046169348193538e-04
4.181865526459053184e-01	2.018599291417576325e+00	0.000000000000000000e+00
1.760223755557311087e-01	1.302041175937480366e+00	6.818776271621558712e-04
2.293584112463331048e-01	1.392932302771218378e+00	9.594833045034168546e-04
3.287627734706755067e-02	1.026003959572332036e+00	6.247691146225124986e-04
6.591122403741400682e-02	1.019732769889633683e+00	5.923006418334114285e-04
-2.126252091567379932e-01	1.080675801282376058e+00	6.268494150787398949e-04
-4.420698345345457358e-01	1.757828455106070997e+00	0.000000000000000000e+00
1.313610378009822111e-01	1.150756935364485090e+00	6.528187775073917990e-04
3.746955963138176582e-03	9.843223362473930704e-01	1.113963679809381897e-03
1.568031921775891735e-01	1.201956877302601256e+00	6.406585705831184096e-04
4.514016368375212140e-02	1.003556371242091183e+00	1.367639640448639572e-03
-5.480774952079259243e-02	9.788030101088226465e-01	6.237235821907702749e-04
-2.156937569657211007e-01	1.088665930809969984e+00	7.414279630079045544e-04
-2.311491322631853418e-01	1.120633750546437213e+00	8.704711161185663083e-04
-9.310085277238017154e-02	1.022732520562491310e+00	1.629675552957546856e-03
-8.939139986856962927e-02	9.428142214353323336e-01	6.125560973728898023e-04
-2.107342673680798542e-02	9.885208230313035083e-01	6.653546752285707019e-04
-3.387046551497102653e-02	1.045358070038303389e+00	8.299436650877209864e-04
-1.195672338979227589e-01	1.028189398438955626e+00	6.425962820284121784e-04
-1.830630736439546602e-01	1.033250611846691092e+00	6.564719434054739093e-04
2.941109564143650767e-01	1.618017463869974470e+00	0.000000000000000000e+00
-2.161792507261882101e-01	1.143835148980451688e+00	6.293975901329167816e-04
1.709062645014176596e-01	1.259144395293378738e+00	8.479902844731438977e-04
-2.934525023954278056e-01	1.329189659899724152e+00	6.365154196436885459e-04
4.402383255916358373e-01	2.068774457942687661e+00	0.000000000000000000e+00
-1.559728775112957933e-01	1.070362850577747160e+00	5.760010859279886047e-04
1.868850237328604780e-01	1.319421359522242154e+00	6.024211506587910095e-04
-6.095901201353363247e-02	1.040844520365319825e+00	6.776421447683353416e-04
-2.021138050353464277e-01	1.157336039167707220e+00	2.016637710753996400e-03
-2.348538795357697218e-01	1.172044991075773090e+00	8.446587911442777780e-04
1.032735536880732830e-01	1.084571471411061250e+00	6.855784977251029415e-04
1.626234703826708872e-01	1.223411147812451416e+00	8.541714093164411246e-04
-1.578173435460852037e-01	1.109265449668112025e+00	3.766723175968056565e-03
-1.580909383538722235e-01	1.102947375944337116e+00	1.820701288166418986e-03
-3.114668379248808905e-01	1.398911218617930663e+00	1.947807020775361216e-03
3.353346074007806932e-01	1.728374315285074792e+00	0.000000000000000000e+00
-2.154666135778748881e-01	1.134555600449123514e+00	7.096602791810788409e-04
-9.731071191171963841e-02	1.043144144890186364e+00	6.232837206783247179e-04
3.603232180323933109e-01	1.860783549797477621e+00	0.000000000000000000e+00
-1.738081096043794793e-01	1.062146412922471583e+00	6.298554360210727827e-04
-1.446700328782754008e-01	1.084204917220625397e+00	1.674039863069323470e-03
-1.619651147019419424e-01	1.089065064060637855e+00	6.117228770406084142e-04
1.184090380516776841e-01	1.190366207269613508e+00	6.725104586317682751e-04
-1.988007293695157052e-01	1.119893954113747370e+00	5.834306997920933211e-04
-3.175829547893090354e-01	1.426361508106680054e+00	6.205638562784549081e-04
3.548103030463946039e-01	1.869515436339639791e+00	0.000000000000000000e+00
2.864631824088494927e-01	1.564502178583734304e+00	0.000000000000000000e+00
-1.308667650844418939e-01	1.036599248008298613e+00	6.497550161451431808e-04
3.751039932330962889e-02	9.817616592039364320e-01	6.121982045609764434e-04
7.020242429026997411e-02	1.121619602151469497e+00	6.037295304203226876e-04
2.332278206575874591e-02	1.041809502438689305e+00	6.551798228498153945e-04
1.628439575291428243e-01	1.235472956394001454e+00	8.008646665050814240e-03
-1.199052488538248640e-01	9.922828895362871826e-01	6.213593679417721413e-04
2.780156455020009465e-02	9.849331904876438282e-01	6.635177269245878763e-04
1.927803209773857329e-01	1.361154719474203745e+00	5.923534632877663301e-04
1.338776152188804747e-01	1.238671176644270400e+00	7.785653402866774681e-04
1.493246120739075977e-01	1.266116039663256254e+00	1.094544147682720465e-03
2.438981474443900899e-01	1.478687103155504889e+00	5.862419471530727014e-04
1.711625559741731806e-01	1.275247349228108451e+00	5.779274480415290058e-04
-2.361385996226131323e-02	1.027901063004455384e+00	6.438360076961653806e-04
8.080574466637015230e-02	1.084228286340566116e+00	8.115288048094085153e-04
2.084429209273072625e-02	1.049005352565118621e+00	7.005092064637160080e-04
1.685830778737111291e-01	1.273496826048501118e+00	7.271609681218023672e-04
2.782469360518319279e-02	1.024691549115626543e+00	6.641624428346241558e-04
-6.900344525648285932e-02	1.039855518762889286e+00	9.103328355076023646e-04
-2.747103626984465086e-01	1.334761740304835964e+00	8.938503313688679619e-04
2.139841543393522227e-01	1.408634337888554189e+00	5.804776880168954420e-03
3.456539944456475943e-01	1.760190192724528924e+00	0.000000000000000000e+00
3.135445811520652659e-02	1.026442088623499060e+00	7.191776112106442603e-04
1.689009135873993928e-01	1.225711373223447254e+00	1.094404995402553345e-03
-9.670004977767041043e-02	1.031590335432646777e+00	5.980242336448535244e-04
1.084864508132020455e-01	1.152415238164128830e+00	5.678158175920218053e-04
-1.158713874692837431e-01	9.710107931323926911e-01	6.277222673122249182e-04
1.127868345779305947e-01	1.171969738331174904e+00	5.950971126566672502e-04
5.909256412449659379e-03	1.028920224776883607e+00	5.754843934119189489e-04
-5.813777808825471016e-03	9.633044601825329067e-01	5.952455028651766882e-04
-1.026129596627273349e-01	1.042215630579193641e+00	7.396142345855016148e-04
2.309629791698274148e-01	1.469148802559758327e+00	7.213499840914685060e-04
6.745333065927189287e-02	1.091285835127482340e+00	7.084791916661565018e-04
-2.019403739075529836e-01	1.129799430279224248e+00	1.479388467743191068e-03
-1.283665558947869045e-01	1.066937929784829153e+00	5.950015803433903730e-04
6.576678183741524464e-02	1.017215506281137882e+00	7.681514202541972307e-04
2.298336757505417549e-01	1.438349103660472528e+00	1.755600548695501100e-03
-1.553564856834696306e-01	1.104054192609687179e+00	5.893783135855334022e-04
-1.380304657635769983e-01	1.086839444406697108e+00	6.458975928278503807e-04
-3.218271598523976817e-01	1.354604213625262066e+00	5.926756796347015712e-04
-2.391088697547763542e-02	9.744123496024413855e-01	6.147930444556627639e-04
-2.262745718837701481e-01	1.164767992709979660e+00	1.034732655367352197e-03
-3.163116937265604278e-01	1.419658394113560984e+00	6.810265368124916426e-04
-2.167581285320979434e-01	1.094266212313085074e+00	6.467795090072687297e-04
1.878492230074634284e-01	1.306940411085497633e+00	5.914893265809498387e-04
5.313794746988464296e-02	1.003191055112356622e+00	6.226118938770260200e-04
1.709133206767916024e-01	1.265416503059604292e+00	6.296531447755320410e-04
-8.218900794254108133e-03	1.041689489248624367e+00	6.295351353798611530e-04
5.977268818705416820e-03	1.040881683750416453e+00	5.728920914440814496e-04
-1.040182067214199813e-01	1.038174730794012124e+00	6.201156273415983416e-04
-2.523599505702731061e-02	9.960463957855268946e-01	6.042746078160004608e-04
-2.110178454452022456e-01	1.189184143692391338e+00	6.313976312133182806e-04
-1.104757926612614238e-01	1.024926172111448430e+00	6.542335039412279897e-04
1.401696731109464827e-02	1.017915141042162519e+00	8.521425009770836057e-03
2.436071989892285572e-02	1.047180079442047829e+00	1.344539686735771178e-03
5.554817302163649051e-02	1.042222346507465369e+00	7.486684268545784528e-04
5.715535952761425197e-03	1.009049438881181482e+00	9.749967391590087405e-04
1.008193200964938308e-01	1.081589931025411788e+00	1.228561229780269657e-03
2.348458914458556035e-01	1.478037968019108250e+00	6.252506724584560444e-04
-1.662136220552648536e-01	1.095387386043756850e+00	1.881517123065310848e-03
-1.400372452830601355e-01	1.082447949385511476e+00	1.470636379948474801e-03
-3.001563758245023306e-01	1.396414461458001854e+00	1.136208854377525638e-03
-3.038519116438405387e-02	1.035625010997740514e+00	6.674844345999380495e-04
2.526936853990263687e-01	1.470746217999773453e+00	6.403949064333703872e-04
-6.399755929579635516e-02	1.019737866429700990e+00	1.245844018367928347e-03
-1.094934943541284039e-01	1.054188513882421407e+00	5.801586224344387321e-04
1.572112234719601487e-01	1.244439579847561594e+00	5.866857356524048626e-04
6.126558711223506482e-02	1.036668036942110627e+00	6.064747800300989648e-04
-1.178347639340116826e-01	1.016396259075663222e+00	1.492845639341235575e-03
1.508670177478882990e-01	1.166186369550258561e+00	6.110213625813475449e-04
-7.478481028413301590e-02	1.032498675426113177e+00	1.055416922347350833e-03
1.634281662854137618e-01	1.218564999859357290e+00	1.867159994811731002e-03
2.044847627244697763e-01	1.368019390006896430e+00	6.168578262947045946e-04
2.705939790444227278e-01	1.509798538188434680e+00	0.000000000000000000e+00
-6.735671924121386378e-02	1.041047313080908809e+00	5.847440585967424729e-04
-2.402197737795865595e-01	1.141459555030545747e+00	6.582999321249073102e-04
-4.112638936981174997e-02	9.407125492876533546e-01	1.630873071802921596e-03
2.326738218479665887e-01	1.464055380818298335e+00	6.067827975698457171e-04
1.403041737955899870e-01	1.191615244502242321e+00	6.237504608467552437e-04
2.852529899597833207e-01	1.561478179589770754e+00	0.000000000000000000e+00
3.203189000096834382e-02	1.048507680867866609e+00	8.625066496375086893e-04
1.381049122613140501e-01	1.207120495294815576e+00	6.138881213691262714e-04
1.944865291041862898e-01	1.273893758997112879e+00	6.123525169754077220e-04
-4.196929908363566941e-01	1.674185483219920112e+00	0.000000000000000000e+00
-1.241348156816126092e-01	1.071467530487403286e+00	6.063554919879236447e-04
-5.083151647411189578e-02	1.003196741815340687e+00	1.091472621720457900e-03
8.451986964278873637e-02	1.127928448438302311e+00	5.803861388373289043e-04
-2.184649006137669713e-01	1.177053011342006794e+00	7.560110820522101963e-04
-1.724830427381760234e-01	1.074650166459388156e+00	5.946931681118621926e-04
6.461842684905838574e-02	1.109731940030602937e+00	6.881787132884384156e-04
-2.011571867814319625e-01	1.084357831460270871e+00	5.796795259898733380e-04
1.952326679898319095e-01	1.323807212741404893e+00	6.425431767056169127e-04
9.892683674454302856e-02	1.106951085541389768e+00	9.183987153714106124e-04
-4.354908807098762935e-01	1.728633148836948852e+00	0.000000000000000000e+00
4.155238369852799762e-02	1.078538788510520874e+00	6.083628283608751063e-04
2.100869329601025570e-01	1.412471714248237920e+00	1.439057090194555480e-03
-4.700849821507704918e-02	1.030085083821165037e+00	8.732984674097747299e-04
-2.965188199235956334e-01	1.318303711263961731e+00	6.258754686370977902e-04
-3.692980246106583597e-01	1.588937852852524646e+00	0.000000000000000000e+00
1.556724189725012530e-01	1.176748326850586279e+00	6.394255102398144815e-04
9.467164010225867510e-02	1.127356096516684447e+00	7.299038718922526859e-04
1.081339039347565395e-01	1.160007349933076304e+00	6.233231563156616493e-04
-2.823652608660081054e-01	1.292247121289874734e+00	5.962812101918784887e-04
3.409604399842602884e-01	1.774245581282575257e+00	0.000000000000000000e+00
1.566343256913197424e-01	1.269275166711331337e+00	6.603390416279887295e-04
-7.942537139959929271e-02	9.606309708957183613e-01	6.228525798560616234e-04
1.175729657805153483e-01	1.208138216960107147e+00	5.936528942174588291e-04
-4.298861961000938203e-02	1.005153378763538941e+00	7.477717016789869886e-04
6.293082803242089351e-02	1.045225143081828234e+00	1.343265488729696727e-02
1.166248284141234437e-01	1.201012870660412180e+00	6.682484028614430957e-03
2.491180833280889906e-02	9.770970419672048157e-01	5.777888491449776178e-04
2.698111578563802126e-01	1.574119517548731029e+00	0.000000000000000000e+00
3.704288900285446218e-02	1.005226252396039577e+00	5.906281898892409930e-04
-1.604869130891901363e-01	1.029844384236078714e+00	5.996621916058004998e-04
-3.347389683251498216e-01	1.475174839361441226e+00	6.721626236854608269e-04
3.748588941589289791e-02	1.088263063483225768e+00	1.683277006555577646e-03
-2.687943094698691526e-01	1.258323001567352994e+00	7.862716761596718262e-04
-5.883576423468643568e-02	1.014204561124873560e+00	6.986869877474197838e-04
-1.883308858360502047e-01	1.145809955372193212e+00	6.496502011520970295e-04
1.334187643465631345e-01	1.139510021871349643e+00	8.332724546052811812e-04
2.384407446081754367e-02	1.031933049829250493e+00	9.015394477846816511e-04
1.610301433648714253e-02	1.010983196174693788e+00	6.465117300588498579e-04
2.419116995891724131e-01	1.500804130026056171e+00	0.000000000000000000e+00
1.170190544432425650e-01	1.115191000424026857e+00	1.167851125724987194e-03
-8.006887306922259862e-02	9.729174193643068680e-01	6.172888113429442344e-04
9.677195784008316148e-02	1.168559377719693426e+00	5.756280469351908805e-04
1.079005675245234830e-01	1.141049783475522661e+00	6.252199957531442108e-04
3.988615820271079748e-02	1.018898945599238992e+00	5.973737517293800257e-04
2.644994678193239857e-01	1.551843534728849949e+00	0.000000000000000000e+00
-2.913549973798545412e-01	1.272024700698423327e+00	6.450970711335513811e-04
1.627037845701553298e-01	1.216851133501668958e+00	6.566577270968405790e-04
1.006760464315784309e-01	1.174697158565649380e+00	5.735780194973306599e-04
2.526220863514374582e-01	1.516161907196382552e+00	0.000000000000000000e+00
1.099393253770471757e-01	1.081248465136133818e+00	6.325614707322057282e-04
7.533288001155957758e-02	1.119940771030119908e+00	9.691587077591556649e-04
-3.021706694505998936e-01	1.388167738445997834e+00	5.899408200907868983e-04
-1.678487321867033477e-01	1.124391431190246537e+00	1.394782494642316482e-03
-2.193928629382947970e-01	1.119277969290877639e+00	5.764443294027004954e-04
-1.186670244626565340e-01	1.054047965098890982e+00	5.832934130445609298e-04
2.360272691378130228e-01	1.441087739149618407e+00	6.094930697289639362e-04
-1.362169011214464931e-01	1.059037053045371879e+00	5.892271340071355765e-03
6.103346415439978023e-02	1.091899810602479759e+00	6.294953580018411606e-04
2.891123261735812910e-01	1.612625103346466471e+00	0.000000000000000000e+00
2.328488240738345039e-01	1.432013906069908860e+00	6.481956657500906457e-04
-7.964509081116535882e-02	1.010057864075380341e+00	5.768920740439135433e-04
1.004693228897944324e-01	1.053193461441428447e+00	6.204788103271809433e-04
-1.328572078636016673e-01	1.030328268435276140e+00	6.040534843498481096e-04
-2.626679026948566253e-01	1.301378855598397610e+00	1.864768995319113091e-03
6.687007886801402123e-02	1.014358259795792527e+00	2.912351480228100430e-03
-3.773153489182828890e-02	9.695114662354911150e-01	6.212014224758556679e-04
-6.632783656764421054e-02	9.875561610368382981e-01	7.523565286317447469e-04
-9.677365790114994537e-02	9.586573719316910935e-01	9.840998975866391274e-04
-2.054391300209641447e-01	1.134739076827983029e+00	6.404762188848329594e-04
-9.364440725624298412e-02	1.025068536045601109e+00	6.309117524142160600e-04
6.851024973280789299e-02	1.071714660520275197e+00	6.860721029349540990e-04
1.768849965512835354e-01	1.229947677047340981e+00	8.322049900528307505e-04
8.007817342614069467e-03	9.924637815853432077e-01	1.018870787379617298e-03
9.045026853900524355e-03	1.038816868476413635e+00	6.534957618673972171e-04
-3.804462301249497136e-01	1.619120986665927964e+00	0.000000000000000000e+00
-1.692697669610944144e-01	1.080672758063576211e+00	5.916590956955598965e-04
-9.747906256509991652e-02	1.015051806929310629e+00	5.962589687994584173e-04
-1.103899834399819091e-01	1.036348620048669789e+00	1.056754697361515349e-03
-6.639377868524948267e-02	9.749526513628034019e-01	5.846255839504826621e-04
-2.493659099966063497e-01	1.225553392544258546e+00	6.275531141991026350e-04
5.563982234783994285e-02	1.035004291074540950e+00	7.679814007682643235e-04
-2.905762318523005816e-01	1.277316133956696520e+00	6.715163663057466259e-04
1.567443888953301556e-01	1.203771891992832410e+00	1.129695896045864248e-03
2.013654392841249807e-01	1.346158182554320071e+00	5.964287011757965452e-04
1.110162153195189405e-01	1.089937985993513436e+00	6.465212700058637491e-04
1.760017339914490830e-01	1.323509172497560504e+00	4.373660832926160036e-03
2.220236165225893676e-01	1.446492023500648205e+00	6.507381614164407498e-04
8.090437108803513744e-02	1.141800657636144800e+00	6.528864713089019365e-04
3.443251749840801068e-01	1.833882221907457533e+00	0.000000000000000000e+00
-2.084288124985159696e-01	1.156799137537310340e+00	5.695978520351928625e-04
-2.365004602072043882e-01	1.127446556941336331e+00	6.775516653303867909e-04
-6.642485638177919594e-02	9.714959832798097938e-01	2.791671302187351440e-03
8.661063158596694900e-02	1.127468366138255629e+00	6.287449918457818122e-04
-1.389440592488582760e-01	1.070954008070868824e+00	7.176269066654347500e-04
-1.844115746445117998e-01	1.090803866066491379e+00	5.916059539017858330e-04
1.435045921021552984e-01	1.173124430116711192e+00	5.799483921747856452e-04
1.590070424217157885e-01	1.202503757772241499e+00	1.148698211057728232e-03
-2.105438376052143346e-01	1.170142145694689439e+00	7.706380156561834114e-04
8.980804928531212206e-02	1.062539123075942893e+00	5.807071642401909683e-04
-1.215023700864655831e-01	1.051248706542723177e+00	5.915541266273451060e-04
-1.260992178759839655e-01	1.027454003904223478e+00	5.989912339158286539e-04
3.339289267090655988e-02	1.025849224041035734e+00	8.168531698666633587e-04
8.924584994950857109e-03	9.798696606860126668e-01	8.954149102673069271e-04
-5.568460331880831227e-02	1.004078981601067566e+00	6.881030002506427360e-04
1.016021461920521146e-01	1.175753105479476757e+00	5.910196180900050954e-04
-9.209289146601062903e-02	1.004934984324023173e+00	6.029446847603157304e-04
2.679555233878308518e-02	9.915832032150352360e-01	5.826927373114553768e-04
9.784133862851873698e-02	1.098785316486996289e+00	6.273645593916651973e-04
2.142354128769463628e-01	1.430299099183711009e+00	7.625132283507197713e-04
2.164498747198267611e-02	1.031124419742774245e+00	3.339602480086574510e-02
-9.415526530443754649e-02	9.539837884784362343e-01	5.797213021410208087e-04
2.072405540506916388e-03	1.052300850972259116e+00	6.107299008361327533e-04
-1.104780864245400451e-01	9.931186094059687441e-01	6.205906907532205384e-04
-1.295779848573917481e-01	9.815912922380304328e-01	7.353015615314303487e-04
-7.593189232212524398e-02	9.674867562178806057e-01	2.211663126705353238e-03
1.343105815920664081e-01	1.224489481337228014e+00	5.836853843147087658e-04
-1.045522864290670678e-01	9.697581812196455209e-01	6.108055345013022313e-04
3.277567503469247523e-01	1.764297170979984841e+00	0.000000000000000000e+00
2.379828831038587333e-01	1.465393340242095555e+00	3.360994720885311041e-03
-6.827734203159926962e-02	1.017965024909426530e+00	2.444712363776842257e-02
-6.376252544323862681e-03	1.052673208560457319e+00	8.646331821646016137e-04
2.407163058791408350e-01	1.422606731200161345e+00	5.978473970476320606e-04
-4.111453301699388718e-02	9.649329221381206523e-01	5.744923679833986501e-04
-1.057286342324344763e-01	9.853999156132831061e-01	6.151112038889695096e-04
-1.144352654385420165e-01	1.001077918432722980e+00	5.905446164392145906e-04
2.969024999700781153e-01	1.619647973469789504e+00	0.000000000000000000e+00
-2.800880902544257700e-01	1.290545867472045805e+00	2.314949726459810883e-03
-8.209590487882528764e-03	1.028639500544987762e+00	6.856139858129322185e-04
-1.602102734170399168e-01	1.005395007189993528e+00	6.782024630841796548e-04
-2.897720630959969013e-01	1.369644654398069594e+00	5.901715748997573684e-04
2.487005884745123185e-01	1.435274854436634273e+00	6.917592667979893155e-04
1.242560267353449571e-01	1.144080170032594879e+00	6.378138823086387885e-04
3.836706540142834077e-02	1.031925305477411126e+00	4.453692955993365614e-03
-2.085106056028505073e-01	1.177284169461443764e+00	6.180506935557269349e-04
-1.518378871847116396e-01	1.098382534690541146e+00	6.270210946328312607e-04
