5.158659642655018251e-02	1.017676538335598790e+00	7.760253080414366081e-04
-2.190621646169384484e-01	1.049257554451398011e+00	7.486243297676469259e-04
2.676438418978492884e-01	1.103428011534638653e+00	0.000000000000000000e+00
-1.500241741334941148e-01	1.046683104814089882e+00	1.377146397890051084e-03
-2.530280153078900418e-01	1.100768128834910931e+00	0.000000000000000000e+00
2.376801109705423687e-01	1.116302550977676944e+00	0.000000000000000000e+00
1.690782984312000914e-01	1.010205021329270592e+00	7.533381847291401772e-04
-9.159963182811045601e-02	1.021567699543955765e+00	7.366995039791941540e-04
-6.895817108177687560e-02	1.004651851726121592e+00	5.524128492493029976e-04
2.887698613199045639e-01	1.105868709267950223e+00	0.000000000000000000e+00
-1.397158680317558271e-02	9.800405919724954895e-01	6.882569672151596808e-04
-1.460073639351732455e-01	1.024421486823197114e+00	1.395460638357189217e-03
5.387023128565311680e-02	9.643156963198310505e-01	7.002314327602581281e-04
7.343406344325287272e-03	1.029565064841668098e+00	5.898771691533922926e-04
-1.862788749451957659e-01	1.047273319230342281e+00	6.403646826611999587e-04
1.822152483433600589e-01	1.088283431445264515e+00	9.044008126764419573e-04
-2.372878204082777553e-02	9.697573241404435773e-01	7.752503047302981842e-04
1.289693640511067607e-01	1.054101350276712923e+00	6.808751717593412899e-04
1.916630387504934530e-01	1.061766112918485438e+00	5.931836078593790990e-04
3.048993478119402800e-01	1.122851440036759740e+00	0.000000000000000000e+00
-2.751487382717291985e-01	1.089337075278973277e+00	5.812057031885295433e-04
8.442951380630173142e-02	9.884453815069951244e-01	1.254997049717213519e-03
-1.378291757969000997e-01	1.066368175307108590e+00	6.426264875216109547e-04
9.492107618885292641e-02	9.734695382489914062e-01	6.042030768407889284e-04
1.229461555025385122e-01	1.010663933560092653e+00	8.639302044324486752e-04
-1.277715857396188592e-01	1.054061022760481858e+00	1.687417306947260227e-03
-1.457586980751523348e-02	1.040365265629629166e+00	7.108934091043008765e-04
-3.496904430347670678e-02	9.830922122929300899e-01	7.049615805837533165e-04
2.211861769180646919e-01	1.101244926562666926e+00	0.000000000000000000e+00
2.096144727276331721e-01	1.092409237328420657e+00	7.330953864070686825e-04
-1.685451786088254522e-03	9.680120002194589901e-01	2.186917253690307938e-03
-4.143507331645907010e-02	9.834715854743755203e-01	6.071183436713849940e-04
1.974422232552150991e-01	1.083088632438401033e+00	5.583244951832843674e-04
-1.147203420713884259e-01	1.022016152583227644e+00	6.354833351026268002e-04
-1.127445553607834411e-01	1.009203876538926181e+00	6.016429001745584801e-04
-6.269761701243661833e-02	1.012077851831427067e+00	5.534333244229306704e-04
-9.188449028790117434e-03	1.029485632563402531e+00	7.325485363106702110e-04
1.511873636184058178e-01	1.070228708677981144e+00	6.186649133892648282e-04
-2.062110166387996768e-02	9.688092362105362731e-01	6.056568398869295253e-04
-1.524197101497476448e-01	1.011520434184953965e+00	1.630604744297134683e-03
1.120926736735864682e-01	1.016466408745601235e+00	5.616133714690614348e-04
1.785629026095863492e-01	1.036067268491126958e+00	7.311536992108162106e-04
5.258611486739719898e-02	1.027169680414593556e+00	7.337787771719790414e-04
-2.006122898620648631e-01	1.079139044455890595e+00	5.591719404862770899e-04
-1.664371443899225200e-01	1.043633970611706596e+00	7.327345703063527834e-04
1.081048365667693217e-01	9.864304877243738057e-01	1.156773322402115034e-03
-1.215689286296442462e-02	1.037469415631897540e+00	6.753203363895805573e-04
2.939630191806411608e-01	1.118013664370519633e+00	0.000000000000000000e+00
1.120887880541025783e-01	1.028558885489383457e+00	5.751673437591518041e-04
-1.349848084329365316e-01	9.947650824143329240e-01	5.502989953046064824e-04
-9.739274189139114635e-02	1.035495293808181394e+00	7.602072662877601200e-04
1.997246630209138507e-01	1.073251971570940100e+00	7.299479914549360498e-04
-5.009896129616411148e-02	1.034200743015352364e+00	8.764603940285809434e-04
7.063048622769767249e-02	1.007222801917799782e+00	6.959682653706120289e-04
-1.095305973017276641e-01	1.008983060374921026e+00	5.917838738996725927e-04
-9.476343351852593855e-02	1.031636078050382377e+00	7.429856568388134175e-04
-2.659345157656321512e-01	1.096949925868687670e+00	7.281838134778791105e-04
1.358279337423443367e-01	1.049006877795279014e+00	6.770642126617173453e-04
-7.784182406359452244e-02	1.048828178550699208e+00	7.128329033896809276e-04
2.110896832143406288e-01	1.038002163299631908e+00	6.543499255933049423e-04
1.215799188344450221e-01	1.001584581607803281e+00	6.734943038282855147e-04
-2.288254856039230734e-01	1.085095219941970779e+00	6.856359910797787689e-04
5.580585929956277669e-03	1.002636492620942565e+00	8.726960794243070370e-04
-1.195605524131964914e-01	1.007051552682967976e+00	6.747266391680084010e-04
-1.072527296727791707e-01	1.002265564754522664e+00	7.518130690797420823e-04
1.007521490888592559e-02	1.048095030828847696e+00	1.201881280506368263e-03
1.243407389138950353e-01	9.957063314290955924e-01	6.387347351556718665e-04
-6.717087911024523239e-02	1.004588211245211582e+00	6.338897798040919610e-04
-3.982653337764934659e-02	1.051198262554923879e+00	6.663436318208121540e-04
3.021108936617383778e-01	1.117562532624889915e+00	0.000000000000000000e+00
-1.120798863275065393e-01	1.038486015788150585e+00	6.375471180070396053e-04
-5.290885452783569004e-02	1.042399737249956937e+00	5.511973206903669634e-04
-2.710219142426493755e-01	1.094018793136069423e+00	1.536798119472672450e-03
-6.998481807916348552e-02	1.052834845633179750e+00	1.137740228093767981e-03
2.095762349966036886e-01	1.094352814472580260e+00	6.845264440398915245e-04
-1.046199065343503820e-01	1.001602680362277065e+00	6.884408862003506399e-04
1.061493268419790442e-01	9.900862145696095462e-01	7.951657403863228012e-04
-3.171292993678473948e-01	1.143984176540559616e+00	0.000000000000000000e+00
9.368017012814172650e-03	1.018111776381057432e+00	7.135930851304121561e-04
-2.174518402042788234e-02	1.017562907941986339e+00	6.330209683641434097e-04
-1.983407307985521617e-01	1.059694296316403994e+00	7.286364553624049634e-04
1.818990000484025094e-01	1.029568789573133358e+00	7.747296824003072025e-04
-4.525687234025010941e-02	1.027529190845151597e+00	8.216075165802571093e-04
1.159293325803792130e-01	1.016227429856978670e+00	9.173072311106424690e-04
-1.547833804458262352e-01	9.976536757258738231e-01	9.197167024407635434e-04
-9.794808856301454036e-02	1.024582532655826883e+00	7.552580650271710104e-04
-5.439622580759351234e-02	1.017799771790089070e+00	5.741772612294928323e-04
-2.984970988826612937e-01	1.123411275550906696e+00	0.000000000000000000e+00
-5.882374969584136526e-02	1.010634719389733149e+00	6.683501729052109376e-04
4.792141055050616605e-02	1.023957514329283613e+00	6.696638786643940942e-04
-3.553070058553560451e-02	9.845822923122554693e-01	8.641233701675085773e-04
2.275972196628429367e-01	1.057105727896993086e+00	7.132299181785732231e-04
-2.031975774329811413e-01	1.064484691720012366e+00	5.842470340765190369e-04
3.404778376676284024e-01	1.165306566784131581e+00	0.000000000000000000e+00
2.633496742947947222e-01	1.111047628556269817e+00	0.000000000000000000e+00
-3.531512765134442455e-03	9.735106110572039340e-01	8.441807321909308628e-04
2.175558639684581005e-02	1.011933980936156274e+00	5.915429230369426920e-04
-5.159232278575043296e-02	1.010350425850123246e+00	8.906767486030722943e-04
-2.529081403518143589e-01	1.090381197055685814e+00	6.942832262799884194e-04
7.048643323725736765e-02	1.009337926423744092e+00	5.538959540505612039e-04
-2.213958187974374159e-02	9.731318704742005776e-01	7.171180718405675532e-04
6.911873906238467924e-02	1.013163136835258271e+00	1.045251596259749120e-03
5.996886325482461699e-02	9.847299414522702188e-01	7.960496327278569328e-04
4.183510309675151501e-02	1.045298043195059368e+00	7.625720388171552087e-04
5.438551129842159743e-02	9.766614427551641997e-01	5.793588013548625452e-04
-1.127511069504085195e-01	1.047185030968051711e+00	5.768004488223722054e-04
-2.849539710207349419e-01	1.123132928333399061e+00	0.000000000000000000e+00
-1.448277057022990255e-01	9.900675518668311526e-01	7.333810153762940600e-04
-1.470874624516546325e-01	1.063949194531983444e+00	5.959244251850196340e-04
-2.258447178092154173e-01	1.069299267634553852e+00	1.399394753052957867e-03
-2.989756398809309546e-02	1.047251282300378783e+00	8.990744778268464814e-04
1.274206326362613551e-01	1.055073116125363919e+00	5.756412701589142282e-04
2.440809337762962217e-01	1.100391642580059059e+00	0.000000000000000000e+00
1.699992951029375698e-01	1.013536820176429876e+00	6.630161310787966843e-04
1.623630634785021842e-01	1.060313809360060811e+00	5.671613229991111270e-04
-1.787504866662880110e-01	1.011308129847573234e+00	9.308358289906592956e-04
2.842030427423769545e-02	9.940157128712510115e-01	6.600040933866793084e-04
-4.798974698290927460e-02	1.034869612272497852e+00	5.494907818688643183e-03
-1.671626130736003635e-02	1.008845484020820304e+00	6.507929524776878390e-04
2.353790732693342713e-01	1.083021980826209374e+00	9.437509862770249299e-04
3.813689223609569023e-02	1.042298298234918041e+00	5.726898835921022954e-04
-2.803035825285215554e-01	1.106095812545767387e+00	0.000000000000000000e+00
1.611513740864891631e-01	1.075895773477455686e+00	7.496634155606865784e-04
7.435003213330469707e-02	1.031296480929887682e+00	3.568910260649274090e-03
8.079935642111943372e-03	9.725058276376130628e-01	5.659040198983008836e-04
-3.196407204636544375e-01	1.150381658484005865e+00	0.000000000000000000e+00
1.450154412200085619e-01	1.005913062015861392e+00	6.097303481076962652e-04
-4.102209626051663005e-02	1.031271512962123049e+00	6.517273912830614559e-04
1.016862667631571043e-01	1.033569996843406447e+00	9.027934012008974156e-04
-1.968461492339716734e-02	1.013055131719479141e+00	1.729693568562298833e-03
-3.000058180259101426e-01	1.112479144598099490e+00	0.000000000000000000e+00
2.252319847888029081e-02	1.039722995171998399e+00	6.952676919544262214e-04
-4.745535896445202129e-02	1.036925588696461453e+00	6.402315536931363739e-04
1.743512879613954292e-01	1.048329070289686360e+00	5.573341383687578990e-04
-1.589491720559116361e-01	1.043500900758122851e+00	8.887158112299283841e-04
-2.120454383964236467e-01	1.094862590142495096e+00	5.932656317572924682e-04
-2.631601261336471986e-02	9.937078606291556149e-01	8.090472657595781025e-04
2.127766092281124788e-01	1.035870764841492875e+00	5.657892935604597138e-04
-1.414371910016455625e-01	1.061066574792836281e+00	6.435187310397274922e-04
-1.997991406575519990e-01	1.028406863588132936e+00	5.655092962481866360e-04
-1.689381845974559648e-01	1.070615092949476432e+00	3.524390341845755770e-03
3.394186255714271017e-02	1.049839237049673857e+00	7.553634719778286712e-04
-1.653381012723503796e-02	9.892046214941700999e-01	8.362507572970268163e-04
1.691342769933262824e-02	9.622236030085454805e-01	7.784217848767195592e-04
1.298821092689355083e-01	1.071264872757165199e+00	5.964572932964844285e-04
1.735130212727395704e-01	1.002314795173274264e+00	5.730540845941482341e-04
-1.697778162917032985e-01	1.042596345720544937e+00	9.455855407154183838e-04
-1.380256055115690605e-01	1.038698397541248042e+00	5.737534969639294068e-04
-1.336810452852312814e-01	1.007031228912335541e+00	5.632675665611634351e-04
-2.134833816121343431e-01	1.058562025025252096e+00	6.658225681506105926e-04
-3.139338827965477280e-02	9.664955498875379414e-01	6.790885949980772843e-04
-9.412479322377625968e-03	1.023374403665925803e+00	6.994987190388433354e-04
-8.488465324791599764e-02	9.963324374482913637e-01	6.513129908399429993e-04
-1.118902091334973425e-01	1.052852021792753057e+00	7.235440073506543834e-04
2.120942869235342143e-01	1.061857265688935126e+00	5.894012097261007747e-04
-1.618650000101233832e-01	1.020978721200229034e+00	5.886334519942032148e-04
1.817509161532654405e-02	9.872397503064069824e-01	7.037867827949587096e-04
1.679200246156584142e-01	1.074522959832830526e+00	2.549821589615391525e-03
1.301750467921205801e-01	9.881564635749586767e-01	6.837048510239286669e-04
-4.166665164562713408e-02	9.797909664885086078e-01	4.139216986500032086e-03
1.609130483355292185e-02	9.674501078289813316e-01	7.309533789175221485e-04
1.869133450266299290e-01	1.073627396985156857e+00	1.237240765448715607e-03
-1.768272799883851554e-01	1.078469678388454200e+00	7.025861781105441611e-04
1.272496681888355685e-01	1.000028364220687305e+00	7.742992920415633440e-04
2.073961089303076599e-01	1.097480223489816664e+00	6.157196843665595481e-04
3.524374316564932164e-02	9.887088298723063495e-01	5.574526836340265058e-04
-3.127120676780758002e-01	1.131781040493117452e+00	0.000000000000000000e+00
-2.864775827010596077e-01	1.110548596919538333e+00	0.000000000000000000e+00
-2.830210581798603409e-01	1.109225107480175554e+00	0.000000000000000000e+00
-1.502356642268500575e-01	1.037814628322975885e+00	8.362526429314788914e-04
1.843411234010191024e-01	1.073362292852692024e+00	5.874226480260765805e-04
-1.407430484005470772e-01	1.005870094047073504e+00	6.428923217945673894e-04
-1.133538938310285626e-01	1.018510750656878461e+00	6.805332677875746512e-04
6.083945168618283550e-02	1.010114761040928011e+00	1.500438058790014512e-03
1.054390930159729844e-01	1.019806372912507308e+00	5.606369179299691132e-04
2.401028058442129520e-01	1.115332508904355091e+00	0.000000000000000000e+00
4.094571226967196054e-02	9.688450321745818439e-01	5.674735045802250209e-04
1.740515285476368079e-01	1.066577085593984231e+00	8.724063126487773597e-04
1.011830673540388414e-01	1.016253721270873100e+00	7.228438671103339791e-04
1.255302587463000830e-01	9.905970047873543516e-01	6.045896581653527248e-04
-1.635120894907171052e-01	1.038774562678961288e+00	1.743823255971295406e-03
-2.472984079093158427e-01	1.118793523954189739e+00	0.000000000000000000e+00
2.492574189553488639e-01	1.083869017292956149e+00	2.060130725611546403e-03
-4.932708906625532519e-02	1.043689354324405683e+00	6.066441459903255560e-04
-1.012791206690907414e-01	9.745511282240481021e-01	7.612571108025539737e-04
2.514525720911074957e-01	1.066036074638287312e+00	7.259202959618528059e-04
-1.525293560301312357e-01	1.080531836519559086e+00	6.701100071149664050e-04
-1.092143356071143268e-01	9.809160363646463043e-01	5.983420913426194202e-04
-1.118770577195425386e-01	9.932468789763800876e-01	5.608472059685839367e-04
-1.366358677631862306e-01	1.055255947081573442e+00	6.617741735510791713e-04
1.675255018142750574e-01	1.057743844612820228e+00	6.042676991209193797e-04
1.381972544539281089e-02	9.854607097606215005e-01	6.994591349399663588e-04
8.711525110176486508e-02	1.041141758360610847e+00	1.543841420468013278e-03
-1.131071622597274728e-01	1.025266345680023061e+00	8.315452219682303034e-04
-4.947289161054055362e-02	1.016255061206232657e+00	8.618743500082679150e-04
7.898891177064017166e-02	1.057160673080174362e+00	4.450946468306739637e-03
-8.788370555863055100e-02	9.823320138559418213e-01	7.683628388201243359e-04
6.541897726836332083e-02	9.745858699390099744e-01	7.759087380116996705e-04
-3.419922389203943203e-01	1.161366680871105839e+00	0.000000000000000000e+00
4.148872844753731526e-02	1.003896091347196817e+00	5.525220884370713121e-04
-1.369967422422267989e-01	1.038464395916546712e+00	5.566563737267071245e-04
1.624871893632955366e-01	1.005723556543419273e+00	9.953230971823225168e-04
-1.892734074321855697e-01	1.070846927505172186e+00	6.434179837391272366e-04
-1.196861318202849939e-01	1.004132707093515986e+00	5.920984911435827214e-04
-1.680343779639807411e-01	1.073853036166199981e+00	5.807287032248950641e-04
-1.197182271053488789e-01	1.034666095404216168e+00	6.233391330069121142e-04
-1.830038619842977443e-02	1.008866868397286787e+00	6.790987852663849531e-04
1.067443328199565722e-01	9.963738727984785548e-01	6.368045287733048020e-04
8.886034598449343846e-02	1.022450208271954653e+00	6.863115509172930092e-04
-4.343207831933582064e-02	1.000284525172818295e+00	5.603806080775558356e-04
7.476621162075255955e-02	9.772582828735359994e-01	6.345002864130863630e-04
1.012175398662335246e-01	1.059246902550912806e+00	6.598523212962214505e-04
-1.244616291323626250e-01	1.015426325932124563e+00	7.825893643149184949e-04
1.279817525705375658e-01	1.070193255209539895e+00	7.488093993475186151e-04
1.361930002634058057e-01	1.017170972550558883e+00	6.531822854325189647e-04
1.105976252079637207e-01	9.808538843289226206e-01	1.282400530178366867e-03
1.043620443550576371e-01	1.048108993319637028e+00	2.892125725450275971e-03
1.226217775354612738e-02	1.019948754176237093e+00	9.134687728783538350e-04
-7.377207433127780378e-02	1.016435007106709199e+00	1.543420408526127632e-03
-1.022380385391222918e-01	1.016211442350905214e+00	8.010559367949827937e-04
2.508494968265815861e-01	1.066997345447598500e+00	5.767486899337710042e-04
-1.627802015294176341e-01	1.063772197655615370e+00	7.835701704909679493e-04
2.235316946920187231e-01	1.068790037426740280e+00	6.289791135781684596e-04
-1.592154848689431024e-01	9.988366872612876035e-01	7.314503413140048625e-04
-1.551863686271042764e-01	1.004261252283489947e+00	9.031607118760048326e-04
-2.321021563493797513e-01	1.054012520051131219e+00	6.775812867250783755e-04
1.212063837441279962e-01	1.022608218809724745e+00	7.010005372234388204e-04
-1.900659838950367053e-01	1.022179891313807598e+00	8.734041821605855946e-04
-2.150964745977359399e-02	1.019408414112487060e+00	6.066999751396319517e-04
-2.678172425233570075e-02	1.001558911448695577e+00	7.569498911379353955e-04
-2.883422887470366014e-01	1.130942879997921091e+00	0.000000000000000000e+00
-7.923642491717589054e-02	1.021096260388289378e+00	8.071777458659875303e-04
-3.081172007163137661e-01	1.126371201853076265e+00	0.000000000000000000e+00
4.076671270566453731e-02	1.049786078018527746e+00	1.109066988611629107e-03
1.900338859205962516e-01	1.065839862162099916e+00	5.844946976855402727e-04
1.387054454352937005e-01	1.031499851260387235e+00	9.748279580168999099e-04
-1.631946111420297663e-01	1.055814369205335446e+00	6.306529129171306635e-04
-5.643940168181055261e-02	9.637830571333564356e-01	6.032149051168541080e-04
-2.470854754504668016e-01	1.091375373842154772e+00	8.238195320902384549e-04
-8.746573187806709615e-02	1.044100648058305270e+00	8.259151395675452204e-04
2.083078199517603146e-01	1.031426015720194433e+00	6.606888702895197989e-04
1.295282842767234155e-01	1.036546951609838230e+00	6.241059272326374748e-04
1.629987272890902061e-01	1.050597444155725535e+00	6.229351163431030370e-04
-1.693042950356829501e-02	9.759292017379791462e-01	6.726880045801461117e-04
1.422244483136777538e-01	1.064070994628006028e+00	6.034839952925048073e-04
2.106714518046571283e-01	1.058109855838923474e+00	5.658398215223780668e-04
-6.188410431720327981e-02	9.876558513172212228e-01	6.934047481348018342e-04
-1.669936081491922020e-01	1.034935093465384703e+00	8.205327676474727253e-04
-1.052625314817957070e-01	1.029682941828556686e+00	6.590024140659199014e-04
1.572502447219828736e-01	1.013865073987725740e+00	6.755824821287233217e-04
1.174366484163738567e-01	1.006221255573221507e+00	8.777375841048179472e-03
-5.733919885092753077e-02	9.887977926080488977e-01	9.047337947891988773e-04
1.936076059540600691e-01	1.018756176859115126e+00	1.142686634669134050e-03
9.649708526474690129e-02	1.021435468034476823e+00	1.618916836553612165e-03
1.161930948237482053e-01	1.001807253869946512e+00	6.270123294153622092e-04
-1.686482099094035736e-01	1.082056766973904738e+00	2.000117753782216807e-03
1.181142351591835116e-02	1.029571093854237063e+00	7.631553155446809409e-04
2.814171831299679960e-01	1.110979420851401889e+00	0.000000000000000000e+00
-2.555475874340004325e-02	1.030014323387356656e+00	6.479220297302508078e-04
-7.406647020596676678e-02	1.018983782901887292e+00	6.037769083088543329e-04
-9.010808821245268330e-02	9.850502662142687216e-01	7.069699627441377752e-04
-2.408171466100910152e-01	1.099076470447919451e+00	8.616486240437838933e-04
1.590769332983698048e-01	1.059058082535596190e+00	9.269559913470332493e-04
-1.350482208995238409e-01	1.045712200912154000e+00	5.905323534613754607e-04
-1.882482305095215247e-01	1.081271238315661742e+00	7.168584763471515155e-04
8.258358303750251705e-02	1.035997892609635818e+00	8.853125063808680879e-04
-4.411856931015381567e-03	9.755394053548152034e-01	5.696444939907677890e-04
2.710055048113781950e-01	1.093433580954793261e+00	1.566837210992352023e-03
1.216200418409007639e-01	9.887351507517836424e-01	5.940319656879236880e-04
5.254966773983409112e-02	1.017464461109837126e+00	8.307306072234440630e-04
2.202334081822889256e-01	1.038859953036371131e+00	7.304129482438755094e-04
-1.678371804040023063e-01	1.065734704460938431e+00	7.032738671522744929e-04
-1.783304842159924575e-02	1.037178010825849261e+00	5.687070156847453877e-04
-3.224453369932032132e-01	1.153722123080083373e+00	0.000000000000000000e+00
1.003368524073969259e-02	9.707725265677902282e-01	7.032281953091316842e-04
-1.473090478159711225e-01	1.048062421780169062e+00	6.994183302055931653e-04
-1.348606596654042256e-01	1.013233540632451968e+00	7.554248558439395373e-04
-9.352812340591351581e-02	1.002615858691447315e+00	7.925525870018121453e-04
-9.787979515365187455e-02	1.050786648518203803e+00	7.327135634679067359e-04
1.009327705854547036e-01	9.969103840621132973e-01	5.942091585674331121e-04
-1.570040513593654596e-01	1.052535521394402984e+00	7.931423455121571235e-04
-2.722823074779442964e-02	9.604314502413577870e-01	7.727701944253615417e-04
-7.276436926611090650e-03	9.761673753579572788e-01	1.304340604205558602e-03
-3.757141079760092928e-02	9.739335632733524539e-01	5.794176404954564080e-04
9.815579514326217003e-02	9.712364940458119156e-01	6.330982307061015909e-04
3.879408212045443172e-02	1.000787023933201958e+00	5.510364944324719350e-04
1.350269275324252338e-01	9.879722587286524638e-01	5.725798565612686720e-04
-3.257204146902441533e-01	1.141326712654302300e+00	0.000000000000000000e+00
2.244622360513690851e-01	1.074375930050275096e+00	7.254839593315533979e-04
-3.191424710489457195e-02	9.623256662712973419e-01	9.373813753104029162e-04
-1.922165992904332765e-01	1.034504935097123823e+00	7.435699304465319100e-04
1.108067976363853457e-01	1.058070606073440167e+00	6.677589210695886136e-04
-1.067853103745291382e-01	1.003070805791782538e+00	9.073873591602295025e-04
-1.668360422675127519e-02	1.033268824535612973e+00	5.639772232416715792e-04
-1.491377907598643443e-02	1.018553139899682325e+00	7.181043465578659628e-04
-2.014982084391925832e-01	1.095648187718034183e+00	7.372441885062680673e-04
-8.927097013084916988e-02	9.963776477857546610e-01	7.328426438179834511e-04
4.896625740236368318e-02	1.006251452401718538e+00	8.025120408891944996e-04
-2.023739935474722085e-03	1.016014760164579700e+00	7.134015294497846960e-04
-1.220469107863336733e-01	9.974078206771737065e-01	7.695338464378966405e-04
8.623548762599177187e-02	1.026586497514703655e+00	5.506011348070822273e-04
-2.744712157500115435e-01	1.107613810516897335e+00	0.000000000000000000e+00
8.253857072804876571e-02	9.829136862344997061e-01	6.491023735397355270e-04
1.772181976270354176e-01	1.027892719508413322e+00	7.924157582097522343e-04
1.729722428380227051e-01	1.004903673563783073e+00	2.141460993360356623e-03
3.272577472837560897e-02	1.029620721813718331e+00	6.445362711468249602e-04
-6.940253266616960848e-02	1.001989694710149648e+00	5.806922422693025498e-04
2.039494901909132962e-01	1.073762868841522167e+00	5.900895730439838140e-04
-2.506338259583633654e-01	1.088644493666129254e+00	7.436877649109116658e-04
2.048881348330804097e-01	1.073672526377565495e+00	7.224057880243323852e-04
-1.302035139074656789e-01	1.041180251960399650e+00	5.791130965789898378e-04
1.282030941432195925e-01	1.004483919787863888e+00	9.310222426225738240e-04
-6.189594881215639000e-02	1.025094673836709713e+00	6.422839256462686223e-04
-1.371965084922926181e-01	1.002529616239641319e+00	6.288354726001447884e-04
-8.461229541910259000e-02	1.052739495136044479e+00	5.737763868050735567e-04
1.926895708056772238e-01	1.021478990504562923e+00	6.451614365798197118e-04
-1.347927349859912860e-01	1.003116252701719224e+00	5.870712087116293498e-04
-1.242405601984283570e-01	1.063080618971980140e+00	1.010266537464854855e-03
6.435098961272378570e-02	1.003980143778782752e+00	7.783521713071604644e-04
-5.958877082362451505e-02	1.046826084570591675e+00	5.817207247541706120e-04
-2.272102880688640358e-01	1.079997148819406450e+00	7.736695910502978382e-04
-1.222471048599843013e-01	9.918497563161647879e-01	6.127090495077374462e-04
-7.480656216472356124e-03	9.973773123411517894e-01	1.513200566240133042e-03
-8.778189912838046949e-02	1.009266936870738762e+00	1.985095699880632530e-02
5.057586303346597867e-02	9.952524356615527479e-01	1.870173669388475353e-03
8.670624834691187388e-02	1.007824895962025513e+00	6.121565399879748924e-04
-5.258134809270059717e-02	1.042288210860016884e+00	6.664952737781382024e-04
7.254476334095971701e-02	1.031119887677026004e+00	6.173972625877548149e-04
2.417619919599197920e-01	1.101389676209403534e+00	0.000000000000000000e+00
1.376043360392725512e-01	1.038422728879301093e+00	1.157511531838667463e-03
-2.198558545126998720e-01	1.042226477412100616e+00	5.733989229864641960e-04
8.573489219835057906e-02	1.001110914395214602e+00	9.881579925018453905e-04
4.897075733626833627e-02	1.007991191621765203e+00	1.063116750354700917e-03
1.286324660043141332e-01	1.063011531962422929e+00	7.095649121101501970e-04
7.658550810942160725e-03	1.013623925761932387e+00	7.795157333137436514e-04
1.050267829319163210e-01	1.017355843758086076e+00	6.352221763305853980e-04
-1.100207079901014684e-01	1.052197126028724394e+00	7.261913384546672331e-04
3.326283791130915657e-02	1.025903337428002216e+00	7.740018430741104878e-04
-2.533049062946500229e-01	1.094770012616158583e+00	8.129263663146043574e-04
-1.682553956425318353e-01	1.024350268590720647e+00	2.510838564007284064e-03
1.103214112322375706e-01	9.810014612639115228e-01	6.480506548999928011e-04
1.934691408305044824e-01	1.064842482676065405e+00	6.014543497545961261e-04
-1.486154952137568874e-01	1.054810576736143535e+00	5.598065360771278245e-04
4.338521181260462933e-02	1.001670238242872601e+00	5.931877858626641254e-04
-2.006875206282197066e-01	1.089644072079335668e+00	6.994593685041424966e-04
-2.730503585349332019e-01	1.124939838663867375e+00	0.000000000000000000e+00
1.476557601586708512e-01	1.004347482035267136e+00	2.938117905558495883e-03
-1.339378505091253502e-01	9.823890711229290584e-01	1.019247201457948448e-03
-6.366096655273753568e-02	9.692105997946708351e-01	7.976854027213070575e-04
1.393528524932869384e-01	1.073297465912047555e+00	7.180527549735254847e-04
2.485257008664860656e-01	1.107050842914769850e+00	0.000000000000000000e+00
1.775494265983611208e-01	1.079460269074421275e+00	7.070583035372544596e-04
-1.917235406877486614e-01	1.071263581374709117e+00	6.596353132754421500e-04
-1.546034638148729157e-01	1.045919161487294247e+00	5.947716715306214895e-04
5.160022028092406399e-02	1.006112562435353075e+00	5.613936132223295607e-04
-1.628236820330380974e-01	1.050454753463499147e+00	6.175625881172055369e-04
-9.745361371835693787e-02	9.883754344644719581e-01	6.326696069331557348e-04
-1.508149424661210103e-01	1.033649374177160851e+00	6.235083771684914742e-04
5.976189574945653393e-02	1.005964907949858933e+00	7.442191308978680225e-04
1.864798060549835435e-02	9.584973942153951487e-01	7.026069353646106777e-04
-2.105133549415475758e-01	1.058133997411902172e+00	8.796315406537497106e-04
5.810423280278446956e-02	1.020827434780573473e+00	6.419418279601322649e-03
-1.015487745691110166e-01	1.012608570654474960e+00	6.928845308018309309e-04
3.135437229212351129e-02	1.003880928220871382e+00	1.617660237445658119e-03
-1.660757527932976707e-02	1.035626601132049851e+00	7.039761464617471732e-04
-1.216626435558823549e-01	1.022503515808744767e+00	7.334612278111055138e-04
-2.762765524973717080e-01	1.091424444849365738e+00	8.482725664655804557e-04
2.148656276870692383e-01	1.048536737641617478e+00	7.709886560301850485e-04
5.139684682131402671e-02	1.003286797478891712e+00	5.509514186695867828e-04
6.761436567052769853e-02	9.786500914527314077e-01	1.562984371349345055e-03
-2.462048569540377374e-02	9.946309865895133218e-01	5.635894808360212551e-04
-3.828342662999316415e-02	1.004312452724792637e+00	7.816808201416497806e-04
3.000179903291892991e-01	1.133214427266181934e+00	0.000000000000000000e+00
1.553237398730944463e-01	1.052619720609232701e+00	7.050039776038259610e-04
-2.364562298817518560e-01	1.112411149741382888e+00	0.000000000000000000e+00
-1.707394110790153297e-01	1.067999489302723815e+00	6.637737893974695810e-04
2.861091357009987873e-02	1.028201691056823908e+00	6.132426250349576639e-04
1.548876389373693985e-01	9.895623875895797061e-01	6.791067740425209016e-04
-1.300115144498278086e-01	1.072089256841449068e+00	6.823322628407784514e-04
1.956985995076885310e-01	1.061090667510827368e+00	6.371753742821743968e-04
-1.453134471349900592e-01	1.034139488292087794e+00	6.877946128062173729e-04
1.101307397843901831e-01	9.942523830559284459e-01	5.810763507850570664e-04
5.191105135441055618e-02	1.011283315473584743e+00	5.578049274601358867e-04
-2.768688226852264456e-03	1.035743662189537062e+00	7.242046957756988765e-04
-4.486868582903076608e-02	9.982441286788514834e-01	6.097882790175798706e-04
-2.052876391127153588e-01	1.039402211944107091e+00	6.235640456614425717e-04
1.485965756014034911e-03	1.013319426722660621e+00	7.942771040243492729e-04
1.101033794534166943e-01	9.920362591387497098e-01	5.493691705794895167e-04
1.906211335345350810e-01	1.065572199220468752e+00	6.874273548722604869e-04
-4.140491294565747799e-02	1.017678972251690350e+00	7.646617671587726270e-04
4.139239944654984904e-02	9.903559721500948543e-01	7.056305804312237601e-04
1.188751023728552014e-01	1.010843888874583429e+00	6.818930506505254795e-04
1.193329907547253377e-01	1.047014113172310079e+00	1.099933645805892951e-02
1.871761928940076647e-01	1.092901294249150945e+00	5.597489375777707325e-04
-7.540229651268866295e-02	1.056661329110775815e+00	5.587272468716271640e-04
3.565920351811496802e-03	9.920061877602474043e-01	7.088918293820767021e-04
-1.297236586998196384e-01	1.056218284725506384e+00	7.905408425921652601e-04
-2.477224949331024648e-02	1.022760523273686717e+00	1.203421149703340744e-03
1.632356998782737156e-01	1.038285576238904717e+00	5.900052845326609957e-04
6.191997441296677451e-02	1.044412418056809511e+00	5.972010684734076116e-04
-2.571833051355025823e-01	1.089531515487672797e+00	8.531819719569659231e-04
-1.347656936209909104e-03	1.042263560523325472e+00	6.157209352384084662e-04
-1.252230532410238684e-01	1.017326717906647637e+00	6.227720737249564306e-04
-1.293170460536419430e-01	1.031476996474398833e+00	5.561317634944077434e-04
-7.979519092852317697e-02	9.915936025149674204e-01	8.283616753575761844e-04
8.058765769064282769e-02	9.729492682610378917e-01	6.702460842009546867e-04
-1.087413399389119961e-01	9.756442188325776810e-01	5.889832185138681956e-04
-1.054799679511810029e-01	1.044148346273178651e+00	7.956137452237408174e-04
8.611012730216804911e-02	1.022771232784388307e+00	3.026242980396338933e-03
-7.548121209959582356e-02	9.898870237729379129e-01	6.092313006089889902e-04
-1.318480139746468771e-01	1.036308528788857597e+00	8.011701346818113053e-04
9.793632589147133194e-02	1.016834902415637343e+00	6.196873114787610284e-04
-1.947662750230997886e-01	1.058710385304803214e+00	1.013050506112290246e-03
7.934219221766852792e-02	1.005775927750959475e+00	6.889418096118213666e-04
2.056442697237793604e-01	1.085807349783021847e+00	5.643301283890180984e-04
-1.586869327815354502e-02	1.021433079949644940e+00	7.642241917979876280e-04
-1.006669822273439097e-01	1.038677529492386231e+00	6.214384218369264825e-04
-2.393378259815831799e-01	1.108578311535435290e+00	0.000000000000000000e+00
7.386910577838914915e-02	9.960440354980730771e-01	9.246875981741302288e-04
-2.805712526085374359e-01	1.129542678141669310e+00	0.000000000000000000e+00
1.729138837815857310e-01	1.023584532007069337e+00	8.514351180160181776e-04
5.080386067771933134e-03	1.007130790249369801e+00	5.864518495681076901e-04
-3.695466227423982453e-02	1.009488151505459008e+00	5.537523383726428595e-04
-2.350960127027508506e-01	1.085452194399437964e+00	7.024410518737667216e-04
-1.175138304273526391e-01	9.908623203886945952e-01	9.160595308003135259e-04
2.270675453031855140e-01	1.102634866254798007e+00	0.000000000000000000e+00
-1.389077972634827907e-01	1.000567204800141274e+00	7.078456142164011797e-04
1.294524345604060878e-01	1.016996340416264744e+00	6.231091687274943787e-04
9.406438426195593006e-02	9.764790669907865706e-01	5.541060976970788986e-04
-7.839052058987594496e-02	1.005435995895293200e+00	7.362608524509617900e-04
-1.088127784626509997e-01	1.043544164789508066e+00	7.245918574882985897e-04
8.966268798479187785e-02	1.059392915185080497e+00	6.162122230531192572e-04
-5.575307206010805122e-02	1.039257896300414874e+00	6.623472441589918318e-04
-4.939615537195737177e-02	1.020848809207982155e+00	9.095020512689263540e-04
9.276022225808783217e-02	1.002387539548264650e+00	7.253342102528972371e-04
1.784782097129128109e-01	1.055626060797959509e+00	6.406501875873980758e-04
-2.454385139373701230e-01	1.090862971034557871e+00	5.545858246734834901e-04
-1.754922752122786700e-01	1.022503340237022718e+00	9.578917292086386705e-04
3.272044681519553633e-02	1.011171012409252334e+00	9.678664803217636517e-04
2.937149400826379042e-02	9.637185468705069535e-01	6.587192001914493481e-04
-2.334263694637817577e-01	1.048169952084929468e+00	9.149288879903553660e-04
-1.236480052690694248e-01	1.053834855976049756e+00	8.655519550734342869e-04
1.113604889694527339e-01	1.029542590413205172e+00	6.387301303451983986e-04
-1.951952662318783005e-01	1.083514024752139981e+00	8.235017012105478804e-04
9.952712134524151211e-02	1.016247599093925702e+00	7.334059402919606294e-04
-7.225993885994233534e-02	9.648253983780219478e-01	6.749070691909161068e-04
2.116773469861114587e-01	1.055664321126666527e+00	7.656742299941679585e-04
-1.089848707926162064e-01	9.975926040741511791e-01	7.517917293670541923e-04
6.143413883731578540e-02	9.721207649407513918e-01	7.259020670768803491e-04
2.411988874662063242e-02	1.033600820613217230e+00	6.140249410261716060e-04
-1.665541139025563666e-01	1.075979090023213791e+00	2.052782097375132220e-03
-9.815777424802371587e-03	9.977387646412639866e-01	3.607732256766036597e-03
-1.172394499210895336e-01	1.039704952029171015e+00	6.541711591701644029e-04
-3.893156783970855295e-02	1.043301154786905993e+00	5.529086495815584232e-04
-5.068328038506322852e-02	1.012574306749908004e+00	6.437444275476629854e-04
-9.579031173976096381e-02	9.918899361479454058e-01	5.982121393318767496e-04
2.004367631944971584e-01	1.045405605181891184e+00	6.938934665739529811e-04
1.702186635246346891e-01	1.023678365125961109e+00	6.530650391395959519e-04
-4.257752109594331591e-02	1.041111461478603006e+00	1.680585659112615897e-03
8.473380475540445711e-02	1.029253758607697300e+00	7.628215400302312604e-04
-1.775401111809104537e-01	1.046429982011473747e+00	5.824066390995124003e-04
-1.264791316561895973e-01	1.067691197138878945e+00	6.591472426973051879e-04
-1.380434223655719050e-01	1.021438852393466767e+00	5.545778650159687928e-04
-1.633895822647720153e-01	1.056410849760013759e+00	1.502898791465250884e-03
5.018266369991157549e-02	1.004393223638357924e+00	6.626689610802285763e-04
1.875661530282642930e-01	1.058111720831084179e+00	7.144363136044551638e-04
-1.498955654700206142e-01	1.033880643164369451e+00	7.086828575251711811e-04
-1.952952909722022456e-01	1.032724171206822694e+00	7.896765597103200902e-04
-1.596197285481445738e-01	1.028957346879984192e+00	8.204943662857040873e-04
1.630943845598337161e-01	1.026905801242774752e+00	8.071369119567548683e-04
-2.795061238109754209e-02	1.003603041087906655e+00	1.304260625491162999e-03
-1.114414661324556743e-01	1.000925318391292507e+00	9.283719957721841025e-04
-1.724374235377019726e-01	1.061687557924171799e+00	8.461965828532116724e-04
1.107550129714631598e-01	1.038172077269200910e+00	6.030755261725494415e-04
1.849430202025877656e-01	1.067621669346163538e+00	8.099569034974972177e-04
-8.708711084362955046e-02	1.038684931084103757e+00	7.067600676835817915e-04
1.939649385373563018e-01	1.078073304777906305e+00	9.728918344959895962e-04
-1.468960019862070032e-01	1.078555289102340664e+00	6.075464464611226700e-04
2.005697286742932350e-01	1.040223616619517344e+00	8.023498802375669163e-04
-2.565322069948098097e-02	9.763344388199980406e-01	1.668958215988839994e-03
1.394478466774611014e-01	1.047118359675722532e+00	5.687756063450910950e-04
1.897129344019187758e-01	1.051266782551402823e+00	7.315661399119018429e-04
-1.039564698549858557e-01	1.037049544658959821e+00	8.256622320355906219e-04
2.899694544226299325e-02	9.792187302610858568e-01	1.120707418261220230e-03
-5.845290658594196054e-02	1.051004227865796281e+00	6.759183409829189453e-04
-4.342139540617961924e-03	9.689286765128278800e-01	6.228465343137229654e-04
2.324710330012400017e-02	1.011256626785264734e+00	6.495615599772303810e-04
6.570933960939809304e-02	1.019951595819509338e+00	8.402460804038632599e-04
-1.432006666082371871e-01	1.066463622452926252e+00	5.979591955073090305e-04
1.502864802570400837e-01	1.055217544827012466e+00	7.714477218170637772e-04
-2.369961220425531867e-01	1.059134835278567888e+00	6.724109565981639842e-04
-9.654442037898057494e-02	1.046201186823044305e+00	5.994479563854704070e-04
-2.205217864796729932e-01	1.059546023600910214e+00	5.583495635689386715e-04
-2.373414677210078927e-01	1.114302693075719386e+00	0.000000000000000000e+00
-1.233243015073574450e-01	1.036137495437299938e+00	2.011186604641162536e-03
-1.188898438451897188e-01	9.968188551576023793e-01	5.862825330150083598e-04
1.213616750870879502e-01	1.027912124855889120e+00	7.467812361185444938e-04
-2.535027798773128449e-01	1.072706979195187316e+00	8.771586783830349204e-04
-2.248172571878687132e-02	9.854733325125603072e-01	3.940900787188841674e-03
3.488969022529819775e-02	1.025702564307677811e+00	5.543730056719457008e-04
-6.179461363756973136e-02	9.765492577936047969e-01	9.304092442498592590e-04
-9.391761680433802217e-02	1.029849390802038078e+00	7.661466946643204169e-04
5.411978824598366600e-02	1.020253912430092669e+00	6.874259510478510126e-04
-2.743312772358984519e-01	1.112922242814200935e+00	0.000000000000000000e+00
-1.556509289997604628e-01	1.004464877563252312e+00	5.931034419253185946e-04
-1.177552884421277923e-01	1.023388124490979489e+00	6.938293497812986254e-04
-9.066647258916030183e-02	1.017089981667188558e+00	6.303003250856245229e-04
9.673502607230900774e-02	1.015571696642494581e+00	6.396836256211992089e-04
2.183155106220860953e-01	1.036236599471823228e+00	7.348970296373976601e-04
8.554233289701340670e-03	1.007763411811828602e+00	7.197612141406836694e-04
-1.826764593819427962e-01	1.074682408640359021e+00	6.135959885318414356e-04
1.906521094788219961e-01	1.050946714306619345e+00	7.586683057364677126e-04
-1.869225104061986442e-01	1.040958736878319524e+00	6.386424173624016126e-04
7.432992367266136324e-02	9.949098502562533364e-01	6.135437321949555219e-04
5.848743194418251634e-02	1.037700355497922278e+00	1.354606189926763288e-03
-2.677064127238836244e-01	1.110390984264941983e+00	0.000000000000000000e+00
1.245891595225243065e-03	1.033510025809219579e+00	5.710346348670177841e-04
1.867728894296326603e-01	1.017411759857253406e+00	8.730005349914597397e-04
-1.097676393752919644e-01	9.997114346553018782e-01	9.806546678761960453e-04
1.684903216844149676e-01	1.075767298464221700e+00	5.787987661718949680e-04
-5.807655152919471986e-02	1.033774498218096749e+00	6.753302357291134485e-04
-5.900852191083524878e-02	9.779572702262153694e-01	1.858025862329794071e-03
8.507230417630617936e-02	1.056001437012027422e+00	7.862696897762361595e-04
-2.176119002262901503e-01	1.100894932341062393e+00	0.000000000000000000e+00
-6.211642198074102117e-02	9.717471301241499271e-01	7.031889789375361669e-04
1.570867041668770336e-01	1.057774637950154695e+00	2.149018062366787017e-03
8.151088122507914313e-02	1.044833429197452368e+00	8.894608220944512280e-04
8.425193040943712575e-02	1.008490014320799766e+00	6.581447253006533511e-04
-2.843132669303108373e-02	1.004248070356642986e+00	6.827336401190362654e-04
-3.540126646455083598e-02	9.894184971830822795e-01	6.779021621562006600e-04
1.105882596858681899e-01	1.036814781562566123e+00	1.177505491090842602e-03
1.300216816214595505e-01	1.041310821818260735e+00	8.519955852475209410e-04
1.486102672958651838e-01	1.064138928213457902e+00	8.194947497366457433e-04
2.781775337902147038e-01	1.105704985415652875e+00	0.000000000000000000e+00
2.187418885068647123e-01	1.038209542616411740e+00	1.427874099464959256e-03
-9.970958696316335745e-02	1.044921937965680225e+00	7.117237000337514954e-04
-8.770685656274988806e-02	1.021412682084436474e+00	6.843606218563339644e-04
1.165773670634438486e-01	9.833342578455060989e-01	6.623682670811010349e-04
1.112670849606306189e-01	1.030007455816917439e+00	7.611544665826273492e-04
-1.118846692720308483e-01	9.784686613398941857e-01	1.483501372792241438e-03
1.544755318476506711e-01	1.044377647886886695e+00	6.476294870759435321e-04
-1.156969223579360218e-01	9.881058900975954185e-01	5.743131609119866586e-04
-5.460854995326411276e-02	9.781757434511042515e-01	7.076256364663077465e-04
-1.859245302305521375e-01	1.012779460360470951e+00	6.772810815304517243e-04
-1.170544051041687850e-01	1.035809426763059315e+00	5.855762809534358418e-04
1.040949577753462196e-01	1.015526631465100582e+00	6.731268674673824507e-04
-1.984934732042188676e-01	1.029074390697451769e+00	5.725182117475620261e-04
1.679851537147329654e-01	1.061769903464050202e+00	6.403876016284773629e-04
-3.112695603397888644e-01	1.140270705395299844e+00	0.000000000000000000e+00
-2.429278389046753139e-01	1.071902660027913567e+00	6.753575919598298061e-04
1.257895563459582866e-01	1.014068075378382616e+00	7.965787166852207613e-04
1.049499988003402551e-01	1.060108081723927897e+00	3.782373192790800583e-03
-6.104501471201205509e-02	9.879741263099645066e-01	8.263293460408461470e-04
-1.102553306618745954e-01	1.054285583230487378e+00	6.754176037477022110e-04
5.864894543617661660e-02	1.049506055701337814e+00	6.826080788268914330e-04
2.938035962963137515e-01	1.123423671722232342e+00	0.000000000000000000e+00
1.230401419020560050e-01	1.020799387576181605e+00	1.032133924646273793e-03
2.213398613051394959e-01	1.044527969771115394e+00	6.056657591943123654e-04
-2.353628491394630096e-01	1.066380886737761546e+00	7.387359857611894938e-04
1.834689600396974263e-02	1.045372536955925247e+00	6.291876890998863298e-04
-8.466688676237732469e-03	1.031251470377992918e+00	5.815788482202613029e-04
-5.176558535087025237e-02	1.040333353607797218e+00	7.494865622974321946e-04
9.539548190084903845e-02	1.043727713098625554e+00	7.086364924957796281e-04
5.619368749657091544e-02	1.000646679791469706e+00	7.446515571790830734e-04
-9.281308770373400407e-02	1.049806351898946000e+00	6.811070751741180387e-04
1.355540253612504131e-02	1.025680380054889040e+00	6.510195756152937878e-04
1.668420232462143049e-01	1.023035130242454738e+00	7.400853161430071990e-04
1.089255988202091768e-01	1.007927218201317920e+00	6.704607429674742198e-04
-9.000755503798989199e-02	1.046178322273696226e+00	6.280594634000072080e-04
2.658949838037752422e-01	1.092384559482188600e+00	6.075968343320076312e-04
5.066847657298075014e-02	9.825731359137102050e-01	7.194170389130070129e-04
-1.848127408073709232e-01	1.059288248374592678e+00	1.868684251529295452e-03
5.584017519709331967e-02	9.782797948477452987e-01	6.185053170840793587e-04
1.503964036837326934e-02	9.834714905718280331e-01	1.837817414716969586e-03
1.282518329482769393e-01	1.059471256360153602e+00	6.102596393862182731e-04
1.657921453046836691e-01	1.030098792140326847e+00	9.928629751012624932e-03
-1.557370888117933783e-01	1.024875028448358094e+00	7.978781402839568888e-04
4.708014529316556507e-02	1.023052807533166186e+00	5.943951164975696784e-04
-6.164226283534901540e-02	9.881682261809794365e-01	6.186002279700468856e-04
-2.201276791964948965e-01	1.094257924865647436e+00	6.577810931184366501e-04
-2.521938345676760437e-02	9.789824313326426219e-01	6.184688676006254047e-04
-1.050437637172194211e-01	9.935242299560066437e-01	1.585459052449611061e-03
8.684915234992077182e-02	1.040365194151859018e+00	7.521740339511141489e-04
2.171517125714055585e-01	1.080392126736565483e+00	5.809122736027238620e-04
3.684040447362177395e-02	1.028608690861926522e+00	7.789498201438554157e-04
1.990751102945046147e-01	1.086642568163317168e+00	5.888126211168203837e-04
-2.044895610708802880e-01	1.052447388026781505e+00	5.800746090157019941e-04
-1.654633891488789255e-01	1.011791380603502599e+00	1.331002922949687129e-03
-1.808496918701786860e-01	1.047569326024395453e+00	7.860413632902332011e-04
3.264009365475450952e-02	1.009274535778046378e+00	6.827263436938320025e-04
-5.198331194992696080e-03	1.003694460369916275e+00	7.111782427621899348e-04
-1.402978623418636717e-01	1.001566894199691582e+00	7.251015235202187348e-04
-1.486267713370636734e-01	9.985241146479244545e-01	5.876582665563374582e-04
-1.440906927352097466e-01	1.006415006213920549e+00	6.452369015711559340e-04
2.196786238529380431e-01	1.061809022106471101e+00	6.642701666660530370e-04
4.684611318397811919e-02	1.051708938398607129e+00	5.977236284628569332e-04
-4.864939150997230760e-02	9.675973309562979630e-01	5.955736792551063292e-04
1.955982349641807172e-01	1.041534976325230399e+00	1.188173414597697370e-03
2.209316667236978782e-01	1.073814476784496597e+00	5.885917335130926758e-04
1.464065357468732065e-01	1.003858575019107580e+00	6.460095350821215294e-04
-2.739813921716198197e-01	1.096628140009722641e+00	3.329287488167879169e-03
4.560460823900189947e-02	1.015949184853716769e+00	6.277777194460523649e-04
-1.929906469860726559e-01	1.078880502114788031e+00	8.402769377565627671e-04
-2.172763304139995258e-02	9.984286970024944807e-01	5.994771683371529804e-04
-1.966923833375392727e-01	1.019496480820660800e+00	6.237245021727647228e-04
-1.792545269807814534e-01	1.061088231203438204e+00	9.147325383880001125e-04
1.155370003200987539e-01	1.010490695776630865e+00	1.609786662820958912e-03
-8.287453975521247296e-02	9.955544942865861557e-01	6.785487441606797556e-04
-1.514410315676442131e-01	1.059659881879471355e+00	5.578095310718874603e-04
1.256516600523751026e-01	9.892277685775312523e-01	7.913696286344656548e-04
1.528504756601561654e-01	1.052268773636659382e+00	8.549730808560805943e-04
9.611889474154244883e-02	1.038316760760675139e+00	6.095831475086307656e-04
7.208374893654348470e-02	1.046591183892498389e+00	6.677349451531806694e-04
3.656677389368781506e-02	9.751607389840648565e-01	6.162931755690866835e-04
1.310088983905093873e-01	1.017576533668247185e+00	7.059535976245601314e-04
9.873657984529507492e-03	1.020836051412455703e+00	5.845879137512963262e-04
2.665008335889280655e-01	1.096301942241064253e+00	6.307903057729651042e-04
1.431829546132222242e-01	9.884581681791013708e-01	6.316543971953749457e-04
-3.115458307363785928e-02	9.590164097248998765e-01	7.245352037357741292e-04
1.264972533525883236e-01	1.019454631557289215e+00	7.992151076428616763e-04
1.710393162212325846e-01	1.029009732708982217e+00	1.143645533378614488e-03
-1.887953622393562236e-01	1.040097610267088468e+00	3.413458131591501441e-03
1.117754386446258019e-01	1.029908201517221400e+00	7.007333040567243930e-04
-1.439206384536868832e-01	1.049373814271657324e+00	8.653541665027463057e-04
-1.448589910831231120e-01	1.009334543420725705e+00	6.545672567726482788e-04
-2.984452487378154162e-01	1.110996990973997400e+00	0.000000000000000000e+00
-1.333552420357771995e-01	1.004939771652994640e+00	6.854537779149033226e-04
8.581980987940050765e-02	9.826263504992809317e-01	1.055026286851847754e-03
-7.593435910734958050e-02	9.681349276896233924e-01	5.600809818102342593e-04
1.220110299806643900e-01	1.035493676128202090e+00	1.749900138101093258e-03
1.052362872535988203e-01	1.032179366487135486e+00	5.690329449016303786e-04
-5.770796771430758421e-02	1.049643759530911824e+00	5.861164412796512988e-04
-1.688623604722340188e-01	1.036846788179832668e+00	9.925210302030754855e-03
2.378123310609232544e-01	1.095751392600662122e+00	5.920354651440766633e-04
-6.718009829385029885e-02	1.019629405993824900e+00	7.661194176308283588e-04
7.518952000600426233e-02	9.952654293167380040e-01	6.739651409850459058e-04
-3.106383480569636646e-01	1.145073798944056920e+00	0.000000000000000000e+00
1.293929027307232360e-01	9.928846228937583396e-01	8.404566746218011895e-04
-3.585838683141351346e-02	9.665033596365537605e-01	8.459781721682444475e-04
-1.830928971624976032e-02	1.029586841508044470e+00	6.403479811900185436e-04
5.269103687701842675e-02	1.007053682138800754e+00	1.034786165341725116e-03
2.478307449336489277e-01	1.065090148415719806e+00	1.592559977488452929e-03
5.030769547241015910e-02	9.930116972234627193e-01	3.281553784733568912e-03
-1.892928648886340881e-01	1.067943519608947289e+00	5.573762827223616330e-04
4.674584641742093871e-02	1.013879049000560917e+00	7.995615914259106977e-04
9.421047540962254607e-02	1.011296657205536409e+00	5.729958507527585770e-04
-9.926313882619552942e-02	1.025637700625062765e+00	5.875658281631692976e-04
8.725925742605802893e-02	9.899187783967647869e-01	7.883413958361458907e-04
-2.108133768506688377e-02	1.001551313258228104e+00	7.352920575757398774e-04
-1.791299277296084236e-01	1.048358551010202255e+00	5.549621486740435525e-04
1.093312438719941937e-01	1.022885196458850565e+00	6.875093973749522728e-04
1.314913700514608874e-01	1.050136548870703068e+00	6.983103258773126027e-04
-2.215906833610183646e-01	1.067006962768773271e+00	5.991596003870856835e-04
1.140679251783366516e-01	9.805055649747128621e-01	6.121243802515362277e-04
1.231176460861992672e-01	9.882127265419952122e-01	6.643679055872975508e-04
-1.371372695930986318e-01	1.018699485439989783e+00	2.203589619547605648e-03
-1.305648878003281277e-01	1.002792783679238964e+00	5.704035915524737063e-04
2.457904666659075921e-01	1.104266975231083414e+00	0.000000000000000000e+00
6.414870229814530200e-02	1.017551016977151335e+00	6.217882296126380024e-04
-1.242280052772052057e-01	1.034946195587144402e+00	6.152439404093081694e-04
7.220829033726383628e-02	1.019409389826637202e+00	7.074168699201248585e-04
7.790427049310931495e-02	1.056322791674659811e+00	8.799948963674394118e-04
-9.902102107188009983e-02	1.025190975332383347e+00	7.961570366579033033e-04
7.267765796903608022e-02	1.017195499508305456e+00	6.456891707880583553e-04
-1.402564651368647108e-02	9.838252894692133266e-01	6.989621238647820587e-04
-1.238098363557324499e-02	1.032706131884417289e+00	6.493403575624098973e-04
-6.134154629916457879e-02	1.023920898685221514e+00	6.539228160099523493e-04
2.207529825042597871e-02	1.020348038438275262e+00	1.619839573999686628e-03
-1.978444585540569123e-01	1.063134327587807126e+00	1.334595747825103327e-03
-1.189473243453304935e-01	9.891923075327357928e-01	6.071580206759241921e-04
-1.384828948538875393e-01	1.025750126819469532e+00	7.239639815298604206e-04
-1.801950265677861873e-01	1.057218929267641938e+00	7.340471795191045928e-04
2.262221178072654215e-01	1.052467801258736513e+00	6.456967098317315532e-04
2.633890423846846907e-01	1.076817306922272843e+00	1.471980000646761627e-03
1.206664014927311679e-01	1.049720369622018534e+00	8.455305051905235734e-04
-1.130499624846010576e-01	1.023083634226932714e+00	6.614030692749058764e-04
-1.348391648054852177e-01	1.026256447254773718e+00	3.216268604665004690e-03
2.131775348202891440e-01	1.054983345473379686e+00	2.528452243204864277e-03
1.118341479296449947e-01	1.033744252066091107e+00	6.739496961521524929e-04
-8.438389914982016848e-02	1.006558308616729569e+00	5.864509632814397192e-04
-2.394742907041143287e-01	1.067475938287379300e+00	7.012850341283614376e-04
-9.632307957052291258e-02	1.008894816583732590e+00	6.299189422366237214e-04
-1.192761448710005778e-02	9.618102007413724674e-01	8.967585735324286843e-04
1.661937972106820316e-01	1.056427638023452520e+00	9.428902501827161713e-04
-1.595564375413746072e-01	9.972999541999231221e-01	7.083828200515818923e-04
-1.630473680709413620e-01	1.043352123416978472e+00	6.676006935581864322e-04
-1.061896140044995551e-01	1.016947460679863635e+00	7.463209380050744076e-04
2.863707671902691529e-02	9.644453450405416906e-01	5.545355040920898907e-04
-3.128071629799418774e-01	1.135076206711208346e+00	0.000000000000000000e+00
-2.215016280833526086e-02	9.667811266130822423e-01	6.465449481668227071e-04
-4.475048637358045034e-02	1.006426995437611271e+00	7.702313954726332842e-04
-5.481372098721834507e-02	1.043159692263722294e+00	9.405519235492538653e-04
-9.823039094125630977e-02	1.003449215611368350e+00	6.131698605228697550e-04
1.261198661817349298e-01	9.843747924502371793e-01	8.250136730396389782e-04
8.453458285031267838e-02	1.036350009808598482e+00	5.601495182071073451e-04
-1.694312182691262714e-02	9.880880611068107999e-01	6.547380020063358307e-04
-1.670775562873532960e-01	1.003529659982753008e+00	1.437037422095707945e-03
1.076909333773290456e-02	1.023112932418240861e+00	6.261578612747222385e-04
7.494110214845972617e-04	1.018058283247718743e+00	7.530924201962992158e-04
-2.310952385303743917e-02	9.959999361412666952e-01	2.000199845014533854e-03
1.955772767030344861e-01	1.023493248892342278e+00	7.519487357389028574e-04
4.414126519918565306e-02	9.650823102410222010e-01	5.732789155743946022e-04
-2.459266158719278228e-01	1.075112641786308831e+00	6.614546327868335790e-04
-6.918190921381842107e-02	1.013760932639530710e+00	7.321701675394090818e-04
-1.377268814107971695e-01	1.007838644303550746e+00	1.367298022220395743e-03
-1.712744650346750275e-01	9.990593170262026534e-01	5.976517163081931407e-04
-2.315268538250755681e-01	1.086734493500693954e+00	5.861373950068456216e-04
-2.450520130848107825e-01	1.094156610165599286e+00	9.578767066529556354e-04
-9.172262212133373838e-02	9.955059179375713718e-01	5.704336783893395680e-04
-2.101786878493041300e-01	1.038786611594293197e+00	5.711417348709354243e-04
-1.742459251992817260e-02	1.041253647013120842e+00	7.965813531814933644e-04
3.386994601609097377e-02	9.813187519871902076e-01	6.468387093225482810e-03
-1.658461097051211752e-01	1.057596505046895397e+00	7.385422842182603814e-04
-3.991919976429988970e-02	1.020385680674729123e+00	6.156927676976225268e-04
-1.137487765847632754e-01	1.014164034850627116e+00	8.602527197390982252e-04
-1.995053009366911101e-01	1.029339045233599759e+00	8.159868692730778798e-04
1.447853970059152784e-01	1.040424518491368300e+00	5.708732001027676424e-04
-2.347479388752012064e-02	1.044473312606875037e+00	6.841151294754979281e-04
-1.619845289858766191e-01	1.001772919826398489e+00	6.413670043386034787e-04
5.415092085354876461e-02	9.950723618495409539e-01	6.353741724134927358e-04
2.756859053820799321e-01	1.088232880610444431e+00	5.773136403658844307e-04
7.615259755036656031e-02	9.671762343680949670e-01	6.633278631959600366e-04
3.829866427988962152e-02	1.046317499944270590e+00	1.485108711292051908e-03
1.003735846401011267e-01	1.039274231816959659e+00	7.089477943464615739e-04
-1.285967235950579712e-01	1.047189530696714499e+00	7.439443764533655145e-04
1.683385915800878485e-01	1.071865360080978880e+00	1.406332592857446884e-03
1.301487510354793764e-01	1.004409680895003154e+00	6.070540418579912405e-04
-8.004086688133964234e-02	9.697890395385823092e-01	8.002412328630523382e-04
-7.497084099431386428e-02	9.861717527028130981e-01	7.838798456438604047e-04
-1.735224414825641825e-01	1.043085656194774780e+00	5.533200879113161878e-04
-5.998400228299692605e-02	9.683930988100073467e-01	7.516340244495154851e-04
-2.340364063414038936e-02	9.777259350004874339e-01	2.669342647168847053e-03
-1.883577585342288141e-01	1.021740819261531819e+00	6.195981283960772575e-04
-5.828659718487727570e-02	9.922990929937104410e-01	1.226991161382152843e-03
-5.387172139445423058e-03	9.961681659489373120e-01	1.439585075500967410e-03
-2.051279972766195392e-01	1.083488577108217665e+00	7.742600110897887317e-04
1.491516363743748685e-01	1.043568724920510116e+00	6.217200709759533898e-04
1.584713925581539562e-01	1.039289537188320622e+00	7.269850071322070222e-04
-2.266573562297878250e-02	1.027206632682665877e+00	5.683570409143163344e-04
-5.534903408947472458e-02	1.045090141814580376e+00	9.334636413457193067e-04
1.981356049078866755e-01	1.084523418320592958e+00	8.140305865545011338e-04
-8.856266483447089444e-03	1.044986263455970343e+00	5.920365578781059020e-04
6.047217473072258320e-02	9.733658998399882245e-01	8.190325268168290127e-04
-5.301005752991630460e-02	1.013110030291465513e+00	9.806086426217368573e-04
7.337324102521616820e-02	1.052578911938950146e+00	6.436065076469953128e-04
-6.951636036988374789e-02	1.019387484145681144e+00	8.191793899841416171e-04
-2.636329929478840040e-01	1.127262588533449295e+00	0.000000000000000000e+00
1.099439074967167862e-02	1.041150924371027076e+00	6.842572731865947293e-04
-2.282661874690049275e-01	1.086440795162136208e+00	7.211986704262911317e-04
1.172855470437086933e-02	9.653095967373539477e-01	7.953356967484129670e-04
4.367277393917927408e-02	9.856935560626378656e-01	5.790030861349236557e-04
-2.182946844240592210e-01	1.040946439563746440e+00	5.987054529612956906e-04
-1.040395317524504398e-01	1.009168906824941869e+00	6.076396824168204137e-04
-8.615479030229022950e-03	9.869385996040143105e-01	6.904218024551817337e-03
-1.591940450826340725e-01	1.019436815827378551e+00	5.615655252149235081e-04
-9.051316970180245391e-03	1.026411388425716886e+00	6.636528992277429756e-04
8.104114728160909109e-02	9.822425841120027146e-01	8.462715454013832383e-04
1.296721571529783346e-01	9.915535950681244604e-01	7.300564575024714314e-04
7.450207928511573541e-03	9.748536898931432493e-01	5.648462203790633384e-04
1.117564846810234075e-01	1.061127898596637031e+00	8.077764046629062238e-04
-2.574364229791472614e-01	1.082458409284733580e+00	6.706340215809769448e-04
-1.151810835054389026e-01	1.003550175002332345e+00	7.402857211358776068e-04
1.388708865216330968e-01	1.037042005338746575e+00	5.998608004475190509e-04
-1.508333793134084277e-01	1.069599241007189505e+00	7.616761022204100642e-04
-4.982909582834227358e-02	9.775217067120289816e-01	6.522784443265972759e-04
9.696634633916187407e-02	1.050691969470342713e+00	8.094901483595930061e-04
1.736905000955057399e-01	1.046436220623935709e+00	8.203686055730532133e-04
1.469884909365791748e-01	1.070308945973254211e+00	5.994521916545058433e-04
1.284155075423062953e-01	1.068550819734410906e+00	1.157833432270176507e-03
-2.631453531580069116e-02	9.822404508769835285e-01	9.035204972618773953e-04
1.434848611427043952e-01	1.064713982035809359e+00	5.537127665954842898e-04
1.170153063583304620e-01	1.044267812791108252e+00	6.522622954772505470e-04
-1.374253805663659123e-01	1.022327859602797595e+00	6.595863624032201550e-04
-1.846904152596398341e-01	1.067754082035321295e+00	7.458208502636510563e-04
1.831612393446396814e-01	1.042071585296290959e+00	5.702348305830309307e-04
-2.819723874470257963e-01	1.119194734432411797e+00	0.000000000000000000e+00
-5.219801127944137531e-02	9.769522330243932684e-01	6.063121450160087684e-04
1.303241440547522889e-01	1.063997549217911009e+00	6.118116550066972923e-04
-1.874038343256082539e-01	1.026663604530275054e+00	6.468143905399941201e-04
5.350293226479888031e-02	1.033796574827524850e+00	5.987286948978202527e-04
2.193684871522437185e-01	1.071662131506105897e+00	9.623473437332146418e-04
-1.459479548635361779e-01	1.010141846570490776e+00	8.521730516216141161e-04
9.453204096576904580e-02	1.044495086527598371e+00	5.922852012569112135e-04
1.302326817602524889e-01	1.051298900540874381e+00	7.949250980252101648e-04
8.842982886902528428e-02	1.050422307957779022e+00	7.099059747475828207e-04
-1.584082402364009878e-01	1.081659799979385772e+00	5.945166521925126808e-04
2.275868827854427012e-02	1.018008471403927695e+00	1.591978232314587025e-03
-3.927437533502192712e-03	1.028443900887306084e+00	6.545759916891069315e-04
-2.451721659743899551e-02	1.028283095685144977e+00	5.707207508953619866e-04
4.061089603163051120e-03	1.015261995341248946e+00	5.810187252158954601e-04
-9.726442133298965342e-02	9.825063527133459651e-01	5.806810422411685631e-04
8.778451806856014950e-02	1.005039221370843450e+00	6.566285827127557899e-04
-2.390882220513457224e-02	1.028772109476863372e+00	7.764535335352899239e-04
2.538842331173741806e-01	1.078962895349131035e+00	2.950641000641586551e-03
-4.040683593906599369e-02	1.049501435384227577e+00	8.695867768165014156e-04
-1.829857772546719108e-01	1.029479714940491952e+00	5.613399014707787758e-04
1.720937447890784622e-01	1.072877277961816533e+00	6.917862469934612808e-04
-1.492374370860779509e-01	1.066511707525964026e+00	8.416217325948916221e-04
-1.604925879060113969e-01	1.011861114664689865e+00	1.106291684052216695e-03
1.737666983219003092e-01	1.076198680305840538e+00	5.932142478563125166e-04
2.591737763033960529e-02	1.032670223621910743e+00	5.903507924869667942e-04
-7.780130150318392834e-03	1.047372037483035090e+00	8.313086479248928866e-04
-7.904454237987924847e-02	1.056316689734646097e+00	7.164090740009136779e-04
1.290014143754387166e-01	9.958501762089946308e-01	6.909010438086346214e-04
-2.030598828510687404e-01	1.048259420388077068e+00	5.850522603279856987e-04
6.134761239108688091e-02	1.032779630977046059e+00	5.600871526807819911e-04
2.407899309365968410e-04	1.027266337614344049e+00	9.164450120764369625e-04
-1.758081663524232452e-01	1.083525998853981598e+00	5.669665415159426750e-04
3.349539220760765490e-01	1.159962269488552966e+00	0.000000000000000000e+00
-1.406016770064617005e-01	1.069512255103591825e+00	6.212046584093755064e-04
1.975938045542922072e-01	1.061209536774702311e+00	5.819431357876796249e-04
1.462454238979836174e-01	1.013483788032735644e+00	5.521905549507723308e-04
7.724296051141957276e-02	1.018868852657412116e+00	6.505406551022699727e-04
-4.775462428288446137e-02	1.034487606045834118e+00	5.689223402860559779e-04
-1.737472900123746555e-01	1.061918901465648934e+00	6.635297824109626747e-04
-6.687484631081554165e-02	1.008233814106972659e+00	6.192228693167227752e-04
-7.514733249755185807e-02	1.051225902525596112e+00	5.990247374007361516e-04
9.384641241788981014e-02	1.037826762333442288e+00	6.368128960582719079e-04
-1.221767496036149925e-01	1.012448801210368066e+00	9.939499026908769561e-04
-6.104639656780593004e-02	9.894557470966627299e-01	6.796871879882826007e-04
2.116573906227188218e-01	1.032882658789533448e+00	5.717575197844437795e-04
-4.792845233335543687e-02	9.865277900230996488e-01	5.598748214391097936e-04
-1.839274887526402835e-01	1.033124832836358031e+00	7.360449599191280605e-04
-2.644426796960812620e-01	1.111515817610765344e+00	0.000000000000000000e+00
4.026604972489002815e-02	1.045429885899809008e+00	6.376556298823679364e-04
-2.510923029228728787e-02	1.026699281137716468e+00	7.366801484315028481e-04
6.394373958861719609e-02	1.013969937895288442e+00	6.131293387678478845e-04
3.873214107654557314e-02	1.040807457453237328e+00	6.238610565878175166e-04
-1.448257644253565790e-01	1.074784596308392626e+00	8.447800706261958089e-04
1.421561146297850575e-01	9.887167893408503883e-01	1.044671474311921824e-03
-1.644178021013983360e-01	1.028958903681691961e+00	8.630379403560935409e-04
-1.026205161822864864e-01	9.986829742617563399e-01	6.998122185502790712e-04
5.609192137036635162e-02	1.048494484279049566e+00	1.110495957914380601e-03
-2.281606789867506729e-02	9.920890433748956738e-01	5.839779230911331092e-04
1.732240187636703010e-01	1.068311022218471296e+00	8.216746757635119821e-04
-1.096738870316539549e-02	1.013161834623316659e+00	5.890088386115569560e-04
1.455738225325698965e-01	1.062943170622788980e+00	1.012576590567168576e-03
4.625512063002453628e-02	9.824167725090502401e-01	7.343283386082548455e-04
3.268280965599553167e-01	1.153418257526876767e+00	0.000000000000000000e+00
2.067594974860179069e-02	9.929527262327564330e-01	1.136208783621288397e-03
-1.939010698645682595e-01	1.029428836423068372e+00	7.043280702860947031e-04
-2.672400461113777492e-01	1.125098817248995076e+00	0.000000000000000000e+00
1.512700949455378363e-02	1.029571196361171115e+00	6.289500094787064217e-04
-6.222712174002720253e-03	1.016863732860067149e+00	5.592148590256696512e-04
3.481200930874304295e-02	1.011498510170157683e+00	5.600764884958163436e-04
-1.370289195999223053e-01	1.044980213606026886e+00	5.678326281742191242e-04
1.039230986574238291e-01	1.030322882650450023e+00	1.000393037120636021e-03
-3.207758119692113996e-01	1.131170387891462292e+00	0.000000000000000000e+00
4.085955079122199907e-02	9.656167970997922012e-01	7.666330242711490725e-04
1.707198833194627230e-01	1.043784792746710544e+00	8.610685583050393423e-04
1.677373035218555630e-01	1.048483320819147746e+00	5.890182781798057599e-04
2.016951256772214762e-01	1.068715190373644486e+00	7.060475453297246394e-04
-8.962150862710704935e-02	1.021349660008554983e+00	6.160894832820962026e-04
5.155742560151789500e-02	9.661324495836236537e-01	5.744703219448599792e-04
7.987130866470784629e-02	9.963170693804914713e-01	8.997932617331576852e-04
5.166192416104037344e-02	1.013259683712185000e+00	8.023260299188803230e-04
5.348542990750488474e-02	1.022474681592525192e+00	5.874367037482672261e-04
-9.575723957162669830e-03	1.028656614508574263e+00	8.254629313984524017e-04
-2.856300187739332919e-02	1.027379066529037877e+00	7.425071501532370640e-04
2.570025344955223501e-01	1.115904393656205862e+00	0.000000000000000000e+00
1.192198512501015106e-01	1.014351601432428751e+00	1.253495858492798855e-03
6.270290222861032992e-02	1.015221797556435712e+00	6.516959336918053906e-04
-5.155206117054203507e-02	1.030320894543872212e+00	5.909418696838474993e-04
6.681343294909020125e-03	1.039282170589461929e+00	6.064611677801167106e-04
-9.247499206103876324e-03	1.006363312371323815e+00	7.697701063781242159e-04
1.969953436228154553e-01	1.028685172972444439e+00	7.714145878898745826e-04
-1.835952952420750739e-01	1.053726817653062087e+00	7.551316192065929325e-04
5.282321115279409174e-02	9.865389589519859559e-01	1.611831354567432040e-03
1.568939228680505116e-01	1.022527948245561369e+00	6.275332766590530856e-04
2.328383610288436989e-02	1.048015688986523086e+00	6.908843095316509692e-04
2.690376852442943889e-03	1.036148616314512605e+00	6.066373093614671475e-04
-5.804961594188794843e-02	1.047124359999807908e+00	6.471519364934709851e-04
-5.686344221313432978e-02	1.022985539575776537e+00	5.606416125107934563e-04
-9.283071032220938101e-02	1.017123913929515622e+00	1.095093586493553484e-03
2.268126136120018899e-01	1.086643477309390926e+00	1.811148638264722813e-03
5.584146663551267653e-03	1.027305292306739837e+00	6.549986901353869410e-04
-1.579575295964980308e-01	1.055344007102022363e+00	6.982406358288359080e-04
-9.512170126116148428e-02	1.044698286945169086e+00	5.511300633712015598e-04
-4.316781182872578282e-02	1.009570527374980875e+00	1.048091704271440338e-03
-7.079221717764337674e-02	9.769904178086796787e-01	6.170732879106364047e-04
-2.349156546574505400e-01	1.072956264495840362e+00	5.564940622036532950e-04
9.753860454632246046e-02	9.770813190035548823e-01	7.754255315096034162e-04
1.157440439107648988e-01	1.062071474878373278e+00	5.603907345318909520e-04
2.671338458224656875e-01	1.103469237852774842e+00	0.000000000000000000e+00
7.700898288988367035e-02	1.016142178781369809e+00	6.860222284363469859e-04
9.260156801911093027e-02	1.004242225656219789e+00	7.544208061157755890e-04
-1.414514435063567444e-01	1.004255985836513432e+00	6.477929069562052408e-04
-2.113927329127797405e-01	1.066524951005915822e+00	6.567779210702901242e-04
-1.959346684787367510e-01	1.025527190175124170e+00	2.343824882713358565e-03
1.934702409911143450e-01	1.032958827964356008e+00	7.896900905857524508e-04
-1.112281254652405238e-01	9.812664996150530783e-01	5.504310196299857768e-04
-1.727737319171448460e-01	1.015573175490649849e+00	6.488594709082759178e-04
-2.063259108155583166e-01	1.039660294661493012e+00	7.414493239524904116e-04
6.486914182545826246e-02	1.017877359706873985e+00	6.070822102201075968e-04
1.262879339680938739e-01	1.004208339017276685e+00	8.160395081507569983e-04
7.676204105038005043e-02	1.036307285641073106e+00	6.959370576074659859e-04
-2.098176480034021074e-01	1.091303023119903015e+00	1.077395635214626300e-02
-1.385880597364632094e-01	1.057887754606921416e+00	6.008055940667254369e-04
-9.761618695905965870e-02	1.012144897451010772e+00	1.762658551115343095e-03
9.817032483397694631e-02	9.884686958114031752e-01	5.793760769428851591e-04
-7.396967795977324456e-02	1.009438296255800394e+00	1.788287617121337922e-03
6.143156962626089568e-02	9.841488002813986169e-01	5.827325728067688990e-04
2.143051268067868997e-01	1.086247800610216308e+00	7.309730877468579528e-04
2.267981286825769272e-01	1.050697505716059910e+00	7.774375976518651350e-04
-2.038890743876798362e-01	1.052078409760690114e+00	8.838520521949937364e-04
1.827935614679663257e-01	1.033014562584946283e+00	5.629945550462186598e-04
-4.937326285414525562e-02	9.616128935387728838e-01	6.012972988665878224e-04
2.370442770144860489e-01	1.068987502102835885e+00	8.171851594293733523e-04
1.794807652510028440e-01	1.007401912807543765e+00	6.207305098832270043e-04
7.333981819390328338e-02	9.765436633197316363e-01	6.220947967113131440e-04
1.476281519096296346e-01	1.017498086221072517e+00	6.296617243358498730e-04
1.807342687552239424e-01	1.012622817193769897e+00	7.049303988839733656e-04
-4.891243464466581842e-02	9.609065388464959057e-01	7.821080136298385775e-04
3.662031989797165377e-02	1.012611870598290498e+00	2.566182934299328193e-03
2.894752202399449859e-01	1.123249563208648327e+00	0.000000000000000000e+00
9.957154025634624983e-02	9.815534913950550999e-01	1.095655087406506144e-03
6.821098051425963926e-02	9.953513449145032776e-01	6.534640356191897571e-04
-9.644297100098650488e-02	1.041757693375779059e+00	6.378878404929529729e-04
2.610189278158225878e-01	1.088020070947848694e+00	5.985287209419687480e-04
-1.858061546713113132e-01	1.026505671828911170e+00	5.792195162807898872e-04
1.024749208623498553e-01	1.010507175498755350e+00	6.851269277795135745e-04
-9.047258806776975470e-02	1.056652379687945897e+00	7.804855915376666476e-04
-2.973730056364075613e-01	1.123483254466814296e+00	0.000000000000000000e+00
7.144144726808428214e-02	1.023862520642240703e+00	7.660878566849164050e-04
2.023013817397047442e-01	1.025603547185710340e+00	5.681123633783762830e-04
-3.049010660804901129e-01	1.116637030148839083e+00	0.000000000000000000e+00
4.531395085039011117e-02	9.792660154498772362e-01	5.976906884517397406e-04
-6.232080942580363325e-02	1.025095010773609427e+00	7.030386588966039581e-04
1.083096485191606950e-01	9.917210797284943258e-01	7.030249368905786911e-04
3.695389793741163387e-02	1.003150994086581038e+00	5.539651697432360815e-04
-1.391936455959964514e-01	1.046151311057532007e+00	6.222589303060283841e-04
-1.941820869105334024e-01	1.057595840996084391e+00	6.378169923475318723e-04
2.252910164667449588e-01	1.041605547932999531e+00	3.914946687023734655e-03
4.293971907941441374e-03	1.002691553477291331e+00	6.369680667930015944e-04
-1.018327862729164895e-01	1.051641131361224391e+00	6.861189822893204058e-04
-8.718538407132221668e-02	1.032023148756777919e+00	7.216737652642621565e-04
1.586237066531093198e-01	1.037223622341096219e+00	9.854840355547685605e-04
6.525132867157501515e-02	1.050162634097034697e+00	5.991888424863114643e-04
6.276117809945271075e-02	1.037963899217322794e+00	5.834400964423821405e-04
-7.558874007607495338e-02	9.988075794752703240e-01	7.190664889850651971e-04
3.102153880943756548e-01	1.135379849339358760e+00	0.000000000000000000e+00
-1.302937326571488308e-01	1.005855297067798304e+00	8.405533996905723742e-04
-1.726876655258523935e-02	9.789027977384533452e-01	6.765357567818448999e-04
1.450138713671303425e-01	1.007542242825108625e+00	6.147223053668475316e-04
2.041353132737405013e-02	9.746380408090935532e-01	5.524390918187557786e-04
4.561292804408198509e-02	1.000899114362503894e+00	6.194382095324186925e-04
-2.819869921729763473e-01	1.116236328726744720e+00	0.000000000000000000e+00
1.900800809816609871e-01	1.070629787217651341e+00	6.019345154685446257e-04
4.090277963884070278e-02	1.021060296293527569e+00	7.738837035913051759e-04
1.773757828316959717e-01	1.053085625906771794e+00	5.617680507764106698e-04
-1.343145826374863017e-01	1.016089586745081874e+00	5.578386861084315244e-04
1.113204466420091576e-01	9.952176575350133447e-01	5.603166916615367945e-04
1.360433362405329416e-01	9.976780290539000173e-01	7.050711642435816655e-04
1.642860112869567457e-01	1.041656483724206828e+00	6.077200640202240879e-04
2.987559350732976737e-02	9.616780699362250662e-01	8.239558668543076492e-04
1.341262266303145378e-01	1.041918684398601469e+00	9.830594617916388854e-04
1.232257412306359268e-01	1.009812925682241902e+00	8.346750201583456961e-04
2.807937836257706765e-02	1.038463898866829993e+00	6.346468419907280029e-04
1.647075793064745886e-01	1.062934795178118508e+00	6.233215894532735495e-04
-2.402361231238340500e-01	1.100497718099167077e+00	0.000000000000000000e+00
-4.265273360901941646e-02	9.763162882978322354e-01	5.976736702580920380e-04
1.394555407440405959e-01	1.024544091656699685e+00	5.503991628040463130e-04
-1.585543797122202780e-01	1.052808754800093283e+00	8.391192661653338464e-04
1.343629687448690824e-01	1.007350214583149661e+00	7.269262362350724371e-04
1.009262246292457615e-01	9.804573516262369282e-01	6.487103022150120636e-04
-1.254338256975791321e-01	1.019697777526960447e+00	8.385533118947046359e-04
-6.380421153170527659e-02	1.007659259292740028e+00	6.316112492857074191e-03
1.515968842821672213e-01	1.047376585472125088e+00	7.496302720916765997e-04
2.591068181126630066e-01	1.109569315205131357e+00	0.000000000000000000e+00
-2.453981207858599300e-01	1.078565635699691772e+00	6.269131099812322305e-04
1.011058120025711687e-01	1.005043405546521829e+00	6.028004317968004792e-04
9.948540019447241201e-02	1.029702729168944675e+00	5.570424916203745068e-04
-1.894917360328124689e-01	1.011599100433193454e+00	9.981419196007682796e-04
1.729287634339471413e-01	1.035476791480479442e+00	9.478670228927904432e-04
1.565016669855935072e-01	1.017374944607155385e+00	7.548211722113452567e-04
1.030759382138554114e-01	1.015891039701956933e+00	6.192415478518977206e-04
1.186075765618543054e-01	9.821539895069316684e-01	8.474338465135865250e-04
-6.947323620020767754e-02	9.799566647964890187e-01	7.263583738959947592e-04
1.816287817354173273e-01	1.024125771747308900e+00	5.742264306876235323e-04
1.108817477643902483e-01	1.006258680944451589e+00	6.791462251442026985e-04
-7.087992493523299908e-02	9.935664882459960268e-01	5.673338011917782291e-04
-1.909353464791095356e-01	1.084561861562826302e+00	1.619319681841062701e-03
-1.247497735332893029e-02	9.952090231815238219e-01	1.061423388276183264e-03
1.031687079493954773e-01	9.850844295153081687e-01	1.411609341181430848e-03
6.010533531088466108e-02	1.011230565893528333e+00	1.427481602262630151e-03
1.867507425997959603e-01	1.025009848616130093e+00	7.741419778554078663e-04
-2.758085791157762756e-01	1.098333857359792942e+00	9.993153469635984460e-04
1.952211314230787309e-01	1.086252714835107103e+00	6.801980686890456845e-04
-3.286366546632590868e-02	1.032944397982085372e+00	8.647644775722383367e-04
-3.561666386089319680e-02	1.018137962575067723e+00	6.309331374783057290e-04
3.878126230395486512e-02	9.734453950781201126e-01	7.450871363124645340e-04
-8.973804396483643642e-02	1.038947320551235620e+00	5.768271319990926713e-04
-3.337100442813351053e-03	9.690149542179666842e-01	6.527511553102537242e-04
1.371154148328364575e-01	1.054707826051153319e+00	8.525049237269509634e-04
-2.149715725003112921e-01	1.045772481916555252e+00	5.899284061357134732e-04
1.745194147202316914e-01	1.045045041836722977e+00	7.425171018512491611e-04
1.142012522652041950e-01	1.030656578607052509e+00	6.459236209341954072e-04
-1.880227352859227263e-01	1.089140529975422433e+00	6.055730589275857764e-04
3.712972386569073080e-02	1.048752119901460889e+00	6.312430938075964297e-04
-7.947582074487231918e-02	1.030240119008612565e+00	1.412831807705469808e-03
