-2.830037376810609628e-01 9.942604207045845355e-01 5.618797818465258269e-04
-3.457021713463570567e-03 1.056784461905393657e+00 4.673612339579176684e-04
5.081838055177441416e-02 1.052099969333083918e+00 4.710629893842757979e-04
-3.732508167848436753e-01 1.093805371504861679e+00 4.763604258418430702e-04
-1.094962120797496052e-01 1.017762493118585132e+00 5.058344446990016173e-04
-2.011196580744067930e-02 1.005322013472475184e+00 5.156476753762506303e-04
-5.446618911660150442e-01 1.223243482010436978e+00 4.970310604452838612e-04
5.928121743252362519e-02 1.103867097034369582e+00 4.476294286457882499e-04
-5.933974259436195497e-01 1.263167440664218155e+00 5.282259886521984164e-04
-1.266155748950960613e-01 9.947861315952036820e-01 5.367774769965506570e-04
1.257550302248463814e-01 9.676351579754270960e-01 5.710955141611600248e-04
-2.703734761425359845e-01 1.014980844467188170e+00 5.293609388196769336e-04
-3.093368670186513181e-01 1.181265799798240090e+00 4.562265980520855075e-04
-2.007301147645081940e-01 1.012141838127396776e+00 5.221350554234047581e-04
-4.928023750731111985e-01 1.307880420460492576e+00 5.653771996062530126e-04
2.742735406923143548e-01 1.014046595511610027e+00 5.208738279884713362e-04
-1.438252593753766018e-01 9.645801321161566744e-01 5.895801695231061949e-04
3.397040777476945106e-02 1.130995641958423725e+00 4.431271258648064528e-04
-9.224422674150881130e-02 9.636568185469263081e-01 5.849254585289858591e-04
1.520878425055990357e-01 1.068496317648867544e+00 4.659605831906216264e-04
2.881903238518351840e-02 1.049855004848394113e+00 4.722830332494237673e-04
2.966078870235384912e-02 9.837810329174255797e-01 5.438566047120590779e-04
1.341689480578047433e-01 1.115332646993207666e+00 4.495403298473970720e-04
1.301962605819132202e-01 1.073082341602226819e+00 4.621846934880542322e-04
3.245115039900653420e-02 1.103457474951551109e+00 4.468633300967555198e-04
2.976742108054264424e-01 1.234988765555712575e+00 5.084196571548054789e-04
-1.450896548976999823e-01 9.638948387949866081e-01 5.910933165448899098e-04
2.259105996247669501e-01 9.999069087248464438e-01 5.313848031542162901e-04
-4.032493891578418088e-01 1.124600000948853706e+00 4.684607351884602106e-04
9.062274750175305926e-02 9.723041901128099962e-01 5.621409498614162283e-04
1.684711326858682745e-01 1.137082198181946779e+00 4.511819415289921296e-04
2.298407267700149359e-01 9.926320218006540186e-01 5.411896004783507165e-04
-1.452844922190889010e-01 1.039274117943563613e+00 4.868207072011843366e-04
-5.104429191532411370e-02 9.285910727471183845e-01 6.582931776732602264e-04
-2.209365616504758156e-01 1.091388528196306718e+00 4.583368839996232284e-04
3.246604120835237528e-01 1.132112860768897500e+00 4.690999770597848069e-04
-3.118468849660541720e-01 1.100581410328650867e+00 4.641027496465057692e-04
-3.159757824580265440e-01 1.117856250131479712e+00 4.584402296681642694e-04
8.663028077710173414e-02 9.307990722189953825e-01 6.455336808936558033e-04
3.990195746035790636e-02 9.480234444805664129e-01 6.073516303572396111e-04
2.555319742731821941e-01 1.111239901280542508e+00 4.615342900176868301e-04
-3.481195096287641455e-01 1.176106233776935905e+00 4.585361592702389267e-04
-1.803242163399921827e-01 1.092728141056541702e+00 4.545651133323970515e-04
3.040025323908281396e-01 1.077447795951319787e+00 4.779255956489008922e-04
-1.879627312931154703e-01 9.492011782644047546e-01 6.294257659584375983e-04
-1.723509468763409491e-01 1.050590048718866854e+00 4.794578427709707139e-04
1.547124547407797146e-01 1.137690247257113541e+00 4.500691624634779362e-04
-2.345990646673194457e-01 1.100318759342592712e+00 4.558352358375975270e-04
-2.069241936437388185e-01 9.577505994879164097e-01 6.142734193780088068e-04
-1.458757270252130644e-01 9.381114375890863277e-01 6.479011589903249093e-04
1.309690065482750909e-01 9.918860998508619575e-01 5.342774768998721259e-04
-1.605182010096339318e-01 9.375153492418187851e-01 6.520616259252840462e-04
-4.616329719123574149e-01 1.292791343658667547e+00 5.438988397498736036e-04
1.038497535185386456e-01 1.086662822818680985e+00 4.548694013515170689e-04
-1.114837241646876587e-02 9.546443734103209344e-01 5.958768580577987082e-04
-2.850804850925460765e-01 1.099956725364693355e+00 4.611297409693700176e-04
-1.732316547381347882e-01 1.116359334727496266e+00 4.466765702595940123e-04
-1.738177487749775763e-01 1.133490037303516607e+00 4.441763614052555054e-04
-7.332714093597749727e-01 1.390232024568823332e+00 7.391058359793897629e-04
4.043670673886136657e-01 1.194561251670771318e+00 4.973630389347333822e-04
-2.254892762822034435e-01 9.635569129956749190e-01 6.058771575603036710e-04
-9.903855561503635552e-02 1.021282639257096392e+00 5.011953219127585632e-04
-3.996651000358691919e-02 9.889391831379734654e-01 5.385085551579836451e-04
-1.505417681992758938e-01 1.012893704170966913e+00 5.152209119137625372e-04
-1.624623656975203723e-01 9.888034284755475856e-01 5.499428457174541712e-04
2.081546165042101604e-01 1.048031208128936242e+00 4.832316654714392747e-04
-9.775864855535867926e-02 1.059333498121906025e+00 4.679502018830302757e-04
-3.768774972412329838e-01 1.143138724330865497e+00 4.609128315827898327e-04
-6.631161020841530584e-01 1.292793220361137863e+00 5.653671775835276319e-04
-1.346523535926860693e-01 9.363328854514709754e-01 6.503675529707492707e-04
-2.839885329890770582e-01 1.070576197989066669e+00 4.771271139477242362e-04
-3.639173740449938577e-01 1.106498365790882232e+00 4.688249224790307806e-04
-3.990715252056431517e-01 1.149171508589680979e+00 4.632646281422492761e-04
-4.785094444415383119e-01 1.187390624476451606e+00 4.762743640423071508e-04
2.873612262954059471e-01 1.101827823875082046e+00 4.673943983598451016e-04
6.266618899303807999e-02 9.331586173148360697e-01 6.400449363038664564e-04
8.766533236104857851e-02 1.063530558273131144e+00 4.650122185986484591e-04
5.361732095665386333e-03 1.018359495841572482e+00 5.001646163973589264e-04
2.769007914981059248e-01 1.109491018608072643e+00 4.644606152961790061e-04
1.776845760931735074e-01 1.022924735864474410e+00 5.015064133271312889e-04
2.082386920813395492e-01 1.091636331945197380e+00 4.610689933119292618e-04
4.495890202847599437e-01 1.235614943447995051e+00 5.333878864041703000e-04
1.551929185995966076e-01 9.426351571482198821e-01 6.206298607602750515e-04
-2.039150336794759433e-01 1.000253418827296903e+00 5.386321696251628087e-04
-6.169664852094144947e-02 9.355019429519773055e-01 6.422200316813589122e-04
-3.406785730006981483e-01 1.184446130782343287e+00 4.595576608203771288e-04
-4.515543561427547425e-01 1.269116686696649898e+00 5.177367649020766594e-04
-7.992983168899758795e-02 1.058475330993170038e+00 4.677757924727634362e-04
3.183756346997256292e-01 1.072268142327609697e+00 4.824380373943074497e-04
1.224897488405971013e-02 9.357002767385940167e-01 6.357430987341588981e-04
-4.141360962377186317e-01 1.219756941329898758e+00 4.792611075857875868e-04
-1.331925016733324363e-01 9.711190833359942820e-01 5.758894644914358757e-04
-3.755456842479796276e-01 1.236058077650259879e+00 4.854867309047897423e-04
3.434307548449650471e-01 1.123642434288991021e+00 4.722018420236514884e-04
-4.842480998750256505e-02 1.108830720768747335e+00 4.447042981477269149e-04
-3.851666226641570212e-01 1.130215858704924914e+00 4.642851827663498424e-04
-5.136628833880313438e-02 9.503603252216510366e-01 6.075714043285475319e-04
-4.676093091564447191e-01 1.244457821137195275e+00 4.991206450497389160e-04
-2.443073394756198891e-01 9.559305936332442855e-01 6.263627130383954628e-04
1.767811736731289274e-01 1.040043170015309881e+00 4.864049458859681977e-04
-2.663080323860829712e-01 1.156074070840900747e+00 4.494052116537416769e-04
-2.468643213294703931e-01 1.093465780515764152e+00 4.598445515495929955e-04
-4.756385385309253033e-01 1.178695572496419652e+00 4.746357929626375538e-04
-3.760905597984530724e-01 1.144718412799124785e+00 4.606366923390999490e-04
2.345620599302168374e-01 1.126254603835465495e+00 4.576340381757202920e-04
-2.010270857789542287e-03 9.336157805472707905e-01 6.415449947497183295e-04
-2.302913658656347007e-02 1.121576379455886840e+00 4.425759777535974437e-04
-1.416974335899041093e-01 9.375477143279594694e-01 6.485614991955762328e-04
4.891544155902616819e-01 1.295990256703961396e+00 6.130549410084681168e-04
-1.333622557243677453e-01 9.929408929404734963e-01 5.401789974786283316e-04
-2.012418671680509252e-01 9.585749929180888973e-01 6.113972696550476005e-04
2.225657025598883898e-01 1.048397699695530205e+00 4.844257320675102066e-04
-1.826268382202567153e-01 1.134372970226765087e+00 4.445269719455092572e-04
-6.052537137367196562e-01 1.350883476526869797e+00 6.430239252504786097e-04
-1.524846569374673222e-01 1.032935632527929748e+00 4.934229973300859008e-04
-8.881852360656519729e-02 1.049278327558134549e+00 4.748103556832075395e-04
1.780435925102441530e-01 1.070482759977828380e+00 4.669684354633426367e-04
-5.566192090216325328e-01 1.231756708553765289e+00 5.028242676669274908e-04
-2.039176695890828062e-01 9.913376594425949984e-01 5.519779950805829734e-04
-3.045080740953362008e-01 1.214964078493485200e+00 4.684725809432091167e-04
4.468559764439088422e-01 1.307073072566626859e+00 6.231277998910907676e-04
-4.687015831509866448e-01 1.203616098152082703e+00 4.788978908018655324e-04
-1.129745684605957534e-01 1.053844050004335786e+00 4.726194162907646325e-04
-2.222936390282014840e-01 1.114965490253290614e+00 4.501762536864949821e-04
7.867871917636914958e-02 9.399420930165108823e-01 6.243172515943169873e-04
9.754803928676036850e-02 1.116518522624206033e+00 4.470950609729526536e-04
-3.206585263200153468e-01 1.115208560462165988e+00 4.597889267490196845e-04
1.457072377170050004e-01 1.106033755022155285e+00 4.519454313563535603e-04
-2.591920955396723736e-01 1.126156106376576593e+00 4.507382453092264435e-04
4.745070681584374617e-01 1.180486124661978442e+00 5.044802075057104986e-04
2.373829030299262621e-01 1.211069371816293039e+00 4.828756695474588313e-04
-3.145852776315333776e-01 1.051882599786898576e+00 4.965870146462417331e-04
-2.123982129879398162e-02 1.055415312746927015e+00 4.684019977942760937e-04
-1.643106473181367710e-01 1.042230074139605112e+00 4.858103570193599160e-04
-1.729372445450181317e-01 1.035626541224746955e+00 4.927469758329774269e-04
-7.234319267633104733e-02 9.929227465606120795e-01 5.347497551239232963e-04
2.191811764183997646e-01 1.094091843331308267e+00 4.614140035016471033e-04
-2.426285314077467059e-01 1.142683987729813166e+00 4.476207438858968105e-04
-2.295155451881502051e-01 1.041436923751484667e+00 4.936314109691401384e-04
5.030295457711923823e-02 1.010231609400606301e+00 5.090516339456027748e-04
-2.706922874226344589e-01 1.147469909719741388e+00 4.495796039510633409e-04
3.901812182447094157e-01 1.136694091967366260e+00 4.796969303850993080e-04
-2.772230084480346024e-01 1.056027295154223777e+00 4.871815625962976700e-04
-2.977256486341411934e-01 1.137347055571482413e+00 4.526154246770708691e-04
2.726550518584422989e-01 1.043564955506166791e+00 4.938125204508624685e-04
-3.731916837692629274e-01 1.096753646424762918e+00 4.748014073254001443e-04
-3.178496456829467687e-01 1.165922807763058788e+00 4.543531117332716743e-04
1.625767332296716161e-01 9.907303862164688057e-01 5.377436497994316335e-04
-6.630789929147757888e-01 1.364633277146437784e+00 6.747522695437674399e-04
-4.168778653768506759e-01 1.103200374299871500e+00 4.791131865406775226e-04
-4.071031890979365242e-01 1.197583371660542850e+00 4.696573446396664210e-04
2.453697042110904170e-02 1.107172758086977682e+00 4.457952960147610667e-04
3.124172803516609420e-01 1.044437883468746664e+00 4.987333171115534980e-04
-1.618342821992176939e-01 1.019469627030568315e+00 5.086336067190387047e-04
-2.517089573912545397e-01 1.042300114571763636e+00 4.957786062637600018e-04
-8.047825415260220772e-02 9.960237657745159012e-01 5.309680579039331022e-04
-3.734781115054887635e-01 1.129917265259953174e+00 4.627117439448987218e-04
-4.637488274194363491e-01 1.201923915385548991e+00 4.777223832009954894e-04
-4.896421395853009506e-02 1.089240577156292744e+00 4.507224838610522709e-04
-2.783000524082884786e-01 1.086572198385297838e+00 4.666774761384502048e-04
3.575836556753471673e-01 1.155289489384149659e+00 4.762780946262424524e-04
-2.597181400135452067e-01 9.694860218853096345e-01 6.012994537269661724e-04
-9.414364209936734729e-02 9.109091999640246406e-01 7.138954282466533977e-04
-3.166944395470173146e-01 1.078390933590493983e+00 4.765726466364089459e-04
4.032009530168636502e-01 1.122320886874152546e+00 4.823865936840664387e-04
-3.733698174680950554e-01 1.167092537448139566e+00 4.600444776664507204e-04
-1.064252103166741237e-01 1.011372052464748483e+00 5.130524722251433812e-04
3.991015572108124188e-01 1.282446253068971531e+00 5.767046892974479365e-04
-2.126045772066632589e-01 9.612685788981848445e-01 6.079856854238416134e-04
-2.652051478670254814e-01 9.802884124658343135e-01 5.819697166456419156e-04
1.442816832994381626e-01 1.082910001980712522e+00 4.587968711961844508e-04
6.560194520143507180e-02 9.530702473029474264e-01 5.967375811282545290e-04
-2.096271281310773116e-01 1.012674465906300947e+00 5.226831748918657700e-04
3.880074202348531842e-01 1.187450675163093106e+00 4.912285035733455867e-04
-2.381612727963679510e-01 1.148263755816039122e+00 4.472250127217827081e-04
1.988960228029686694e-01 9.791467786367976656e-01 5.573705828372224527e-04
-1.133144249379917645e-01 1.084742546765051774e+00 4.543270497437979232e-04
-3.560899135928358716e-01 1.080305969320130899e+00 4.815318425675217695e-04
-2.682627109285091183e-01 1.028045933384189592e+00 5.131228393304645844e-04
3.545315701728131152e-01 1.154743237354320495e+00 4.756970754484483475e-04
5.635373687060460379e-02 9.422730409710166066e-01 6.193351165236039629e-04
3.217164505198057411e-01 1.162202579470772212e+00 4.723128299909156369e-04
-4.014889800146241861e-01 1.248362019541418899e+00 4.961784189090630423e-04
-5.508205812609226482e-02 1.052640985901979631e+00 4.710243700796806136e-04
5.779129998272227592e-02 1.012848426414165504e+00 5.061993704651683449e-04
1.786286489261154631e-02 9.200587511747437830e-01 6.749392975507100337e-04
3.150818355383946945e-01 1.111092154744262706e+00 4.693858117829961363e-04
-1.872671158872806774e-01 9.381804502831743164e-01 6.557645156948112676e-04
8.808109584914544654e-02 1.028696988474828045e+00 4.909098773498848933e-04
-2.340706620435320517e-01 1.118141294065344571e+00 4.503195348869982692e-04
-3.446841918358531376e-02 1.117655531461032581e+00 4.430283978315691074e-04
5.987058105644936512e-02 9.871291927518700549e-01 5.388538458730601256e-04
-1.137517156167419941e-01 1.087370539492875654e+00 4.531844668940671669e-04
-1.096327013056418442e-01 9.318971195581534639e-01 6.575193626249368779e-04
-4.397227927284955151e-02 1.041585729983237396e+00 4.792760881418245650e-04
2.345229714609794458e-01 1.157512077509165849e+00 4.601554753206209313e-04
1.249147058931827786e-01 9.813487908458922160e-01 5.490337827599598092e-04
-2.761420078890909346e-01 1.195974344574965986e+00 4.584551033797729233e-04
-3.827168387743904998e-01 1.159874129745428917e+00 4.607942187952271005e-04
1.492383512477136465e-01 1.001745033472407620e+00 5.226190490272290996e-04
2.698380859299364110e-01 1.011961389713753157e+00 5.225475790110592012e-04
-6.637938571571408986e-01 1.293202772117678867e+00 5.658969681115803537e-04
4.782852510323363782e-01 1.199196692980823542e+00 5.136784142028669349e-04
-3.452044730122713623e-03 1.111041262362248538e+00 4.444537738387321153e-04
6.651303251841281239e-02 1.017421737130488557e+00 5.014163745671526562e-04
-3.067180330996233106e-01 1.175187767636538982e+00 4.547552399026188129e-04
-2.555004754197068850e-01 1.080305458103520966e+00 4.674802909676935595e-04
1.897561444167626954e-01 1.062176885676915150e+00 4.724512348512617901e-04
2.871533541985309135e-02 9.407854622386067067e-01 6.233400511248236723e-04
-3.270350568541118830e-01 1.153725744235276407e+00 4.545816247477604322e-04
-2.097738206517185677e-01 9.424419403583744748e-01 6.500621626550832748e-04
-3.113532470048821499e-02 9.878130747525784017e-01 5.397156821877122090e-04
-1.672407241492799845e-01 1.082285698349757741e+00 4.584605429180669471e-04
-1.657065732364444433e-01 9.493522716841857889e-01 6.249165425953674994e-04
3.116592321980539426e-02 9.887658953847934251e-01 5.365446318960318288e-04
3.691128784912000027e-01 1.179035111741599140e+00 4.846977408597770345e-04
3.042586554336250693e-01 1.139417530351179986e+00 4.664289148556573358e-04
1.534793678953848550e-01 1.024449845540019499e+00 4.982408081984474567e-04
1.050313404630171255e-01 1.024945324494036081e+00 4.950870513487653666e-04
-5.401944582278788154e-01 1.213888404739921878e+00 4.926598944924975420e-04
-2.913682131200303060e-01 1.087984926341647451e+00 4.675380347885836705e-04
-1.571985485134161364e-01 1.111061044689170219e+00 4.470907799133197209e-04
-2.056415187922126520e-01 9.831037372796187501e-01 5.656490812472553340e-04
-1.157001849926689308e-01 9.843825636923108080e-01 5.513679693566529792e-04
-1.502298044167088564e-01 1.009135457069446407e+00 5.198537977703422165e-04
7.023803715752582888e-02 1.127961090283927215e+00 4.447011307359537841e-04
4.557677829185904361e-01 1.165571132430466506e+00 4.960446004993763081e-04
-2.221886258017608529e-01 1.112683434559818885e+00 4.507658436343844085e-04
1.714322893427501771e-01 9.978109597621340754e-01 5.290541826546532773e-04
-1.807798099005809012e-01 1.127664636027882361e+00 4.451233843661909074e-04
-9.505183741275430309e-02 1.008289988288866290e+00 5.159491894310486767e-04
-2.645447361753584525e-01 1.061134284225288438e+00 4.813774744448153127e-04
3.848329778252129740e-02 1.018019151245334264e+00 5.004200761890868418e-04
-2.180395368374627996e-01 1.009638748199665370e+00 5.278251639296370045e-04
3.105714314920550445e-02 1.086714612483015152e+00 4.521150736864674134e-04
-3.373381120340018802e-01 1.097176059005675164e+00 4.691011242972596392e-04
8.902780831116646754e-04 9.118835399966769284e-01 6.991478163366355572e-04
-2.605219825758150476e-01 1.070983977436767987e+00 4.738343409725161355e-04
1.220044208097156441e-01 1.089858478100708794e+00 4.547710379666360472e-04
-1.330027039137108291e-01 9.309832321710284075e-01 6.637252439046024532e-04
-3.644217730069627126e-01 1.046676523033587269e+00 5.108892923865214009e-04
-9.048505054822952864e-02 1.015954551051900800e+00 5.065313136133146312e-04
8.560342493282108167e-03 1.058033290183598485e+00 4.665525220742394860e-04
-4.339401833476155823e-02 1.038749534210296810e+00 4.816505769654341133e-04
-1.618008169717291556e-01 1.013255102663797924e+00 5.159822129767634028e-04
-1.010643493430090356e-01 1.024887406467431816e+00 4.975114975368277780e-04
4.674389465679000266e-01 1.274238603672801284e+00 5.780139975417003355e-04
-3.324541101185953806e-01 1.093372891959872195e+00 4.702813332732730389e-04
-8.500296642942681280e-02 1.097632362037218812e+00 4.483471955810890662e-04
-1.782610289543556936e-01 9.344589412454374910e-01 6.633892358217818213e-04
3.172773150510545259e-02 9.953965004974110187e-01 5.273768311383206838e-04
2.677856754454992494e-01 1.046352758596349020e+00 4.911222234252727269e-04
-1.656331286759490373e-01 9.523179463230524444e-01 6.183125340525322169e-04
-1.405636234973686727e-02 1.095848656325727255e+00 4.482717949882336411e-04
2.274697843458323709e-01 1.085291046735711529e+00 4.652317643092322556e-04
2.874298411801510245e-01 1.105466756337518452e+00 4.665974937656247059e-04
-2.636230067140872269e-01 1.116976835932552259e+00 4.531585598867192899e-04
1.369989399972429411e-02 1.003796765368237143e+00 5.167597975554888727e-04
7.837971517027186863e-02 9.858679895770859902e-01 5.409060250629031024e-04
-1.483553127229356727e-01 1.053535256287104316e+00 4.751810015610690666e-04
8.322573663487045637e-02 9.323897137325234397e-01 6.417158961584502408e-04
-4.257604513479182895e-01 1.099597905179344970e+00 4.826123959218536720e-04
1.784742440794255258e-01 9.881390864864372237e-01 5.424996010652153927e-04
-3.484002388794200655e-01 1.231165958949155925e+00 4.804657404968240304e-04
-6.401105776591489716e-02 9.773222391840920009e-01 5.581202496884921614e-04
6.976029427752430956e-02 9.284490643691745149e-01 6.513679989434304970e-04
3.453022929821575326e-02 1.021584711143702418e+00 4.967148974801859681e-04
-2.157173178942948244e-01 1.041322939690890959e+00 4.920327505978970908e-04
1.256236333229452384e-01 1.131170685405228360e+00 4.478044896796356503e-04
-3.512792416131054196e-01 1.211376255681284153e+00 4.698301515683337500e-04
-1.515964107264854421e-01 1.082941143281940466e+00 4.571311110215082823e-04
-4.718332433326203335e-01 1.162076109216505060e+00 4.734306529474841658e-04
4.034053456776039159e-02 9.370296254714847173e-01 6.314884381497787563e-04
-4.273045834020320344e-01 1.125786101507731729e+00 4.720261117295407771e-04
-3.232389839099975015e-01 1.048289837621503739e+00 5.014188850507340922e-04
2.173563317726990851e-01 1.007130209923440711e+00 5.218475772682988970e-04
-2.095930509635376415e-01 1.072301536637040087e+00 4.674757710867064411e-04
-3.594229487614747920e-01 1.120708230284090501e+00 4.631524594927188170e-04
2.293990782343651169e-01 1.138751828466366467e+00 4.571656146141803959e-04
3.629411993364475841e-02 1.038466793365983465e+00 4.811836784399634872e-04
1.238740451795168063e-01 1.041746565522812862e+00 4.814623562894710090e-04
1.437432143382395278e-01 1.018646358253346484e+00 5.033412235693739828e-04
2.512284919604372280e-01 1.051045932604863786e+00 4.857886322211696405e-04
4.807998457714811602e-01 1.246049137826402919e+00 5.490001122682618617e-04
-1.591838235179142136e-01 1.020481611621446127e+00 5.072065124468722172e-04
-1.534923148885640742e-01 9.681452445429489240e-01 5.841698745859699943e-04
1.902824205506866151e-01 1.110759824537902229e+00 4.547468441348345822e-04
2.002601575185310734e-01 1.039430123105942627e+00 4.889373819805883795e-04
1.774541404278908163e-01 1.074285921142380973e+00 4.650753865347833629e-04
2.406545000401844048e-02 1.044584625557279933e+00 4.761700817971742210e-04
-4.089182143072842557e-01 1.164289229344673826e+00 4.642026754204256283e-04
2.386230803248845789e-01 1.040891019637762316e+00 4.917345678143790304e-04
-2.143693992665658410e-01 1.142585805720549352e+00 4.458112784612266294e-04
3.089295695060044478e-02 1.093930600279171550e+00 4.495480741407868524e-04
-1.930507143538061632e-01 1.069518912198698102e+00 4.677026002093773865e-04
2.521757322378484489e-01 9.985624226968059514e-01 5.360823470277442226e-04
-4.043200634458533616e-01 1.089203819152459118e+00 4.844885094401240244e-04
1.857186079955346347e-01 9.600356950380173338e-01 5.882196977446450077e-04
5.847019495699316144e-02 9.716924093222271130e-01 5.628145173254693774e-04
3.684793073759570770e-01 1.096752185101071753e+00 4.809871124620848865e-04
5.896651927794486214e-01 1.354738752084304609e+00 7.529425433047157125e-04
8.993058073438180144e-02 9.454940994274086963e-01 6.123343959867916112e-04
3.519482980296992358e-02 1.044966768495326992e+00 4.759846588941159598e-04
-1.382094112948537568e-01 9.643419240094840417e-01 5.892493547939914094e-04
7.657978793506059478e-02 1.006089146363151610e+00 5.142912019237346226e-04
1.981328313335369018e-01 1.047943147669365027e+00 4.823441740514604207e-04
-1.899094794620623250e-03 1.079850485427607198e+00 4.545313150533948198e-04
8.230665787447151438e-02 1.026605925510212902e+00 4.926682063260287786e-04
-3.987731737852304725e-01 1.144768575352964168e+00 4.636692046955952673e-04
2.179397811821089104e-02 1.000068185967469825e+00 5.213503759795262271e-04
-1.659976512755608757e-01 1.096744584827142877e+00 4.520532353820255062e-04
-2.380308793485502172e-01 1.139986133811239366e+00 4.474338843693135767e-04
-4.008461375959150308e-01 1.086109581211710529e+00 4.857630162178061821e-04
-1.506722163612997378e-01 9.619315777750518937e-01 5.957866336973483435e-04
-7.444587309082423277e-02 1.097796306080395690e+00 4.480636604989803344e-04
1.225919187288738027e-01 9.323548458248854809e-01 6.423893091105165260e-04
-2.043576346577609115e-01 1.084816950479391195e+00 4.600258741507031856e-04
-2.478463936508123466e-01 1.185153345897565824e+00 4.533365997575029230e-04
-2.497826778026858152e-01 1.006309876829909244e+00 5.374365680299120294e-04
-6.741551725009931051e-02 9.779870322385388892e-01 5.572862880224943539e-04
1.072513210363866543e-01 1.108620680078114429e+00 4.489105448795059454e-04
2.145293713306819505e-01 1.061993764137774132e+00 4.749029655275816345e-04
-9.274503671834707919e-02 1.032641530243317840e+00 4.892922499394276653e-04
-2.145187376203638863e-02 1.066220042236695198e+00 4.615857271337600294e-04
1.705534164277908438e-01 1.126611269543722260e+00 4.513702965992513814e-04
-2.242548737589948327e-01 1.040383755339264082e+00 4.939642447024327442e-04
7.945621074301777165e-02 1.002023771743122182e+00 5.192719376257017667e-04
-2.674017682200395263e-01 1.147309553512313673e+00 4.493234967268569199e-04
2.952822340645358534e-02 1.131570638536817608e+00 4.429647734540167179e-04
2.217625391231765331e-01 1.012931287703518590e+00 5.158219675127519556e-04
-2.559973260633754966e-02 1.029271753716281657e+00 4.897482282895415954e-04
-2.148278684537397454e-01 1.057073732811209643e+00 4.785401198234196418e-04
-1.591704547149280780e-02 9.616296734801788038e-01 5.826146351202487811e-04
2.890347363840182204e-01 1.055379837657527409e+00 4.877621388128611452e-04
2.906673966245244822e-02 1.072517345131074329e+00 4.584152446677939403e-04
1.794419265479439973e-01 1.115289578285735494e+00 4.531071269505632993e-04
-1.651383018028020344e-01 9.671717770833194727e-01 5.877769599589870077e-04
1.973453327465453100e-01 1.027550953949433632e+00 4.988299419641144608e-04
1.008752193582677925e-01 1.076368361626954151e+00 4.589845248297041731e-04
-2.248552350639838049e-01 1.111580922399859839e+00 4.512785568004183787e-04
-1.131538072931012329e-01 9.766696226403351888e-01 5.637613222243638075e-04
-2.271990872686527330e-01 9.584175039972615551e-01 6.170588516266669460e-04
-3.049832744001461093e-01 1.009786021028867831e+00 5.430524245000215369e-04
4.598585928149069857e-01 1.239325122536243606e+00 5.386190792058559050e-04
2.021942973518345288e-02 1.046702566546037438e+00 4.745307231218836327e-04
-1.483890019936388582e-01 9.250565788588158700e-01 6.825470636137684777e-04
-4.864165492907471244e-02 9.966569903678438314e-01 5.280821958988350532e-04
2.915291600562220919e-01 1.068109927600611631e+00 4.806936066312565399e-04
4.074062119570950879e-02 9.676628899182520005e-01 5.698022078677247729e-04
-1.574805116199982091e-01 9.910959055032300125e-01 5.457714698360135357e-04
-1.584289991146106691e-01 1.004523829414784686e+00 5.267506887475320804e-04
-1.449040130977683472e-01 1.053793154799547827e+00 4.747298829027618203e-04
-2.626078684210779723e-01 9.794632278609147757e-01 5.829101277685002757e-04
2.469989348068303558e-01 1.215394797467713062e+00 4.868593744532856752e-04
-3.342946828394574021e-01 1.164962713307519104e+00 4.557864877531770027e-04
1.901771253414370755e-02 1.108063514290330787e+00 4.454734204161728988e-04
-2.232636948042600600e-01 1.159049951908631471e+00 4.469065022325790452e-04
1.208425429524884187e-02 1.069074050435134149e+00 4.600044495164250821e-04
-1.137882637482153514e-01 1.107283156949252279e+00 4.462904154699893155e-04
2.499404783088519655e-01 1.112657337107158639e+00 4.606588647151893924e-04
-3.917373259582460077e-02 1.102541246669843655e+00 4.462457954194095451e-04
3.144871423509396635e-01 1.058788774444724190e+00 4.892761215004161422e-04
-2.975503804647064432e-01 1.069867670963809081e+00 4.795064726938561028e-04
3.255990144466183178e-01 1.059488550013195418e+00 4.905428341175336769e-04
2.372511061950999811e-01 1.153492622990962335e+00 4.597085977884188333e-04
-2.231566855767164181e-01 1.035052901277761173e+00 4.990519934654923020e-04
-3.583000659893543771e-01 1.160853536344023551e+00 4.580015234547576020e-04
-1.436562442361283831e-01 1.029542004309627279e+00 4.960225233282031894e-04
-1.447142580233673481e-02 1.024481994539458762e+00 4.941751586416216670e-04
-2.780250425359558908e-01 1.014606002394405238e+00 5.312303701789454881e-04
2.314986568552889756e-01 1.077544169186593237e+00 4.688008373094849955e-04
5.010080105036318621e-01 1.206020975581198140e+00 5.222048478324416935e-04
1.022890196648453265e-01 1.029994971345305599e+00 4.902741410891958435e-04
1.058947223577214325e-01 1.019481964482785274e+00 5.005189738229274968e-04
-2.019950989536168362e-01 1.169773822781634109e+00 4.474684561666083583e-04
-5.702733808617702627e-01 1.260443067924168714e+00 5.228922077379513601e-04
-2.390619731822586358e-01 1.018487034996788276e+00 5.197602633794851839e-04
-1.625166734492256015e-01 9.900682645828722261e-01 5.479901606913164169e-04
2.382815329478724098e-02 9.822744168999312242e-01 5.462209688778316271e-04
-4.534471088346523349e-01 1.129939266396685182e+00 4.753614263927179997e-04
-6.590972780493942196e-02 1.070297343627663045e+00 4.600139390342133992e-04
8.388599853501083059e-02 9.903222069927460902e-01 5.346971655339316076e-04
-3.004567111062838025e-01 1.089287507930966736e+00 4.680160892182009418e-04
1.965382611254952727e-01 1.076159990615147333e+00 4.658996039743285912e-04
-3.120626662437674947e-01 1.141961596093399089e+00 4.535732988586864173e-04
-4.936409871491529433e-01 1.166740031159083424e+00 4.769811972469841193e-04
-2.799415410108037072e-01 9.931202085946272407e-01 5.630795116046928214e-04
-2.626942454301593455e-01 1.038584361816150547e+00 5.010020668801183717e-04
-1.237902184701302477e-01 1.092038041400520409e+00 4.516818339250263650e-04
-1.502352821997438026e-01 1.010290969324598498e+00 5.184007836998693469e-04
-1.173593342092456859e-01 9.736566454657654690e-01 5.694389480348549569e-04
-3.814814057406134551e-01 1.223560759591214797e+00 4.783497384714292268e-04
-3.047565295096411608e-01 1.064094643728296319e+00 4.848154611918643604e-04
1.936409511510205905e-01 1.071232010095004350e+00 4.679607777020112006e-04
4.900865568388121374e-02 9.708283002437735343e-01 5.642938802166502180e-04
2.172061197373702512e-01 1.155594062607944394e+00 4.579125127338409969e-04
-2.677321052272296220e-01 9.925426720387102719e-01 5.615032735357699699e-04
-3.931473298739498468e-01 1.082750069093128431e+00 4.864971210941059485e-04
1.383021019520228045e-01 1.027251211465000091e+00 4.946315196703601714e-04
-1.673108916736409935e-02 1.012639608073037545e+00 5.068805932773851443e-04
-2.376736373765400145e-01 1.002267701373706021e+00 5.410947833414609179e-04
8.018587003029173377e-02 1.075715151051167773e+00 4.583462431007170662e-04
2.013826782800913762e-01 1.165040770777132861e+00 4.584059286838097031e-04
4.119992635608803189e-02 1.055526681518026644e+00 4.685524710451067381e-04
3.478978220221287110e-01 1.079535357977720267e+00 4.837165645429720778e-04
-3.168132240820034085e-01 1.067003014074233480e+00 4.844716580480000327e-04
-9.426859354541219926e-02 1.031816031040347026e+00 4.901676353904547805e-04
-2.504679534663503682e-01 9.912530853249390539e-01 5.602035182131468762e-04
-8.354382802747581382e-02 9.211173291588454770e-01 6.823972360557349149e-04
2.191651548497405289e-01 1.016321498782259969e+00 5.119497550213253411e-04
1.553811930173445433e-01 1.065639810612475591e+00 4.677248288504195963e-04
4.100884159625690639e-01 1.161755531963490018e+00 4.864873106475957744e-04
2.066151502928750827e-01 1.026593262426243935e+00 5.005824856101153374e-04
3.126372860165198553e-01 1.192399159786438734e+00 4.819230231274220563e-04
7.967818365517266577e-02 1.003671417459052861e+00 5.172611892725834798e-04
-3.193251867224262686e-01 1.101220430160097186e+00 4.647940532393017295e-04
-2.068514627830339569e-02 9.053599023701601745e-01 7.209228303414730223e-04
-1.753454649309938440e-01 9.493828063876320611e-01 6.266008170439286594e-04
-3.465791243308553038e-01 1.064420994571555923e+00 4.914239530425859852e-04
-2.074325499453975596e-01 1.073298833583417933e+00 4.666629212663126521e-04
1.071798603465376476e-01 9.284542755618638843e-01 6.514340554481392416e-04
-4.097167278221433562e-02 1.026728456543706258e+00 4.926508560312160400e-04
1.192532051685661898e-01 9.895122183159321683e-01 5.369832163886024490e-04
-3.300628039927748780e-01 1.064729328455041646e+00 4.883503595978052258e-04
-1.111271581138980336e-01 1.058186772036032730e+00 4.694061296350143233e-04
5.851765353653420876e-04 9.463047050132574745e-01 6.125087582669843560e-04
1.386133250559909436e-01 9.466577028952908313e-01 6.112832326623648602e-04
3.404445019913071024e-01 1.223142540129793288e+00 5.049098558225101905e-04
2.809550106929363800e-01 1.046298364465103381e+00 4.928818037311080615e-04
1.143968798668969084e-01 9.559692760139602008e-01 5.917956750902149529e-04
2.515822732112102944e-01 1.030983460521787132e+00 5.014664854941953010e-04
-2.672412828132184059e-02 9.265756932495904374e-01 6.610600558660462622e-04
-1.528518738812607025e-01 1.143320552275471691e+00 4.429881932699229687e-04
-1.902651440112810288e-01 1.106361320811239501e+00 4.503075593635013155e-04
3.747527982272951808e-01 1.118719535704621126e+00 4.777241476596287822e-04
1.549724695719935375e-01 1.010570351522717791e+00 5.126852051214772325e-04
2.041088208085858613e-01 1.024345515007305529e+00 5.024575995197029694e-04
-2.791392580426615422e-01 1.115229658026194448e+00 4.551466111910917921e-04
-7.901103205772100346e-03 9.535731043134234586e-01 5.978464920721214071e-04
2.121452622572117808e-01 1.087658887876125524e+00 4.627911489593481602e-04
2.229083163012344770e-01 1.169107469777838304e+00 4.617602192966715579e-04
-6.784524507972183871e-02 9.579861677577192758e-01 5.934851222022808877e-04
-3.678381326335965484e-01 1.166148512549515459e+00 4.593545049311549729e-04
-3.246375982633020740e-01 1.174396633746939589e+00 4.561030693436113315e-04
3.269513029313797503e-02 9.818825263835109229e-01 5.466915012903109930e-04
2.578101288827245319e-01 1.169120593958611121e+00 4.657348016041084867e-04
-6.661718804326568488e-01 1.298641450875695380e+00 5.720932178206337895e-04
3.739164863886241807e-01 1.172524630161000836e+00 4.832298560453265348e-04
7.736804891193331535e-02 1.138232279086003107e+00 4.450044119241589914e-04
2.726563376716235609e-01 1.079968700320424135e+00 4.726166723925515523e-04
9.386838239537056983e-02 1.131434032182293548e+00 4.458195048571829367e-04
-3.915460842026855515e-01 1.216403101739807813e+00 4.755285827452243271e-04
1.594288188267465878e-01 1.078168339961633304e+00 4.618779795815557056e-04
-1.664918894909427904e-01 1.070296978613780370e+00 4.650620931698948410e-04
3.235432403258718670e-02 9.692409351382855753e-01 5.671995563614148396e-04
-1.465013280356242675e-01 9.770111850123807118e-01 5.671997561286751905e-04
-4.189441377104582975e-02 9.359806926797223925e-01 6.390411729657850554e-04
1.060086676794753380e-01 9.927919525407601364e-01 5.319698152776089614e-04
1.815192845904943508e-01 1.082509014792755409e+00 4.618660414809800134e-04
2.585639346912462777e-01 9.987678884479619379e-01 5.366190401856824792e-04
4.020453862817310875e-01 1.131504099015626430e+00 4.817433614233751949e-04
-3.580598589410414201e-01 1.084678178531027548e+00 4.790984916148019945e-04
-3.520533913834070217e-02 1.028495489431388465e+00 4.907472989690227520e-04
1.656704847222140453e-01 1.024222862155019342e+00 4.993253233620918849e-04
-1.133563374895795450e-01 1.029322750795183428e+00 4.938431281473391974e-04
1.018159911915447746e-01 1.117300102275477158e+00 4.472365119204738918e-04
-1.101425458056397855e-01 1.073653344883222172e+00 4.597446801960329565e-04
9.665695021461657988e-02 1.017835792895453118e+00 5.018478626141953869e-04
3.623571826781481209e-02 1.068497254232741556e+00 4.606605502134787796e-04
-5.668681895652805114e-02 1.042958518273552126e+00 4.785376343632779064e-04
-3.961713825209881579e-01 1.120112475835656207e+00 4.687318172462428016e-04
3.180665729403822084e-01 1.154071370719766065e+00 4.701024406715498889e-04
1.676082758693146768e-02 1.041633884125432008e+00 4.784624668877974401e-04
-3.899291967528184522e-01 1.226897702676209345e+00 4.809117964616699899e-04
-9.589749467366695534e-02 9.549901812194750983e-01 6.025006687464458692e-04
-7.768902556708703888e-02 1.107242168505327529e+00 4.454039543080932462e-04
4.239915083874047363e-01 1.199420085652870505e+00 5.033659802276418700e-04
-2.722304311997744142e-01 9.831973693689379790e-01 5.782767145354063927e-04
1.845178656370596026e-01 1.086534865705458541e+00 4.605980159337553430e-04
6.646242565415945436e-02 1.063749365285916682e+00 4.641014454546763131e-04
-1.235502769755849051e-01 1.089258191032733469e+00 4.528020097302796034e-04
-2.503593195889812772e-01 1.058092674033347391e+00 4.819025355293844368e-04
3.573252767190312484e-01 1.210931010966810106e+00 4.989587277223489362e-04
3.132658327502481077e-01 1.216347427466424325e+00 4.960665707410725437e-04
-1.436769060399519793e-01 1.047440424322646724e+00 4.796446290559229562e-04
3.247840080979355615e-02 9.126867828373321778e-01 6.946811395720334540e-04
-6.563615299184683005e-02 1.108271251686218317e+00 4.449771015451979149e-04
-1.444939751027717878e-01 1.065585361653577090e+00 4.664636621542467125e-04
-5.036153215500174252e-01 1.176093929968664353e+00 4.789137997275183935e-04
-1.762663939718102091e-01 9.536245963885171539e-01 6.173432127023042440e-04
1.751963344341637974e-01 1.160936944147070049e+00 4.549278747535385288e-04
-2.985206723522079719e-01 9.969551021066335172e-01 5.609024593044223536e-04
2.452516065380400123e-01 9.948308162308447944e-01 5.400406292216272620e-04
-3.847234625280415710e-01 1.108733140417503149e+00 4.711191284880125881e-04
-2.688103751023811494e-01 1.188419699046373790e+00 4.554625230922542561e-04
2.440605589935009589e-01 1.043234555802054375e+00 4.905555948150822207e-04
3.204554665598824403e-02 9.471306718528035296e-01 6.094379414620424394e-04
-1.927757588182342774e-01 9.739359518230592538e-01 5.796125273722427381e-04
-2.921884434319999002e-02 9.386662901200373277e-01 6.315895996875632796e-04
-3.998062406317526296e-01 1.142427176810342004e+00 4.641170225015000140e-04
3.478511898671438063e-01 1.230110200284703525e+00 5.115027329617077628e-04
1.748540560894643048e-02 1.096386725905838411e+00 4.484848175312272558e-04
-1.666710989181448554e-01 9.644791681502660197e-01 5.932381419725143122e-04
-3.567557434609038292e-01 1.114822903017860689e+00 4.646380589781030739e-04
-2.001993853662206724e-02 9.107118612519110590e-01 7.045189805618711811e-04
-1.083626728878961387e-01 9.294855088879813154e-01 6.635587432576255497e-04
1.233735534556664182e-01 9.427758346937327172e-01 6.188790777041873990e-04
-2.936933661678730045e-01 1.077026955668346941e+00 4.741907738900102737e-04
1.045182480776595813e-01 9.255162390580763399e-01 6.587099234618580329e-04
1.170377001326140531e-01 1.104801088898079042e+00 4.502789077214965747e-04
-1.834266495059941326e-01 9.890796091942557489e-01 5.524158281885350064e-04
2.849617212286097434e-01 1.057300711840012841e+00 4.859940005745767995e-04
6.486992219700460360e-02 1.038766671840643419e+00 4.814584986850131893e-04
-5.009629098218632004e-01 1.287433114812725377e+00 5.405965528516161163e-04
-4.240086214073032767e-02 1.087186236507911241e+00 4.514666948875133926e-04
-6.614751342096991671e-02 9.874295454537452832e-01 5.423537971922631328e-04
7.855634715866130491e-02 1.015292025652407837e+00 5.039609730133530691e-04
6.941005234501926302e-02 1.009652582875569138e+00 5.099936890732989980e-04
-1.691721489130953993e-01 1.072592029909882339e+00 4.638846047301419038e-04
8.686390469502133782e-03 1.045243710260718828e+00 4.756108731584390067e-04
3.678151859776739863e-01 1.155777813111857011e+00 4.780121831532706429e-04
2.801230864982331425e-01 1.137541956753616024e+00 4.631111633892144217e-04
8.514635049165256153e-02 1.015128681583594039e+00 5.043220305249246837e-04
-8.244275634022074639e-02 1.023788046744035007e+00 4.975010839574133068e-04
1.298141178357239689e-01 1.075269770526183333e+00 4.611243455275521388e-04
2.783436214599158132e-01 1.101825167963221164e+00 4.662156543999788341e-04
1.196178807092102003e-01 1.155008461435850009e+00 4.493142614393242111e-04
-7.399635137245219596e-02 1.110615440974515922e+00 4.445505058166421427e-04
-4.406326320384542639e-01 1.139817965108045561e+00 4.707949262359324813e-04
-1.926762782026962828e-01 9.881302379004851533e-01 5.553033242664110782e-04
-2.789013793808829966e-01 1.105250649651125405e+00 4.583664683130757463e-04
-2.269468021493954435e-01 9.694254587567218140e-01 5.944264473929359617e-04
-8.081220187420698475e-02 1.094087335173139497e+00 4.494722221440663481e-04
-3.161708964094379071e-01 1.121230421355814633e+00 4.575487513123570587e-04
1.275491716756122773e-01 1.010616695643784091e+00 5.109982233493878421e-04
-1.146802002773132656e-02 9.173355190512131330e-01 6.845859147406889358e-04
-1.028677311091455437e-01 1.080137164663376392e+00 4.560707006372343082e-04
-2.426754282327789891e-01 1.013428109409470146e+00 5.266892309088092158e-04
-9.406147099916994936e-03 1.046812350665386138e+00 4.744909984324378470e-04
-2.217996181511302511e-01 1.157832507277048339e+00 4.467123366219850488e-04
-2.354356163414731418e-01 1.075688289882720916e+00 4.680006256985461892e-04
-3.755724734420585742e-01 1.064859911318880803e+00 4.964320104566937722e-04
-2.456332307275498894e-01 1.038899624274727262e+00 4.982268331320887592e-04
-4.899470602362224203e-02 1.008548113296803272e+00 5.128580473103677966e-04
-4.032905792873089368e-01 1.111087745266467142e+00 4.731904063031311825e-04
2.768785094468073638e-01 1.087636860284807439e+00 4.702007425949309588e-04
9.813141639436305519e-02 1.131020833852232954e+00 4.460696291061545956e-04
-2.792564094717203682e-01 1.066546323872883395e+00 4.793232011185473039e-04
8.155983402894720347e-02 9.851160074680530565e-01 5.420599268365792816e-04
-2.669455132313637846e-01 1.004233420097733864e+00 5.434721103808980288e-04
-2.254249167777142571e-01 1.059045021597507352e+00 4.782007500080806203e-04
-2.583449103912982547e-01 1.052711098211760454e+00 4.873312116229883660e-04
3.135775205523708697e-01 1.096746182152722460e+00 4.723429387664344328e-04
1.800002689559741798e-01 9.785036009513158328e-01 5.567560116068023725e-04
7.022552351626160094e-03 9.834524827559875115e-01 5.447990637584953361e-04
-2.514889364464111821e-01 9.861305463524361326e-01 5.688881737782075683e-04
-8.675890345611647625e-02 9.403227170036471128e-01 6.336811557109634169e-04
3.948737576210947231e-01 1.254785881177397977e+00 5.422026466709950563e-04
7.804892561208179314e-02 1.145993472932302026e+00 4.455516505185084489e-04
3.662772908496333968e-02 9.565826149225599151e-01 5.902207862467508896e-04
3.221965197648349322e-02 1.081757490101538322e+00 4.541543644465806232e-04
8.582362295110040895e-02 1.091244049458361065e+00 4.523565753416279676e-04
2.894363829803617838e-01 1.056684261724517127e+00 4.869888207156825824e-04
-3.845185456785509270e-01 1.129418134505103533e+00 4.643782531151755119e-04
5.375642123206990364e-02 9.467299469709652415e-01 6.097977302602160428e-04
7.281835917881721021e-02 1.049389104623183799e+00 4.735570667575104823e-04
2.697573037902786242e-01 1.177820163270159926e+00 4.700642080028144803e-04
2.363954368597686040e-01 1.108424511398969470e+00 4.598183152614593750e-04
1.400764274938809950e-01 1.032095071175983536e+00 4.903788448322237911e-04
2.189489135804819075e-01 9.716549396846325681e-01 5.711649386465636686e-04
-1.303419100259269048e-01 9.797518822845403541e-01 5.605251771379589007e-04
-1.811627468469415581e-01 9.596221071802265579e-01 6.054749160351375519e-04
-1.010970003263093886e-02 1.114891947646853954e+00 4.436676233794601592e-04
-1.919236093696638501e-01 1.028900977697732477e+00 5.015844285446445549e-04
-3.456127171674478471e-01 1.238697357059121318e+00 4.853643787124949137e-04
2.150793167147549423e-01 9.837894147848660342e-01 5.519920715718643848e-04
-1.204007065584974390e-01 9.944252834631930327e-01 5.366688723724750585e-04
-6.601104262442522574e-02 9.422368139144451371e-01 6.268395156543080105e-04
-1.861363555768014155e-01 9.507506903805523768e-01 6.255551466890136615e-04
8.113235416967107261e-02 9.794491532345878104e-01 5.505607929210758721e-04
1.431003286446221323e-01 1.024525622663966962e+00 4.974911764069477223e-04
2.378292245632497581e-01 1.111172734343105040e+00 4.595079569945228017e-04
2.725162676690865982e-01 1.187597866192038332e+00 4.743639358735363804e-04
1.946395480098986608e-01 1.026948579346421253e+00 4.991401071666736692e-04
-3.930687345531821975e-02 1.024760930451775742e+00 4.945573695999370967e-04
-1.240928691696345509e-01 1.016431539613498414e+00 5.085306830965950070e-04
-2.236346911273005000e-01 9.749279205979315410e-01 5.833325427674298418e-04
-1.192898077134960932e-01 1.081002308751131791e+00 4.563513608918853002e-04
-2.690809433998305189e-01 1.099666698325993064e+00 4.594799457720177729e-04
-3.392303310791633386e-02 1.107967891717262399e+00 4.448739390873523492e-04
1.432277803774158198e-01 9.855807316901910031e-01 5.437418968237636187e-04
3.520944969048440676e-01 1.169729644882203434e+00 4.788843786659197511e-04
-3.101251039640740559e-01 1.036908094812052150e+00 5.105616735500996799e-04
-9.285905512397413242e-03 9.435311435351578790e-01 6.191228928871114149e-04
-1.019168753964749818e-02 9.840026792895933960e-01 5.445165934921759659e-04
-1.735060251855733426e-01 1.065918226350523357e+00 4.683742318542526194e-04
2.488095411849760297e-01 1.115787337115263789e+00 4.601030187949903131e-04
-6.113849496557613450e-02 1.059914355530805263e+00 4.661904012352204572e-04
-1.176083187552484921e-01 1.065605260125180642e+00 4.648484163481210376e-04
2.374785662579232681e-01 1.164268643591969132e+00 4.620344495038257644e-04
1.285057863277045132e-01 9.388655284162988890e-01 6.276289592229394431e-04
-3.060785504141719793e-01 1.165350138681657377e+00 4.532732187026554003e-04
7.043211863633676295e-02 9.294364482372161618e-01 6.489271799223635638e-04
3.688391704540299187e-01 1.096482626471323218e+00 4.811260544310257820e-04
-1.908196256177078776e-01 9.869636499675219499e-01 5.568941818460692878e-04
2.620837831741220647e-01 1.030345349362337792e+00 5.033203889922955405e-04
1.285402981150067514e-01 1.052926212494376124e+00 4.736572159227349821e-04
-2.623218085675094180e-01 1.187794732680576448e+00 4.549038417641410210e-04
-2.489308907893776901e-01 9.694794013657249687e-01 5.989162288978495778e-04
3.717711332395821633e-01 1.279370734569101220e+00 5.680441176365997593e-04
-1.705029246738706261e-01 1.051514895919407167e+00 4.785540586094950369e-04
1.377543497936872530e-01 9.971177781111746352e-01 5.277377442949295278e-04
1.778923225180476242e-01 1.038308213964789006e+00 4.878792430233672541e-04
2.049424229762630834e-01 9.808245043522622053e-01 5.553904907079383743e-04
-8.180959752997063461e-02 1.025303276032620836e+00 4.959009158959803336e-04
-1.585665889753646307e-01 1.029517499328676422e+00 4.974156713025457447e-04
2.145130340525322199e-01 1.004335057366246176e+00 5.248276292173126474e-04
1.499718046791100046e-02 1.061941270013929017e+00 4.641380973102268866e-04
-2.200818480810199929e-01 9.988346758862811647e-01 5.431872978864261264e-04
2.559167830289056922e-01 1.037742951631044575e+00 4.962649664202728591e-04
-2.077848776172261935e-01 1.027450626477413476e+00 5.050547029111518166e-04
-3.101690122146056883e-01 1.005228980962470153e+00 5.507405643141033424e-04
1.144436546210374356e-01 1.115532521641203978e+00 4.482161744166804048e-04
-3.117290791645961345e-01 1.031793483375662346e+00 5.164824005021068131e-04
1.949259054605753105e-01 1.123896855901662661e+00 4.536972319536883833e-04
-6.977545310115448873e-03 1.022641862847440741e+00 4.958923592737347332e-04
-1.636090558342142565e-01 1.056509964607550200e+00 4.741379105148526055e-04
-3.001841314639599467e-01 1.066637795794101118e+00 4.822171001347916341e-04
3.253330424200867599e-02 1.037029155865068164e+00 4.823521907963850041e-04
3.724958211239446371e-01 1.157241825229967880e+00 4.790581759405347986e-04
3.377806002372529814e-02 9.746306261359413137e-01 5.581349893985541400e-04
-1.499314428173657010e-01 1.047758465476242185e+00 4.798698926478588513e-04
1.986730881718723196e-01 1.124497116548622833e+00 4.540188112819630931e-04
-3.130415355962631874e-02 9.706740448050765746e-01 5.671663873427940398e-04
5.676742166588018279e-02 1.060046486640408681e+00 4.660231506335468484e-04
-3.219747311962331549e-01 1.075022006980265843e+00 4.795703407331358974e-04
-1.728947745384433188e-01 1.088165054668151388e+00 4.560416044572919111e-04
2.825755608909154004e-01 1.085866633108063750e+00 4.715812726036785595e-04
6.381889454920644522e-02 9.372086619789344875e-01 6.305802537639206267e-04
3.234821650039595431e-01 1.080820729587521623e+00 4.793367301059797084e-04
3.422840365610161917e-01 1.098214509993600707e+00 4.762825886025163547e-04
-5.314400278988795634e-02 1.023304350459643963e+00 4.965585571677846996e-04
6.947601790435108116e-02 1.035380179683072832e+00 4.844121685144557360e-04
7.515385934794788225e-02 9.530237236360776798e-01 5.968314257683798949e-04
-2.264243755359431343e-01 9.558756031122724872e-01 6.224336119032321127e-04
1.247659855153779307e-02 1.102306712741978556e+00 4.467058987390479588e-04
1.773412391940110133e-02 1.006752912535255451e+00 5.131201138160176390e-04
3.490083240907787543e-01 1.238797395426648018e+00 5.191570825201962053e-04
-2.916399896417200543e-01 1.013870113865853240e+00 5.347676646553385909e-04
-3.584200048511800296e-01 1.125205342725183133e+00 4.617939700142579379e-04
-7.115918625321121516e-02 9.752927549214128744e-01 5.620751293713707004e-04
-1.770335595026635844e-01 9.791972166656902621e-01 5.677556386392396647e-04
-3.259528513021139884e-01 1.012091171643023868e+00 5.442866048937117793e-04
-3.760235899243394297e-02 9.781970426719878153e-01 5.549205459228285153e-04
1.118343988957065799e-01 1.029846217391064744e+00 4.908354666083307623e-04
-9.201524329431795546e-02 9.534999524576843744e-01 6.051396242623944708e-04
-3.592226213086802677e-01 1.220129723767231944e+00 4.747669298611441931e-04
-1.848990000648014220e-01 1.119893385637426686e+00 4.465986508550790152e-04
1.228497891473055298e-01 1.134477074760705806e+00 4.476203404790066154e-04
-5.149574068857087905e-02 1.048346787874152142e+00 4.741104716327847191e-04
-1.666442472436679978e-01 1.133080907629166356e+00 4.438885410833937777e-04
1.914414497001011295e-01 1.123338294639605994e+00 4.534059717632318810e-04
1.585779049765586590e-01 9.681475631880946953e-01 5.719640178859505342e-04
1.494383855766031333e-01 1.015545756320299198e+00 5.069226871630846086e-04
2.948565614409413005e-01 1.099445002212645406e+00 4.689891326962710772e-04
7.053787705114525353e-02 9.241850517449409219e-01 6.621148444309242704e-04
-2.913786058641384402e-01 1.094303663024027262e+00 4.643831278073359652e-04
1.694617001557503499e-01 1.155603548655835366e+00 4.533294392709082046e-04
2.377184553575883985e-02 9.102180578032900149e-01 7.023827765854622623e-04
3.393650411060686323e-02 1.075452121622704649e+00 4.570545561735671943e-04
-3.059645249786728805e-01 1.080597091260669718e+00 4.736650535031115133e-04
-1.338162321866595561e-01 9.234944461768238577e-01 6.841003523553690433e-04
-9.874083722372942185e-02 9.987933542341298487e-01 5.285780019080788721e-04
-4.150293466083536664e-01 1.241847370424967956e+00 4.924651979168369808e-04
-3.262902767090539169e-01 1.209952963845197793e+00 4.673745627750161514e-04
2.329124727921050853e-01 1.003571713032075596e+00 5.276806107235875766e-04
1.608549007445455592e-01 1.028041167449150972e+00 4.953993768741952542e-04
1.601606740501399229e-01 1.003246786501275523e+00 5.215193516202469353e-04
-3.434303109391774744e-01 1.069245236178022029e+00 4.871383534167453831e-04
-2.397003442869836687e-01 1.085326602040744604e+00 4.630521959394774635e-04
7.366854873868705633e-03 1.030394868578180523e+00 4.881971531220473783e-04
-3.124870664437269796e-01 1.083002575741576434e+00 4.731393270830436715e-04
-1.868527233834618717e-02 9.128333378537886178e-01 6.981274844705794231e-04
-2.935417916470292043e-01 1.015120274894200758e+00 5.334706901400342862e-04
-1.240141148525091830e-01 1.053971599095145040e+00 4.731825167212919993e-04
-1.364383169493035286e-01 9.919823495564387139e-01 5.419370538897637845e-04
-3.459800958205626054e-01 1.144576540452917790e+00 4.569952758649447905e-04
-1.498531536721236512e-01 1.074121088554258474e+00 4.616626653145088337e-04
-2.266564127116181826e-01 1.007494831206726449e+00 5.320028752353504016e-04
2.241310979651517932e-01 1.097347133733399094e+00 4.610024761742259874e-04
7.311295941005495347e-02 1.006345378001259450e+00 5.139121841140914266e-04
1.826228148515461336e-01 1.097074551552094768e+00 4.570697535864841191e-04
-6.059777019701545475e-01 1.311764034044955896e+00 5.802906402337128493e-04
-1.760746779584588251e-01 9.750246224036716036e-01 5.749387579676479461e-04
4.675518764739840238e-02 1.074167213490672346e+00 4.579738247622043611e-04
1.970505015729535903e-01 1.087121336978496666e+00 4.615225086179658496e-04
2.858169106766528245e-01 1.040440851145178591e+00 4.979781278457699354e-04
9.667728932468461212e-02 1.096998932033208973e+00 4.510998802752272754e-04
-2.243482701274109870e-01 1.005784421602418099e+00 5.339781047155706898e-04
2.492808637804620198e-01 1.041499267869693490e+00 4.924917042651648065e-04
-3.928508436632001111e-01 1.082087869129739310e+00 4.868817601774683254e-04
1.945347195947915719e-01 1.193290509887320106e+00 4.682476828386971843e-04
3.935564669136931149e-01 1.147509739070328383e+00 4.810957036561624317e-04
5.941776135164693329e-02 9.994274492197429138e-01 5.221819267079854483e-04
1.259747178004657631e-01 9.801968166806634963e-01 5.508227623884706789e-04
1.125728279666078219e-01 1.118209670126668165e+00 4.477672582627973893e-04
-1.338784609640709111e-01 1.080732848911702737e+00 4.572112333771148444e-04
5.893294021682034256e-02 1.063101105969901150e+00 4.642500371796820036e-04
-3.044151843949648439e-01 1.067468076615422534e+00 4.822333083287738513e-04
1.913194606527033326e-01 1.155404420862557791e+00 4.552889830378441423e-04
-1.921226082234386290e-01 1.082602782801515451e+00 4.601406094737317868e-04
-3.527300960205519975e-01 1.039763660851819260e+00 5.157187628415407744e-04
3.573633569465298754e-01 1.232560830369704652e+00 5.149964927189889683e-04
1.341855921936681018e-01 9.588104233912855268e-01 5.872097966142630476e-04
-1.489192449671614682e-01 9.872522405901817955e-01 5.506380883971616564e-04
-9.765740803863381947e-02 9.756733077614669902e-01 5.638383626277495425e-04
-3.138603101534263584e-01 9.999304509734526780e-01 5.596270112259176975e-04
-3.036151852389824546e-01 1.162581801085083022e+00 4.527999166750828314e-04
1.107467861110515150e-01 9.799715793059474711e-01 5.505476310214110942e-04
-2.817840381542396910e-01 1.073188900372543442e+00 4.750756051198963439e-04
-4.857996683839651553e-01 1.213221610391721939e+00 4.845406907507645222e-04
-3.062949826212856275e-01 1.076818003697521009e+00 4.760746688364552912e-04
-7.195596076565277666e-02 9.435343904860659103e-01 6.245351586765772586e-04
-7.161261149802305992e-02 9.703408677624548728e-01 5.706760057068224886e-04
-3.750416681277643494e-01 1.053963805147452026e+00 5.059478943107450057e-04
1.599863687194318651e-01 9.661294637981833189e-01 5.755133302579908128e-04
7.835736466026207991e-02 1.049785790479879966e+00 4.734598901634211863e-04
-1.182667124592398367e-01 9.835569830980464001e-01 5.529525813230471007e-04
-2.707112326939166147e-01 9.674703112813105577e-01 6.079289738939561323e-04
6.232581749694961204e-02 1.041336662580089945e+00 4.793206870798307319e-04
-1.055718099712682767e-01 9.627287871605688663e-01 5.881906803993102893e-04
-3.022912534198635148e-02 1.085380187085075665e+00 4.521184938808760255e-04
-6.245097726626236412e-02 9.291872600930390913e-01 6.580551210999653969e-04
-1.970674533159932351e-01 1.058357728924428143e+00 4.757501812857354911e-04
-9.244373137688793873e-02 1.042970388949005844e+00 4.800623695240266789e-04
-7.540324049435853659e-02 9.862742702922400184e-01 5.447812197786415078e-04
2.165081154931475238e-01 1.031453602067514685e+00 4.971745809684983194e-04
-3.856995655830808278e-01 1.070007088308927212e+00 4.942650630495475962e-04
-2.235643293282140176e-01 1.150498085525893277e+00 4.463659679234017476e-04
-1.683791259821685316e-01 9.879969161958064294e-01 5.520002361097878360e-04
-9.399147725115025720e-02 1.133322518431381543e+00 4.417861143062728362e-04
9.487822541092764961e-02 1.090467030165460205e+00 4.530546726744078640e-04
8.124545528066098865e-02 1.098216782732620356e+00 4.500039269507506213e-04
-7.523056579746170702e-02 1.040187035448773001e+00 4.815888641992188842e-04
3.054563310993450020e-01 1.055472190024098866e+00 4.900236984246652367e-04
-2.996658107773368940e-01 1.110967981814056982e+00 4.586741198177036712e-04
3.851006361979746884e-01 1.127960007887975458e+00 4.788309745671889611e-04
-5.875927598874175484e-03 1.094167660744571391e+00 4.488788041278281207e-04
1.296049365894265670e-01 9.615294998563359563e-01 5.820175487273028482e-04
6.821356279994472693e-02 9.892744759927121212e-01 5.358841414670292066e-04
-1.532132701446992651e-01 1.094387799828141050e+00 4.522148865523643890e-04
-1.279536109606455863e-01 9.494246900095943964e-01 6.186103400549165321e-04
-1.313137738354739625e-01 9.990500953890264491e-01 5.312370000702104893e-04
-1.116345000897820960e-01 9.882126721623969434e-01 5.450060562622022599e-04
1.353715705640464451e-01 1.108668330444943839e+00 4.506913565127747311e-04
2.752456010890892979e-01 1.071832315933703761e+00 4.766402451459700556e-04
6.060350216884116126e-01 1.365210082462504193e+00 7.845644573827687766e-04
-2.597132832747345299e-01 1.106018318456470029e+00 4.561138856204699867e-04
1.902277340060637423e-01 1.007333075577645953e+00 5.190573596079620751e-04
-2.455639908275468741e-01 1.124523797910183198e+00 4.499006694185322020e-04
-1.356436564677421241e-01 1.058538289659826104e+00 4.706224425236049127e-04
7.778305863800280551e-02 1.038029669390631682e+00 4.824329377583736443e-04
-2.679283646004193553e-01 1.010005858243425481e+00 5.355500333048354321e-04
-7.529284864927832110e-02 9.238100343564790151e-01 6.738496893197859494e-04
-1.135791302973142292e-01 1.004221137460374003e+00 5.226069778728756679e-04
-2.298170590335544272e-01 1.180454973394975626e+00 4.511389367543421893e-04
2.799107171022869323e-01 1.078967547187381415e+00 4.739762358841053021e-04
-2.194977109055984976e-01 1.060547668603671889e+00 4.764281572764773637e-04
6.792402792760141028e-02 1.033695225897230507e+00 4.858248500152878547e-04
1.338108658586546484e-01 1.160323088835576666e+00 4.513743033075716502e-04
-3.638919972173524364e-01 1.074589840442597310e+00 4.867804177339554706e-04
1.191886781188160604e-01 1.074777557714827525e+00 4.607129737264591129e-04
4.769835682879147165e-01 1.301605671701957068e+00 6.196315242302418346e-04
-1.395018825879315583e-01 1.124714349902699473e+00 4.437076145582242960e-04
1.489835948609270488e-01 1.070587218062737378e+00 4.646680877597638153e-04
-6.306735757725423497e-02 9.561940110704352236e-01 5.966164562506553201e-04
-4.483671455919985283e-01 1.203274298066195902e+00 4.762132664710880497e-04
-3.591966255136419539e-02 1.052689101450260400e+00 4.705291076339271285e-04
-3.293989316979983872e-01 1.181553647709499888e+00 4.579132422087964270e-04
-7.939581202702439278e-03 1.115093208693587634e+00 4.436626895009906945e-04
-1.998456673239346060e-01 9.475163402349703334e-01 6.357291181127548447e-04
-2.487756987654457519e-02 9.632332369454410514e-01 5.801353886132157864e-04
-2.637617449361235877e-01 1.164926847926349485e+00 4.500206099972529905e-04
1.932409169272049365e-02 1.020683577959198951e+00 4.976263127190248652e-04
3.274255813099944401e-01 1.155862384697674550e+00 4.717836299905432186e-04
2.186596161504875679e-01 1.047174113920732452e+00 4.848911536624366599e-04
1.550409906993170939e-01 1.101256168785812006e+00 4.537196397887403756e-04
5.010742279839756896e-02 1.074546050859838120e+00 4.578780780959533113e-04
-4.470869373698379556e-01 1.261954770722074848e+00 5.108623731921233110e-04
3.025838214180114338e-01 1.158257174356160490e+00 4.687417652376068460e-04
1.064157148840988026e-01 1.067441400229540704e+00 4.637085524775837143e-04
1.722532688864147898e-01 1.047355995233130388e+00 4.805383953630410518e-04
-1.705353997345316341e-01 9.901978015279877532e-01 5.488577017548533716e-04
-7.955640750563930386e-02 9.627676412406520612e-01 5.853199921174290611e-04
-1.514067404815225282e-02 1.064642185583553724e+00 4.624723810068281514e-04
1.477430703523937572e-01 1.040667981291312882e+00 4.837620021890760087e-04
-4.450307560748087976e-01 1.177475361678643750e+00 4.700484288516921507e-04
-8.317793413941931835e-02 9.703500209028893542e-01 5.717040270085093885e-04
-4.064226866647097092e-02 9.145753865260902726e-01 6.953964547690902592e-04
-2.208374845856004853e-01 1.140388944777221969e+00 4.462818098048025660e-04
-4.521872016307121322e-01 1.176363486797462832e+00 4.709337965876844723e-04
2.292802891537903398e-01 1.082396164376295156e+00 4.665374227601441618e-04
-1.302376282578593669e-01 9.928746408851326644e-01 5.399396279041845069e-04
-1.782013932654500921e-01 9.985252403343103378e-01 5.374916816695971466e-04
-4.107781857956729898e-02 9.781095164817316112e-01 5.552684235431502423e-04
4.092760392015289128e-02 1.014384235807653800e+00 5.043376055813018942e-04
1.321380972636204132e-01 1.088375618745379692e+00 4.559275916728262532e-04
1.798073112827705267e-01 1.016902819269053015e+00 5.077211263383962737e-04
-2.045008878156975296e-01 9.506986165369336605e-01 6.293550094223375382e-04
-2.580648398620224437e-01 1.118825047529547367e+00 4.521870339316411331e-04
-2.646823837218476583e-01 1.008816161334773698e+00 5.365939502980330037e-04
-5.139114300297581428e-01 1.236452452658331369e+00 4.993875038749409113e-04
-2.512023070678496284e-01 1.087838815350290922e+00 4.629642715437356387e-04
1.077632860515853608e-02 1.130603146352223254e+00 4.424596499768357273e-04
5.026176549425869639e-02 9.799014721986183396e-01 5.496187767405547779e-04
9.558645416158903507e-03 9.478014153085149163e-01 6.088759779175653263e-04
4.535524206191877961e-02 1.006386931412892372e+00 5.134957330353059467e-04
-1.268390536652335698e-01 1.022521326517470852e+00 5.019487501332504367e-04
-3.419003821431503831e-01 1.201238036747846349e+00 4.648536486890960805e-04
-3.483698657216589556e-01 1.035718541259232017e+00 5.192775408552461778e-04
-2.778711437843290888e-01 1.078849478462135636e+00 4.710020650328955059e-04
7.401638876192800920e-02 1.106124069020071099e+00 4.477206817849874372e-04
3.007075793236895778e-01 1.044859393568948747e+00 4.966906953366173215e-04
-3.706230658610584761e-02 9.139613586475855422e-01 6.967726211753252777e-04
-1.242728689100777162e-01 9.417462457673838605e-01 6.355692065509887688e-04
4.499002998843986689e-01 1.309610895333829683e+00 6.280836404616254491e-04
-2.657145301738284005e-02 1.002128468062409183e+00 5.198734635993064197e-04
-2.042611938117380732e-02 1.026179626642376386e+00 4.926189315954774151e-04
-2.617660382000569497e-01 1.026282553795680785e+00 5.140838413691840988e-04
9.045414904253160082e-03 1.056498666532208031e+00 4.675579305493839230e-04
-1.861546777640917805e-01 1.023466384094677384e+00 5.068140384483323709e-04
-1.482156233055484940e-01 1.069682535388666089e+00 4.641544548939366887e-04
-6.218693628979643506e-02 1.115558629227458409e+00 4.434319921738490372e-04
-3.494980090238799519e-01 1.104085376017517328e+00 4.677192923851693110e-04
-2.561835961422066488e-01 9.824969593132691914e-01 5.761216887338627699e-04
-4.097523412104536744e-02 9.670118119785067190e-01 5.742554914194103423e-04
-1.331527730161548573e-01 1.087496423852113203e+00 4.540089992381893106e-04
4.695262818358650336e-02 1.119856325160903054e+00 4.443733292275652631e-04
9.010929656062915960e-02 1.076195284988520573e+00 4.585504663049631813e-04
-1.888289084392116846e-02 9.965629967771050257e-01 5.268818454924027467e-04
1.178730655382185938e-01 1.120957515670229165e+00 4.478169529255036116e-04
-2.721582712070835242e-01 1.037947982485030618e+00 5.030911540908311304e-04
-2.069345716707501337e-01 1.033914834739839028e+00 4.981781311582076125e-04
3.092874988410639903e-01 1.067090983604075616e+00 4.837468917902150380e-04
1.732200622998189554e-02 1.004584262175666209e+00 5.157476717895414153e-04
5.907163047399186517e-01 1.344197378501870155e+00 7.276088263718948805e-04
-3.194228019108487637e-01 1.108634707077820414e+00 4.618578945847188360e-04
-1.366218305999633564e-01 9.899959424268804931e-01 5.449437203503400230e-04
6.978041997543345254e-02 9.296336960083976253e-01 6.484513435402158897e-04
-4.835889337871601690e-02 1.105823568999906525e+00 4.454224679540400521e-04
-2.784482933450868614e-01 1.056019759593032070e+00 4.873635050368153626e-04
1.711877769662836501e-01 1.035076032435016113e+00 4.900037429248200018e-04
-2.340235399230947144e-01 1.056256892847700080e+00 4.813478844475248459e-04
7.270927986501418694e-03 9.195870985582254020e-01 6.769040178014009606e-04
-3.043998993931476549e-01 1.070421596744511428e+00 4.801089441061018141e-04
1.020858830868192069e-01 9.620424937055861436e-01 5.801445934177161100e-04
-5.328873335090058561e-01 1.219394869643390278e+00 4.936332013759552398e-04
2.071380368462888977e-01 1.019305909920350084e+00 5.076901882902204238e-04
4.125086338547162557e-01 1.139154230290350345e+00 4.837939123963401152e-04
-4.218578688412735200e-01 1.261154269855752741e+00 5.082157379488887487e-04
2.733174173415416908e-01 1.060652665907441117e+00 4.824246917261377013e-04
1.021560346006427922e-01 9.586181720103680304e-01 5.864471295095679236e-04
2.285350352463344781e-01 1.098326102958074868e+00 4.612089040179760983e-04
-2.177362064801056651e-01 1.108087907910766390e+00 4.517501681372472380e-04
-3.954253605932359639e-01 1.130833040008465407e+00 4.656364258413286830e-04
-2.435500503938627936e-01 1.027881321513141710e+00 5.094738377305163372e-04
2.387301767061087987e-01 1.077715630773865563e+00 4.695225587422103175e-04
1.456423204312265463e-02 1.051396428536490291e+00 4.710734235951739867e-04
2.516442510663042809e-01 1.053046670392758122e+00 4.844971568672279405e-04
3.202122061356547089e-01 1.200996181190599144e+00 4.874692876336918527e-04
4.110889204225977311e-02 1.044088279670938313e+00 4.767418273146700400e-04
-1.956601875707819627e-01 1.152302089732491375e+00 4.449899694951183729e-04
1.760991639276708876e-01 9.888573364922332853e-01 5.413132212165912413e-04
7.465641977929912687e-02 1.034277686099345450e+00 4.855041635143163368e-04
-2.042128067951274883e-01 1.003770939588379818e+00 5.337222008653686465e-04
-2.322192229402650354e-01 1.128790487639527385e+00 4.481651560097318150e-04
-6.856014473054999891e-01 1.377965957834320410e+00 7.058129207073139894e-04
2.740825136892625080e-01 1.128911041813236427e+00 4.622248949848999501e-04
2.637923621609831182e-01 1.114076851836343529e+00 4.621093682031657008e-04
1.844511054945796036e-01 1.095326155667477819e+00 4.577249891119331568e-04
-7.484259982284097168e-02 1.045748794753124544e+00 4.769631659778209042e-04
1.955053890355307189e-01 9.658922270964729329e-01 5.786277420722463856e-04
2.186140207827672877e-01 9.766351366562072700e-01 5.631584908673348613e-04
-5.376214304556645174e-02 1.017495405759830218e+00 5.027711300488243041e-04
1.982800301876248839e-02 9.184013188554535079e-01 6.793378276195120033e-04
-2.077883964498705716e-01 1.134735210196883060e+00 4.458643410403738102e-04
2.006603224935104846e-01 1.148025287776138548e+00 4.550465691228510801e-04
-4.778327074420914977e-01 1.171322517082486137e+00 4.744439587946879693e-04
9.080076787280738637e-02 9.484738896282066678e-01 6.061337765074535167e-04
2.585289723512975701e-01 1.000519584098309211e+00 5.344293103224978438e-04
1.418473186468439673e-01 1.145105386689340143e+00 4.495888184447597788e-04
-7.692816593651133350e-03 1.011486910895597502e+00 5.079788315695369380e-04
2.326371748205917356e-02 9.925047087255916001e-01 5.313852007545034027e-04
6.697037754017420852e-03 1.003745524351328910e+00 5.169311279660531062e-04
-6.105235869929684922e-01 1.348725938616370801e+00 6.393196296344129219e-04
4.418297636488691671e-01 1.166233332699266434e+00 4.934886209158297543e-04
-1.551214817611909491e-02 9.963545301481863126e-01 5.270449031295558993e-04
4.229838216319637412e-01 1.248745542797498054e+00 5.407935793069164809e-04
1.094970080076060753e-01 1.093191129622226310e+00 4.529397720714925892e-04
4.312121118316070145e-01 1.171578716068236492e+00 4.929848957100363286e-04
-2.087113419744276999e-02 1.036941328008641472e+00 4.826781280958273505e-04
3.422364251933231183e-02 9.181111754123254531e-01 6.793588225337785251e-04
-2.705849736671695482e-01 1.136637457771414006e+00 4.502217265834668387e-04
1.586805064450368119e-02 1.082158141273766194e+00 4.536927063581229860e-04
-1.954167027947373847e-01 1.078297613028937674e+00 4.627030112464832010e-04
-4.230365382650506101e-01 1.269221566173960980e+00 5.157602640055638111e-04
-3.238814165470204620e-01 1.156224929621149311e+00 4.542998978056973758e-04
1.384144055686401531e-01 9.870894136179508838e-01 5.413184826541599624e-04
-1.602407218931166111e-01 1.108261794788847787e+00 4.479837322081912107e-04
-9.292868674168613952e-02 9.370747319975007983e-01 6.422245111520560618e-04
3.279638253956763672e-01 1.175522258773768591e+00 4.771134107949580381e-04
4.510061534969148078e-02 9.379162510101890504e-01 6.293187212006445819e-04
1.662621331486414666e-01 1.058194978593240965e+00 4.728628928706356629e-04
8.920435878016136355e-02 1.003887105333987062e+00 5.172535636142660057e-04
1.963946541508140853e-01 9.959199967243695939e-01 5.335351748987241047e-04
-3.614802104551357309e-01 1.065945150271187858e+00 4.928886408845574744e-04
4.316771278768348485e-02 1.058288161458875276e+00 4.668020376145562119e-04
-2.412148360814182491e-01 1.146969714358778480e+00 4.474265634310153395e-04
-1.549437634939275776e-01 1.115804241046261858e+00 4.458825759407812161e-04
-2.735619353599137993e-01 1.066061629869771377e+00 4.789084951457266690e-04
-1.943275319484660812e-02 1.067010219041240937e+00 4.611159803843550842e-04
-3.029622836129339802e-01 1.095995949703773009e+00 4.650264187133420503e-04
1.762990969499400040e-01 1.128289661314876513e+00 4.518075900870781379e-04
-9.781160224499130251e-02 9.295375851064965333e-01 6.618258023791610519e-04
1.435432902595061566e-02 9.961478555434873927e-01 5.265719391385063116e-04
-3.679182651654300251e-02 1.100501475839644971e+00 4.468157545200475531e-04
1.177877666715616833e-02 9.726326131072910997e-01 5.619247644671579748e-04
-2.579483238166202508e-02 1.123721152355110497e+00 4.423156489077288570e-04
-1.820648893890128850e-01 1.017709360217587733e+00 5.129462508967931600e-04
-2.510890431512178278e-01 1.002527749542183377e+00 5.430460834964113276e-04
1.996514372307104934e-01 1.152920390164011710e+00 4.556617175476161056e-04
-5.206848100565852899e-02 9.780639829650077388e-01 5.560458070485519225e-04
2.351198602042287034e-02 9.561341237716700636e-01 5.914340990018246988e-04
-1.177150556218205246e-02 1.011941654686584258e+00 5.075516769970862862e-04
-4.214364202855999664e-02 1.099955493414045860e+00 4.469966159165932951e-04
3.936026753549626278e-02 9.564002835006897296e-01 5.905171673549572961e-04
-6.160102972754302741e-02 1.069930915212702782e+00 4.601096586969259921e-04
-5.135646551411622296e-01 1.185076483896672972e+00 4.814288523171657373e-04
4.293968961265537398e-01 1.179346380023870600e+00 4.952648701526469110e-04
2.768213364060743975e-02 9.818196814406708883e-01 5.468539060313877499e-04
-9.794571806592047847e-02 1.005663926318468793e+00 5.194614681210030400e-04
2.245511252268991287e-01 9.839338375294286454e-01 5.527639473578785118e-04
4.647529371209050963e-01 1.231571205670346503e+00 5.328599717755689788e-04
3.749854545262653049e-01 1.141611121535804685e+00 4.773622524232277206e-04
-2.727724552936094948e-01 1.001559865870594646e+00 5.485026220625661454e-04
-1.848591289614195388e-01 9.703504420470608904e-01 5.849315228182579932e-04
-8.433323411862853058e-02 9.610174435861736919e-01 5.891666210357070351e-04
-4.649389932861639485e-01 1.292232649102766473e+00 5.434426682458239023e-04
-3.837883677628112777e-01 1.117049898469541613e+00 4.678357193756626045e-04
-2.571207685279842114e-01 9.801734954271147382e-01 5.804586445172275162e-04
2.198100338491050798e-01 1.021758440356273390e+00 5.065131150656703102e-04
5.615077384545313216e-02 1.082352914700779767e+00 4.545378210396958953e-04
-2.579501627755648174e-02 1.040292878568039647e+00 4.799202146937083945e-04
1.671830611361742602e-01 1.043683405523153418e+00 4.828401391183541032e-04
1.948410077288215136e-01 1.063107199273135794e+00 4.723780151604442664e-04
1.171107916996871473e-01 9.348903218449352570e-01 6.362994385089715396e-04
-3.636539264231705704e-01 1.142664456809970197e+00 4.592888131493384155e-04
-1.944195024099639180e-01 9.465575522267832831e-01 6.368517735083025670e-04
1.662231767757431367e-01 9.719852708876286496e-01 5.660751137453962165e-04
-4.430466597522755290e-01 1.183993971977858273e+00 4.707160012327808426e-04
8.784035518737731696e-02 1.024513340014951979e+00 4.948459994637125804e-04
-2.192405947048609582e-01 1.168993947642286590e+00 4.480868184128720781e-04
2.320029863644720858e-01 1.053128375734243116e+00 4.822073556585120945e-04
1.142988180425554556e-01 1.057820919063867215e+00 4.696986983618125534e-04
-2.500729496655220707e-01 9.886654275568479422e-01 5.643609368287165690e-04
2.142658400577432676e-01 1.117731496669676083e+00 4.561171696157678528e-04
4.883762000413343629e-01 1.207503170995990027e+00 5.204425113499023918e-04
-8.043365744456679178e-02 9.318809060663456600e-01 6.534231405907740299e-04
4.147184998972892056e-01 1.209598874045192396e+00 5.076383306136061880e-04
1.598432345508825903e-01 1.094243012374278345e+00 4.559991415252166312e-04
8.985769386694772431e-02 9.564951118928594065e-01 5.902184741108925737e-04
1.089080254878634496e-01 1.066074926550129920e+00 4.645787884824568396e-04
-2.353587288634992891e-01 1.014439274866338225e+00 5.242379329142172204e-04
2.285519039101841232e-01 1.042258702727998143e+00 4.895702767180214795e-04
1.410758177451758022e-01 1.109695540021337301e+00 4.509065919981576848e-04
7.531809386929227967e-02 9.356445497128503819e-01 6.340871399037353818e-04
3.578364611866395595e-02 9.336366356047892667e-01 6.395937529814222635e-04
1.508882986180889452e-01 1.043200404197077935e+00 4.820196299199604119e-04
-3.710257089469845004e-01 1.097452417359284560e+00 4.740950932150945043e-04
-3.036981840595370796e-01 1.015339723242997483e+00 5.351749649026409919e-04
-2.783225453953297457e-02 1.043136553982162873e+00 4.776280100373861393e-04
-1.087093156050622511e-01 1.047491661326499512e+00 4.772577990474437997e-04
-4.406200420771189119e-01 1.220454103655218336e+00 4.822975112384745894e-04
1.728405996581708348e-01 9.918448211347523635e-01 5.369738337293764952e-04
7.364080047936497064e-02 9.711162872123237921e-01 5.638525851104966152e-04
-3.022362571915044316e-01 1.198006675927225650e+00 4.607913691331976956e-04
2.245847747973865327e-01 1.037950347736680490e+00 4.925379952515638107e-04
-2.705070466571261045e-01 1.071401292589832854e+00 4.748008277600037643e-04
-5.992095875517550185e-03 1.122178401061869613e+00 4.427271421152111108e-04
-2.954857706514296689e-04 9.698256559585882730e-01 5.671179416338939169e-04
6.364068742838553672e-02 9.519049051165813236e-01 5.990680984013528393e-04
-1.031432139794197234e-01 9.330917031828154240e-01 6.535075152403925633e-04
1.544987658143533171e-01 1.030798858556659869e+00 4.924658109711172816e-04
1.894249630043235433e-01 1.000061491459695917e+00 5.276768703409649144e-04
-9.378910405267673611e-02 9.278481389369234167e-01 6.656574201420162838e-04
1.791335235472375775e-01 1.031860990603142847e+00 4.933934723703828915e-04
2.008120202474464600e-01 9.752487384958197225e-01 5.636061838212011238e-04
-1.159860585352228413e-01 1.059708709518466963e+00 4.686225436127059839e-04
-4.292459913689444795e-01 1.196199232856576700e+00 4.717508442539648621e-04
-2.727074244148738891e-02 9.618431203831490084e-01 5.828775004103065992e-04
