2.408251540390119239e+00 4.352905459023226342e-02 1.000000000000000021e-03
3.696508768067338080e-01 1.143894260702059240e+00 1.000000000000000021e-03
-1.972968365331200236e+00 8.493031698578015209e-01 1.000000000000000021e-03
-1.642006011733249560e+00 1.888313191814365855e+00 1.000000000000000021e-03
-4.336437705698781842e-01 1.196200899979662058e+00 1.000000000000000021e-03
-2.351920361637026627e-02 6.773065374471494149e-01 1.000000000000000021e-03
-8.549823458282878041e-01 1.928249614736748496e+00 1.000000000000000021e-03
-4.741657020911882459e-01 5.394616871644986045e-01 1.000000000000000021e-03
-9.168699498322513408e-01 1.579045087464941766e+00 1.000000000000000021e-03
6.977764277664035009e-02 1.676024877186130801e+00 1.000000000000000021e-03
9.522439405091861486e-01 7.273053871900756473e-01 1.000000000000000021e-03
-8.326820125244913662e-01 1.444225769200859100e+00 1.000000000000000021e-03
-4.448789248604723134e-01 5.914734200967677324e-01 1.000000000000000021e-03
1.274407170616950857e+00 1.552379603873564884e+00 1.000000000000000021e-03
7.517935647325671433e-02 1.899964869285606373e+00 1.000000000000000021e-03
3.691175940669039202e-01 8.246360530878338313e-01 1.000000000000000021e-03
1.005253178249225554e+00 8.001583493587201001e-01 1.000000000000000021e-03
-1.853596488515073082e+00 7.622235996821089543e-01 1.000000000000000021e-03
1.055428139953338285e+00 5.992447665370950194e-01 1.000000000000000021e-03
-1.012865658134913360e+00 1.494738332048607843e+00 1.000000000000000021e-03
7.436079711065869402e-01 1.105715249524961363e+00 1.000000000000000021e-03
-1.669392811449941227e+00 2.516661184250013061e-01 1.000000000000000021e-03
-6.296828942913359484e-01 7.772829440511974664e-01 1.000000000000000021e-03
-9.562246501302351653e-01 1.809986116990253358e+00 1.000000000000000021e-03
1.880679423658476734e-01 7.305248564496062968e-01 1.000000000000000021e-03
1.339301087932611711e-01 5.602452263080968109e-01 1.000000000000000021e-03
1.066028839035619846e+00 1.682324304634932544e+00 1.000000000000000021e-03
6.355924547536229152e-01 1.123474485846393200e+00 1.000000000000000021e-03
-2.527402215984703826e+00 1.904623600648567949e+00 1.000000000000000021e-03
-7.427977536294122496e-01 1.265607973176685830e+00 1.000000000000000021e-03
2.036048916042715096e+00 1.039158137423624284e+00 1.000000000000000021e-03
-1.294966001641638442e+00 6.272074113133048190e-01 1.000000000000000021e-03
-1.264616264657125733e+00 1.216029191540859200e+00 1.000000000000000021e-03
-1.914151268437878084e+00 9.934804586544625504e-01 1.000000000000000021e-03
-2.705140939995203664e-01 1.826535311923310978e+00 1.000000000000000021e-03
-1.706694101885264603e+00 5.918774463625593452e-01 1.000000000000000021e-03
-2.168583264868541027e-01 7.927607743259015294e-01 1.000000000000000021e-03
5.804046663362109060e-01 1.121261295035283378e+00 1.000000000000000021e-03
4.647993545613572919e-01 1.357137067498217720e+00 1.000000000000000021e-03
1.695862019031201928e+00 1.791701578101118963e+00 1.000000000000000021e-03
-1.195232992218991042e+00 5.493600048044029460e-01 1.000000000000000021e-03
1.092558053507704408e+00 1.714032741948364746e+00 1.000000000000000021e-03
-1.227290138958900378e+00 9.313625638295695008e-01 1.000000000000000021e-03
-5.977881525702107846e-01 9.726297193324340284e-01 1.000000000000000021e-03
1.375564225946541264e+00 1.244804754656747559e+00 1.000000000000000021e-03
-5.192685609761571452e-01 1.361070350451998534e+00 1.000000000000000021e-03
-6.805872229728190392e-01 1.765347719685545824e+00 1.000000000000000021e-03
-2.564221778943527874e-01 9.565798939806606782e-01 1.000000000000000021e-03
1.186416152924195000e+00 1.828021808335220433e+00 1.000000000000000021e-03
6.049145795395900471e-01 1.015811074236889766e+00 1.000000000000000021e-03
-2.180438989999998967e+00 7.469426387976674242e-02 1.000000000000000021e-03
1.456974230227673139e+00 1.701920513036644156e+00 1.000000000000000021e-03
-1.468794119845205248e+00 2.915654253747712588e-01 1.000000000000000021e-03
-1.367263779095093224e+00 1.560718145240466814e+00 1.000000000000000021e-03
2.467388279667068474e-01 1.109153535610505337e+00 1.000000000000000021e-03
-5.633265367905635479e-01 8.370239048066072662e-01 1.000000000000000021e-03
-5.762809808564358649e-01 6.888466086306079816e-01 1.000000000000000021e-03
-5.524327175693738434e-01 1.242393874603599180e+00 1.000000000000000021e-03
-2.924151022195374712e-03 5.076367071994023483e-01 1.000000000000000021e-03
-5.694423294887526188e-01 1.106953365906229392e+00 1.000000000000000021e-03
1.993518912377718610e-01 1.755384053443726611e+00 1.000000000000000021e-03
1.031755950416500145e+00 6.900599620628180553e-01 1.000000000000000021e-03
-1.941610699668729012e+00 1.225748421357004680e+00 1.000000000000000021e-03
-6.032786328339249105e-01 1.695198747140444162e+00 1.000000000000000021e-03
-1.781172690665979719e-01 1.498051252152594381e+00 1.000000000000000021e-03
2.260058867736255639e+00 1.642477693967395291e+00 1.000000000000000021e-03
6.149320034399569090e-01 9.183502710667952318e-01 1.000000000000000021e-03
-7.546396591364045170e-01 1.449280649069811133e+00 1.000000000000000021e-03
-8.191943245749201408e-01 8.276348210641515379e-01 1.000000000000000021e-03
-9.213709820190494337e-01 9.007911346042043466e-01 1.000000000000000021e-03
6.472895297510881107e-01 9.775377042927180238e-01 1.000000000000000021e-03
1.053796041240870451e+00 4.800696687010987951e-01 1.000000000000000021e-03
7.955717982675181155e-02 4.817378106811538441e-01 1.000000000000000021e-03
7.360487277420044716e-01 7.297249077621614788e-01 1.000000000000000021e-03
-5.323652250969015398e-01 7.255904891582833915e-01 1.000000000000000021e-03
-1.139212543383439358e-01 1.659567931307593058e+00 1.000000000000000021e-03
-1.284112859840955689e+00 1.555393840920692883e+00 1.000000000000000021e-03
1.317043018008951183e+00 9.304230535358528620e-01 1.000000000000000021e-03
-2.186186823991949968e+00 9.341367359328631714e-01 1.000000000000000021e-03
-6.252200560384293393e-01 1.658417910482610447e+00 1.000000000000000021e-03
-8.586792197182758768e-01 1.247787012210889612e+00 1.000000000000000021e-03
1.295379558700782807e+00 1.252963740702465634e+00 1.000000000000000021e-03
4.195184841781200435e-01 1.944763017016198026e+00 1.000000000000000021e-03
2.207556631179014295e-01 1.941710856839776067e+00 1.000000000000000021e-03
-8.151809049785613270e-01 1.148956374022495730e+00 1.000000000000000021e-03
-1.528491282567389753e+00 2.321997964883040222e-01 1.000000000000000021e-03
-1.204856312145079489e+00 1.613134331882524863e+00 1.000000000000000021e-03
-1.674836290522078386e+00 1.911989742591713837e+00 1.000000000000000021e-03
-5.903552193425000150e-01 1.931443776052967465e+00 1.000000000000000021e-03
9.204614745816031007e-01 1.921145103137914090e+00 1.000000000000000021e-03
1.116091846465673942e+00 1.937729273733109769e+00 1.000000000000000021e-03
-1.124372120342384651e+00 1.876197148726007624e+00 1.000000000000000021e-03
-7.889819866753121635e-01 5.925922188045560368e-01 1.000000000000000021e-03
4.734793105317987583e-01 6.030724806697340679e-01 1.000000000000000021e-03
1.314528632671539743e+00 4.006105728277913336e-01 1.000000000000000021e-03
2.259420485667335277e-01 1.778330672170701510e+00 1.000000000000000021e-03
-3.539804191892326202e-01 1.387718121857080433e+00 1.000000000000000021e-03
6.306296084235722688e-02 1.057873276003507446e+00 1.000000000000000021e-03
-1.946157952264517377e+00 9.029727047001896434e-01 1.000000000000000021e-03
-3.493966471535389640e-01 1.671294380457342577e+00 1.000000000000000021e-03
8.812651392179382537e-01 8.255436294216795812e-01 1.000000000000000021e-03
-4.063826383449214430e-01 1.836410304763057999e+00 1.000000000000000021e-03
-6.326248091511167404e-01 1.475290776435477014e+00 1.000000000000000021e-03
-5.336678743005373038e-01 1.330883826866509745e+00 1.000000000000000021e-03
-4.922287583301598879e-01 1.494637514244636867e+00 1.000000000000000021e-03
-9.748214749790661271e-01 1.065835064611548866e+00 1.000000000000000021e-03
-1.781004856275983039e+00 3.979078357103946750e-01 1.000000000000000021e-03
-2.561551185156099919e+00 9.550787499666373304e-01 1.000000000000000021e-03
-1.301720592813408794e+00 8.368789329328423232e-01 1.000000000000000021e-03
1.055880916476237830e-01 1.693842175609937328e+00 1.000000000000000021e-03
8.145155051251216916e-02 7.196297715949815377e-01 1.000000000000000021e-03
3.102660548239756788e-01 1.464039591337236157e+00 1.000000000000000021e-03
-3.140951810227556873e-01 1.423739752975705430e+00 1.000000000000000021e-03
6.184235222244783420e-02 1.572750037142059298e+00 1.000000000000000021e-03
-3.589567145565285000e-01 6.210561775834764209e-01 1.000000000000000021e-03
-1.156839051973163723e+00 1.975998528268106957e+00 1.000000000000000021e-03
4.147055859160838076e-01 1.300331868693995752e+00 1.000000000000000021e-03
5.797346516302979147e-01 8.899366120310354678e-01 1.000000000000000021e-03
1.351566900201595089e-01 1.593709528370147677e+00 1.000000000000000021e-03
-1.262789837963419926e+00 4.939782722999428444e-01 1.000000000000000021e-03
-9.333022879800501048e-01 1.604870366198823950e+00 1.000000000000000021e-03
-1.495605172339648625e+00 5.950590944824480921e-01 1.000000000000000021e-03
2.926290148572526038e-03 1.279005869753467195e+00 1.000000000000000021e-03
-1.794853496780557736e-02 1.396037217890463866e+00 1.000000000000000021e-03
3.628070055185284026e-01 1.382588152959249861e+00 1.000000000000000021e-03
-1.025710487678927890e-01 1.912131728468456027e+00 1.000000000000000021e-03
-1.248567659117012785e-01 4.947077574022147317e-01 1.000000000000000021e-03
-1.300840381421492165e+00 8.233307316129647724e-01 1.000000000000000021e-03
-4.944355999171341498e-01 1.530638244656950864e+00 1.000000000000000021e-03
1.553778096063020753e+00 1.774581077274655083e+00 1.000000000000000021e-03
5.764114592350004784e-01 1.112657353733394361e+00 1.000000000000000021e-03
-5.335195685971557689e-01 8.598889846736570419e-01 1.000000000000000021e-03
-6.862345280250261581e-01 9.878587616624836532e-01 1.000000000000000021e-03
1.352223229640485691e+00 6.415080244786921515e-01 1.000000000000000021e-03
-4.236047567228981570e-01 1.644127365310165123e+00 1.000000000000000021e-03
7.535601015521069257e-02 1.767265428150937456e+00 1.000000000000000021e-03
-1.972445779837011248e-01 1.368834563912228797e+00 1.000000000000000021e-03
-2.073566216114421934e+00 1.698905717626390866e+00 1.000000000000000021e-03
-3.318167759545499473e-01 1.528609869623765549e+00 1.000000000000000021e-03
-9.832886276930882241e-01 1.113486920302389604e+00 1.000000000000000021e-03
-3.503212067529308249e-01 1.751555607104306356e+00 1.000000000000000021e-03
2.722856511334180354e-03 7.399640746653799450e-01 1.000000000000000021e-03
1.237782918896181528e+00 8.561161338938669818e-01 1.000000000000000021e-03
-1.301577333448563412e+00 1.970702793601434299e+00 1.000000000000000021e-03
-5.208072655351043689e-01 1.729284158937348659e+00 1.000000000000000021e-03
1.634343904209813125e+00 9.186445848637703193e-02 1.000000000000000021e-03
3.524752073787179585e-01 9.756588396798815399e-01 1.000000000000000021e-03
1.204030990159383308e+00 1.783334230580424506e+00 1.000000000000000021e-03
1.515366675282059594e+00 9.538435474859043861e-01 1.000000000000000021e-03
1.226723844229224980e+00 1.819242559362421519e+00 1.000000000000000021e-03
2.358570544755687892e-01 1.922734074440244356e+00 1.000000000000000021e-03
4.686511794580862644e-01 1.041270370344622442e+00 1.000000000000000021e-03
3.670714977246946620e-01 1.877069793478864490e+00 1.000000000000000021e-03
1.285358973868576005e+00 9.923672345889495983e-01 1.000000000000000021e-03
2.963643914570806004e-01 1.952009182796735631e+00 1.000000000000000021e-03
3.333931421403412143e-01 1.003435990117253596e+00 1.000000000000000021e-03
1.052888609310444618e-01 8.951343305292398522e-01 1.000000000000000021e-03
-1.430868081753015053e+00 2.192393307548190506e-01 1.000000000000000021e-03
9.807167175690041372e-01 1.582714133166919002e+00 1.000000000000000021e-03
8.346798864666382656e-01 1.749799137410172678e+00 1.000000000000000021e-03
-1.826185544837269914e-01 7.181059610632416490e-01 1.000000000000000021e-03
1.133675360546682276e+00 1.784832247009456196e+00 1.000000000000000021e-03
7.486619162337271316e-01 1.487127764682705466e+00 1.000000000000000021e-03
1.293860558598462829e+00 1.939685542732803025e+00 1.000000000000000021e-03
-1.714028862432982747e-01 1.596400399850146368e+00 1.000000000000000021e-03
-9.408525318580984731e-01 1.040480081704454607e+00 1.000000000000000021e-03
-9.108361842003878106e-01 9.960394295646346485e-01 1.000000000000000021e-03
-1.877805981185062534e-01 9.462193350488417032e-01 1.000000000000000021e-03
-1.287302005069840050e+00 1.293432623093146994e+00 1.000000000000000021e-03
8.317786141662880661e-02 5.616471979981878526e-01 1.000000000000000021e-03
-7.593793266694729427e-01 1.853235330022449112e+00 1.000000000000000021e-03
-1.843839759543967949e+00 1.162462661199543668e+00 1.000000000000000021e-03
-1.288953115981145814e+00 1.241938093970015755e+00 1.000000000000000021e-03
4.961330719606736328e-01 1.732911715505024208e+00 1.000000000000000021e-03
-4.253876616485906779e-03 1.361299852485676976e+00 1.000000000000000021e-03
-2.236954783008890058e+00 1.500053025204628021e+00 1.000000000000000021e-03
2.169052357944993847e+00 4.283574489139627683e-01 1.000000000000000021e-03
1.591709020737759994e+00 8.949449991282372174e-01 1.000000000000000021e-03
1.657259109455986534e+00 7.102029909046003731e-01 1.000000000000000021e-03
4.603749879210992935e-02 6.205217960209030714e-01 1.000000000000000021e-03
1.367886685818414882e+00 7.814299400839261889e-01 1.000000000000000021e-03
-1.301191579233169859e+00 1.443697754811852585e+00 1.000000000000000021e-03
-7.997378787895773056e-02 5.825575183148887781e-01 1.000000000000000021e-03
-8.110597765983993401e-01 1.981613470216824879e+00 1.000000000000000021e-03
-2.021117000196358815e-01 6.362040712238341555e-01 1.000000000000000021e-03
1.088117126214049879e-01 7.994533752797190473e-01 1.000000000000000021e-03
-6.237702688875178536e-01 7.264985418028151454e-01 1.000000000000000021e-03
1.931894937559107128e-01 1.189787731633203061e+00 1.000000000000000021e-03
-9.383420892175382555e-01 1.683731391120856236e+00 1.000000000000000021e-03
-1.451384536843852935e+00 9.188718885908040424e-01 1.000000000000000021e-03
-9.742234996647799461e-01 1.179155865710277862e+00 1.000000000000000021e-03
7.101498361189215736e-01 8.289964628837347416e-01 1.000000000000000021e-03
1.341487012751763075e+00 1.849807648916383718e+00 1.000000000000000021e-03
-1.120588962548884959e+00 8.979771535821501338e-02 1.000000000000000021e-03
1.780051377267626744e+00 1.661841190010970859e-01 1.000000000000000021e-03
3.092299380570775469e-01 8.360896968893500869e-01 1.000000000000000021e-03
2.111405555615923468e+00 9.149931232710091233e-01 1.000000000000000021e-03
-1.809246059736247636e+00 1.153234095408402826e+00 1.000000000000000021e-03
-3.472047118223036549e-02 6.340066062186680007e-01 1.000000000000000021e-03
-1.181188289677403525e+00 8.689217107900157888e-01 1.000000000000000021e-03
7.348630385475588001e-02 1.967304132828115781e+00 1.000000000000000021e-03
-1.257616026579382318e+00 1.399766607877633628e+00 1.000000000000000021e-03
5.020852176379719811e-01 1.348934776391476298e+00 1.000000000000000021e-03
-1.082303912394416257e+00 9.940620119760008588e-01 1.000000000000000021e-03
-3.298216316257766012e-01 1.842759862593133846e+00 1.000000000000000021e-03
-3.689389997692384404e-01 9.376191397739805922e-01 1.000000000000000021e-03
-8.268182220382179759e-01 1.835944267606625768e+00 1.000000000000000021e-03
1.713391416389045685e-01 6.356484273348139702e-01 1.000000000000000021e-03
9.889725580236338187e-01 1.633505992735827972e+00 1.000000000000000021e-03
1.438201794773740216e+00 5.268832053146859096e-01 1.000000000000000021e-03
9.346994378375668155e-01 7.088235340605344437e-01 1.000000000000000021e-03
6.387980324426520973e-01 1.814933980200798436e+00 1.000000000000000021e-03
-1.350446045315301324e+00 9.841155283263178788e-01 1.000000000000000021e-03
-5.633529881380917592e-01 1.567159768803295217e+00 1.000000000000000021e-03
6.102870969229351461e-01 1.914602601557341188e+00 1.000000000000000021e-03
2.659302551670459369e-01 1.456569550186389783e+00 1.000000000000000021e-03
-1.955806358492607755e+00 1.842902807790132380e+00 1.000000000000000021e-03
-5.183629694390349263e-01 1.968467891738570730e+00 1.000000000000000021e-03
9.060617185543551333e-02 1.703803070836769518e+00 1.000000000000000021e-03
1.020457797874686934e+00 1.786652578206031405e+00 1.000000000000000021e-03
-2.573281704345738996e-01 1.053133682955007755e+00 1.000000000000000021e-03
-2.013857132123712257e-01 1.743207660064451048e+00 1.000000000000000021e-03
-7.184749318730975221e-01 1.599557698027240349e+00 1.000000000000000021e-03
-2.326320912017726616e+00 1.084727378310779144e+00 1.000000000000000021e-03
-1.515381619689298576e-01 1.058562919994498364e+00 1.000000000000000021e-03
-8.790682844221689995e-01 1.115812229684328472e+00 1.000000000000000021e-03
-3.311813285307969590e-01 1.569681754712433319e+00 1.000000000000000021e-03
3.821517962109613475e-01 1.814239714226378419e+00 1.000000000000000021e-03
-1.196411969535916331e+00 1.077905635790992189e-01 1.000000000000000021e-03
-9.894291995396250483e-01 1.778582309505448267e+00 1.000000000000000021e-03
1.391186543695976108e-01 1.030723751819623946e+00 1.000000000000000021e-03
-3.249707861948508691e-01 8.484208092012557323e-01 1.000000000000000021e-03
-2.500051112226012062e+00 4.313637458796601987e-01 1.000000000000000021e-03
7.257804353627901328e-01 1.519363321472963380e+00 1.000000000000000021e-03
-1.276068500170468578e+00 1.308159922973888722e+00 1.000000000000000021e-03
-5.202613234374228179e-01 1.729946883540004698e+00 1.000000000000000021e-03
-8.198472389484756651e-01 7.181414549334612651e-01 1.000000000000000021e-03
1.429565968325752001e+00 1.218375966528678411e+00 1.000000000000000021e-03
1.291345522778072574e+00 1.586935819851258200e+00 1.000000000000000021e-03
-6.918947496971225575e-02 6.209000639011599265e-01 1.000000000000000021e-03
1.759806561016072024e+00 1.129645854578461117e+00 1.000000000000000021e-03
7.224697925212910654e-01 1.613352101471029476e+00 1.000000000000000021e-03
1.202148470043002293e+00 1.637822734113887124e+00 1.000000000000000021e-03
-7.517715464503991196e-01 1.071003152352288490e+00 1.000000000000000021e-03
-1.932461757284241743e+00 1.408984137709567097e+00 1.000000000000000021e-03
-2.566843142754717366e+00 4.788364121883346147e-01 1.000000000000000021e-03
-4.374640321608307958e-01 1.964593869693380235e+00 1.000000000000000021e-03
2.603320226047135533e-01 9.096015874518523781e-01 1.000000000000000021e-03
-2.489855535457551894e-01 7.995749756924606100e-01 1.000000000000000021e-03
-1.702753074334190375e-01 8.846641174037983557e-01 1.000000000000000021e-03
7.014517038728652620e-01 6.475165424986768503e-01 1.000000000000000021e-03
-1.189745561483390501e+00 1.924913348225035792e+00 1.000000000000000021e-03
1.914144423148762764e+00 1.606450919220775431e+00 1.000000000000000021e-03
-1.189711402991377343e+00 1.963005628826394844e+00 1.000000000000000021e-03
-6.492464942085526269e-01 1.264264802783766628e+00 1.000000000000000021e-03
-5.455448475649843365e-01 1.811265852408520338e+00 1.000000000000000021e-03
1.172481020621763737e+00 9.467906645737269589e-01 1.000000000000000021e-03
-5.900096949178086359e-01 1.393501030505119864e+00 1.000000000000000021e-03
1.309560286318651956e+00 1.384044558454433638e+00 1.000000000000000021e-03
1.335684478730622127e-01 9.112806807711979484e-01 1.000000000000000021e-03
-2.504580229541428782e-01 1.953131302905801725e+00 1.000000000000000021e-03
2.007127684853286520e-01 9.389023991588631990e-01 1.000000000000000021e-03
-9.617053346340740383e-01 1.497460970342434861e+00 1.000000000000000021e-03
2.681519362114860527e+00 1.356786368820844801e+00 1.000000000000000021e-03
-1.925763284656046292e-01 5.411777072032009084e-01 1.000000000000000021e-03
-1.378725456953875939e-01 1.285439746402427197e+00 1.000000000000000021e-03
3.203866506870311492e-01 1.136037417658466664e+00 1.000000000000000021e-03
-2.881051401739471274e+00 1.550284658890885847e+00 1.000000000000000021e-03
-1.594954795539845316e+00 1.501889455385783334e+00 1.000000000000000021e-03
-6.921133617060074572e-01 7.915957193405318559e-01 1.000000000000000021e-03
8.292019067669994525e-01 1.988504233237153418e+00 1.000000000000000021e-03
5.144713065825222698e-01 1.074924729179463023e+00 1.000000000000000021e-03
4.865910103714837232e-01 1.892273734239587446e+00 1.000000000000000021e-03
1.445552040751674872e+00 1.267588263040735130e+00 1.000000000000000021e-03
-4.357086652498428081e-01 1.139769676670957521e+00 1.000000000000000021e-03
-8.410819670156567396e-01 8.115269470538406527e-01 1.000000000000000021e-03
1.060081447513200992e+00 2.786685929832311004e-02 1.000000000000000021e-03
-2.404947709233623776e+00 1.223176641362489381e+00 1.000000000000000021e-03
1.204760135289205669e+00 3.053892478973339042e-01 1.000000000000000021e-03
-5.619670459719774414e-01 1.646495724340219846e+00 1.000000000000000021e-03
5.696168601912749568e-02 1.525334433662501432e+00 1.000000000000000021e-03
-1.428976260760480121e+00 6.854771329026323468e-01 1.000000000000000021e-03
-1.551016543794478224e-02 1.042781950421531656e+00 1.000000000000000021e-03
1.395829266069086305e+00 4.656480451916231722e-01 1.000000000000000021e-03
-3.453598937129497282e-01 1.975567157789193118e+00 1.000000000000000021e-03
-9.956149887242843333e-01 1.171256794581119198e+00 1.000000000000000021e-03
1.246586343554855203e+00 1.943816445951670246e+00 1.000000000000000021e-03
3.976353566219872904e-01 1.709119161293886302e+00 1.000000000000000021e-03
-8.658302918789495539e-01 7.280474520428765750e-01 1.000000000000000021e-03
4.554775454629831910e-01 1.115467465542534065e+00 1.000000000000000021e-03
1.557858971802982273e-01 4.942275234041504373e-01 1.000000000000000021e-03
4.339144581305664494e-01 1.056371102670607742e+00 1.000000000000000021e-03
2.204335416298092376e+00 4.956403698881264308e-01 1.000000000000000021e-03
1.425964143319434219e-01 1.539777680741806876e+00 1.000000000000000021e-03
1.078788225539272450e+00 4.994242865190805514e-01 1.000000000000000021e-03
-3.872120999787142526e-01 1.311579483501246868e+00 1.000000000000000021e-03
9.318862453433256476e-01 5.775195864053681571e-01 1.000000000000000021e-03
9.796529277637671118e-01 8.456016459791246831e-01 1.000000000000000021e-03
-7.095108563106573563e-01 1.756135886750539665e+00 1.000000000000000021e-03
-1.111419801245566275e+00 6.273549748687436978e-01 1.000000000000000021e-03
-8.025253832910324014e-01 1.791672153791922018e+00 1.000000000000000021e-03
-1.288122786958485477e+00 8.232581696294511975e-01 1.000000000000000021e-03
4.827083337491034354e-01 5.248806958048126692e-01 1.000000000000000021e-03
-1.270259498562430922e+00 1.945487472612627666e+00 1.000000000000000021e-03
-6.115209358550611762e-01 5.933413463639385377e-01 1.000000000000000021e-03
4.181580200208093179e-01 1.350069226112077914e+00 1.000000000000000021e-03
2.379393836900258297e+00 1.820050611755398950e+00 1.000000000000000021e-03
-1.156707247013052164e+00 1.678199479617229484e+00 1.000000000000000021e-03
-1.723638706592399039e+00 9.201389640948178794e-01 1.000000000000000021e-03
8.945183149912886433e-01 1.971130471163961895e+00 1.000000000000000021e-03
5.182058742848612010e-01 1.812916196199662044e+00 1.000000000000000021e-03
-1.726649182551813211e-01 1.896652455156819794e+00 1.000000000000000021e-03
-3.523392867496927261e-01 1.039594919342411439e+00 1.000000000000000021e-03
6.888548479839337046e-01 9.065135091948040014e-01 1.000000000000000021e-03
-1.055482112689897445e+00 1.311908502155475498e+00 1.000000000000000021e-03
5.089527539163810621e-01 8.065391719196708387e-01 1.000000000000000021e-03
1.946201322449049309e-01 1.170904006500041339e+00 1.000000000000000021e-03
1.004506914996635469e+00 1.196518082883898826e+00 1.000000000000000021e-03
3.741258134806845770e-01 6.349100964955647353e-01 1.000000000000000021e-03
3.069940429370149673e-02 1.091171964788906434e+00 1.000000000000000021e-03
-4.682648684316232934e-01 1.991076977606772269e+00 1.000000000000000021e-03
1.413687620211965257e+00 4.587507737619460624e-01 1.000000000000000021e-03
6.052898954754900585e-01 9.587946808304292912e-01 1.000000000000000021e-03
1.245481745100210258e+00 1.027750253968708005e+00 1.000000000000000021e-03
-1.373702821663527640e+00 1.196144746141189152e+00 1.000000000000000021e-03
-1.303944446975378035e+00 9.066060628241778829e-01 1.000000000000000021e-03
-5.347410061379088697e-01 1.451861095242160449e+00 1.000000000000000021e-03
4.151501368689814453e-01 1.611214945848583380e+00 1.000000000000000021e-03
5.893075142887496121e-01 1.220008235137361119e+00 1.000000000000000021e-03
8.160625572895475743e-01 1.980636836151910662e+00 1.000000000000000021e-03
4.404287066352398083e-01 6.052593681709352857e-01 1.000000000000000021e-03
1.428766304883981597e+00 1.600181014434061133e+00 1.000000000000000021e-03
8.804238447228763809e-01 1.086388960083451538e+00 1.000000000000000021e-03
2.742476388046926949e+00 1.853555368353744237e+00 1.000000000000000021e-03
8.829063678476010146e-01 1.703536104967509957e+00 1.000000000000000021e-03
-2.147867384788561207e+00 1.120339567682190118e+00 1.000000000000000021e-03
2.988711581024801944e+00 4.107698189915942599e-02 1.000000000000000021e-03
1.315557323574882309e+00 1.964354762369374008e+00 1.000000000000000021e-03
-2.710227866155487386e-01 1.799955434949504829e+00 1.000000000000000021e-03
-5.930794260097018711e-01 1.150215999844922399e+00 1.000000000000000021e-03
1.529664053060428297e-01 7.548245612694388651e-01 1.000000000000000021e-03
-1.460605149915475409e-01 1.520413848996255091e+00 1.000000000000000021e-03
1.871430638294431903e+00 1.510344838086450370e-01 1.000000000000000021e-03
-3.807795421625906340e-02 8.765235625259575336e-01 1.000000000000000021e-03
2.736007576193222324e-01 1.961020864284292564e+00 1.000000000000000021e-03
-1.812875921749307895e-01 5.036473857271754895e-01 1.000000000000000021e-03
1.696017899702775944e+00 6.105728145725026756e-01 1.000000000000000021e-03
-1.418600269916842960e+00 1.018686726187160385e+00 1.000000000000000021e-03
2.260100739317019602e+00 1.150368011853410977e-01 1.000000000000000021e-03
1.309256981641327533e+00 8.439483884417107173e-01 1.000000000000000021e-03
2.143123583838632551e-01 8.508921534324029867e-01 1.000000000000000021e-03
1.576317396111951874e+00 3.457483528313192167e-01 1.000000000000000021e-03
-9.043617835961487161e-01 7.659502162362554767e-01 1.000000000000000021e-03
1.677153566893192282e+00 7.242738971023261474e-01 1.000000000000000021e-03
-1.091533610030659268e-01 1.634090322384148530e+00 1.000000000000000021e-03
-1.474809270684150464e+00 6.029989957132733114e-01 1.000000000000000021e-03
4.681074038629560174e-01 1.653816270391626597e+00 1.000000000000000021e-03
-7.319050784337205462e-02 7.028503048488310423e-01 1.000000000000000021e-03
-2.531286099686196889e-01 1.880920370995249113e+00 1.000000000000000021e-03
2.833182343232944489e-01 7.781825320679058855e-01 1.000000000000000021e-03
-1.081133458898413613e+00 1.456688273696141733e+00 1.000000000000000021e-03
-8.560727741792032441e-01 7.643497110231742830e-01 1.000000000000000021e-03
1.250030790876367204e-01 1.240677077661363814e+00 1.000000000000000021e-03
-8.065905705425666650e-01 1.611917279367217626e+00 1.000000000000000021e-03
6.829843035387839212e-01 1.608147599215106638e+00 1.000000000000000021e-03
1.280368196346264975e+00 2.848059333775534441e-01 1.000000000000000021e-03
6.249597575623443424e-01 6.327775877375030333e-01 1.000000000000000021e-03
-1.602322327972084626e+00 7.214112235262122308e-01 1.000000000000000021e-03
-3.273485447511355617e-01 1.919412405188244408e+00 1.000000000000000021e-03
1.084958575600556280e-01 6.573309840869974163e-01 1.000000000000000021e-03
1.777902337413529432e+00 1.416340572055702518e+00 1.000000000000000021e-03
1.406304071065575645e+00 1.805982966900511189e+00 1.000000000000000021e-03
1.236215763490594366e+00 8.634092912159352373e-01 1.000000000000000021e-03
-5.371747712551644405e-01 1.440790749374858182e+00 1.000000000000000021e-03
1.554069580205257095e+00 9.041488679797069494e-01 1.000000000000000021e-03
-8.066306411878519933e-01 7.707657286406153219e-01 1.000000000000000021e-03
3.539544891998768761e-01 1.582066599866854162e+00 1.000000000000000021e-03
1.838469811290628642e-01 1.277104306909843556e+00 1.000000000000000021e-03
-9.572407309777487550e-01 1.131766507988403614e+00 1.000000000000000021e-03
1.205895005732711134e-01 9.429120944672932936e-01 1.000000000000000021e-03
5.083654139684250506e-01 8.263673756770093526e-01 1.000000000000000021e-03
8.244256851415751042e-01 1.841610627520309906e+00 1.000000000000000021e-03
2.366242130022043755e-01 8.031789084277995983e-01 1.000000000000000021e-03
-2.240960993536738055e-01 1.476445956038622498e+00 1.000000000000000021e-03
1.767984851915496147e+00 2.078396582110340063e-01 1.000000000000000021e-03
-1.105646647102993763e+00 1.893447403256162342e+00 1.000000000000000021e-03
2.002263565408095136e+00 1.303750987277305873e+00 1.000000000000000021e-03
1.211774974390301240e+00 5.732742588333805678e-02 1.000000000000000021e-03
-1.488648873365689296e+00 1.734205056718744586e+00 1.000000000000000021e-03
-1.612801049256619157e+00 6.758118682196734284e-02 1.000000000000000021e-03
-6.929372663877155780e-01 1.264934548913920986e+00 1.000000000000000021e-03
5.000373130111236408e-01 1.852422144951040295e+00 1.000000000000000021e-03
-4.659847764759637578e-01 1.451846769916471436e+00 1.000000000000000021e-03
-2.293059339809958852e-01 1.089547489778983858e+00 1.000000000000000021e-03
-2.194838400222108632e+00 1.074221082966968277e+00 1.000000000000000021e-03
-1.078212971295611888e+00 1.683924845218996769e+00 1.000000000000000021e-03
6.458520334806571173e-01 1.175991451885806782e+00 1.000000000000000021e-03
8.290851615868964908e-01 1.395191351050477868e+00 1.000000000000000021e-03
-4.521461871235468721e-01 9.826528567464554165e-01 1.000000000000000021e-03
1.644483223077275236e+00 8.798473669193342950e-01 1.000000000000000021e-03
2.008109554127333052e+00 4.018431385218912411e-02 1.000000000000000021e-03
-2.423700933104153687e+00 1.106789500489279598e+00 1.000000000000000021e-03
2.146938231472898195e+00 4.372878777875843781e-01 1.000000000000000021e-03
-1.259905362688031882e+00 1.959490079420029618e+00 1.000000000000000021e-03
-9.040518878321732732e-01 1.792919348442136185e+00 1.000000000000000021e-03
-1.275340454742535934e-01 1.044098625967642580e+00 1.000000000000000021e-03
1.091458144084881177e+00 1.829675952572068054e+00 1.000000000000000021e-03
1.237022651286329676e-02 1.728438451697639877e+00 1.000000000000000021e-03
-5.554713461220964765e-01 1.097855732229549020e+00 1.000000000000000021e-03
-1.788984476973574544e+00 1.061024937152470260e+00 1.000000000000000021e-03
1.486744267261558727e+00 6.404622414825582588e-01 1.000000000000000021e-03
-3.108421248782186064e-01 1.397289283877678256e+00 1.000000000000000021e-03
1.177619524704583087e+00 1.850701328621593422e+00 1.000000000000000021e-03
-1.147523293434692171e+00 4.596125666727521875e-01 1.000000000000000021e-03
2.267440700443842605e+00 1.298301334388936912e+00 1.000000000000000021e-03
1.925427058216803156e+00 1.065956681436248665e+00 1.000000000000000021e-03
-1.469993076875331983e+00 9.572699601048115792e-01 1.000000000000000021e-03
1.481820344288816982e-01 1.383839153391309473e+00 1.000000000000000021e-03
-1.318100438565661392e+00 1.842794761196381970e+00 1.000000000000000021e-03
8.199861142555591176e-01 1.314656798833844453e+00 1.000000000000000021e-03
1.400633517022740471e-01 1.690532307826919656e+00 1.000000000000000021e-03
-1.081450766412783704e+00 1.827252212000989973e+00 1.000000000000000021e-03
-5.123977350366045735e-01 1.682017736452729562e+00 1.000000000000000021e-03
-1.663565923726485041e+00 4.469082128216785854e-01 1.000000000000000021e-03
4.136243228557832663e-01 1.859579865128379916e+00 1.000000000000000021e-03
-1.442847960945807362e+00 1.687161322002679098e+00 1.000000000000000021e-03
-1.270575004622315207e-01 1.005015416677529361e+00 1.000000000000000021e-03
9.438796455438998312e-02 1.058418456923744255e+00 1.000000000000000021e-03
-3.183334321341133033e-01 1.101477425185886982e+00 1.000000000000000021e-03
-1.770610868397545501e-01 1.943479582019184138e+00 1.000000000000000021e-03
6.102070313104717147e-01 1.782149727496978420e+00 1.000000000000000021e-03
-4.037922944715826024e-01 1.431737707287814354e+00 1.000000000000000021e-03
-1.820570297004216576e+00 1.605928893016367986e+00 1.000000000000000021e-03
-2.750830243633448191e+00 7.547150842470757848e-01 1.000000000000000021e-03
-3.544708721762500070e-01 7.171133264201972057e-01 1.000000000000000021e-03
-1.352688650282505844e-01 1.071941336781549570e+00 1.000000000000000021e-03
1.435867572703351525e-01 1.221671444619896185e+00 1.000000000000000021e-03
2.709063734848633942e+00 8.902568447618295355e-01 1.000000000000000021e-03
1.880669758035108607e+00 1.855138725091833418e+00 1.000000000000000021e-03
-1.761738593286543031e+00 1.908559769333727729e+00 1.000000000000000021e-03
-1.272432831496633554e+00 5.503024807412120190e-01 1.000000000000000021e-03
3.507657924955163153e-01 1.941704622934411040e+00 1.000000000000000021e-03
6.491433739258151148e-01 1.888688529069608046e+00 1.000000000000000021e-03
-4.865074713191784861e-01 1.741750368482003486e+00 1.000000000000000021e-03
-1.257606606948634964e-01 1.703466293407449816e+00 1.000000000000000021e-03
-4.517242806874792738e-01 7.618668459496904521e-01 1.000000000000000021e-03
7.181451898819840585e-01 1.738863264473508918e+00 1.000000000000000021e-03
2.539430562294606175e-01 5.118530104978964435e-01 1.000000000000000021e-03
-1.829991121753530292e+00 1.836212470883406667e+00 1.000000000000000021e-03
1.412915364938808427e+00 1.702392489256792540e+00 1.000000000000000021e-03
-6.978989888298025024e-01 1.592397028576771234e+00 1.000000000000000021e-03
1.638471548139566192e+00 1.115055665721658817e+00 1.000000000000000021e-03
2.620059362553353588e-01 1.530578237710378486e+00 1.000000000000000021e-03
-1.072580023064384047e+00 9.717941122209874383e-01 1.000000000000000021e-03
1.132434676178128763e+00 4.424547333030330876e-01 1.000000000000000021e-03
-1.157729846434882193e+00 1.519765447908189460e+00 1.000000000000000021e-03
-5.192822104380646203e-02 1.851327333947297094e+00 1.000000000000000021e-03
-3.107947860514648220e-01 7.990117533527758553e-01 1.000000000000000021e-03
8.447158134727479339e-01 1.585175335918968198e+00 1.000000000000000021e-03
1.950377735645557609e-01 1.730247833772577515e+00 1.000000000000000021e-03
-5.367443390909953232e-02 5.193368841541332603e-01 1.000000000000000021e-03
-8.455998386342935547e-01 1.068836155510140218e+00 1.000000000000000021e-03
6.430610307670309167e-01 5.646880345160170123e-01 1.000000000000000021e-03
-2.893642136962655820e-01 7.122488791255980889e-01 1.000000000000000021e-03
3.577863396312907507e-01 1.660063144840530525e+00 1.000000000000000021e-03
1.672371127153003512e+00 1.351698698658613473e+00 1.000000000000000021e-03
2.373711766841975379e+00 1.991802837707851825e+00 1.000000000000000021e-03
1.237111655092223206e+00 1.085812660758890713e+00 1.000000000000000021e-03
-9.369776370087679052e-01 5.571107999147162371e-01 1.000000000000000021e-03
-3.341385478497301165e+00 1.097360674885300202e+00 1.000000000000000021e-03
1.320449547836354487e+00 1.397880359088208513e+00 1.000000000000000021e-03
1.755213752065567234e-01 7.690492912071480447e-01 1.000000000000000021e-03
3.836105980149861483e-01 1.855545072912624605e+00 1.000000000000000021e-03
-6.989998492378057815e-02 1.746669064514652314e+00 1.000000000000000021e-03
-2.085091999983260669e-01 1.494658612853302371e+00 1.000000000000000021e-03
-5.629881891987259523e-01 1.786288500494193299e+00 1.000000000000000021e-03
2.543182748674672200e-01 1.942705278138991520e+00 1.000000000000000021e-03
-1.085002326159877795e+00 1.179202324641730026e+00 1.000000000000000021e-03
1.391981326113313600e+00 1.036872693819959279e+00 1.000000000000000021e-03
1.103714683832661692e+00 1.555818707842768545e+00 1.000000000000000021e-03
1.325918635809781310e-01 9.243758931194914208e-01 1.000000000000000021e-03
7.616395869848239242e-01 7.084955065162736876e-01 1.000000000000000021e-03
4.010245533741332302e-01 1.096895288913068978e+00 1.000000000000000021e-03
-1.508469536428695745e+00 1.886989025645112728e+00 1.000000000000000021e-03
-1.173401352594174663e+00 1.377179629892833601e+00 1.000000000000000021e-03
-1.159763457741150416e+00 4.939470079394296942e-01 1.000000000000000021e-03
-3.721738767766943901e-01 1.189785766910033127e+00 1.000000000000000021e-03
-6.351776371207403793e-01 8.355462896146343965e-01 1.000000000000000021e-03
2.424714035484761554e-01 1.724287425973365151e+00 1.000000000000000021e-03
-9.746584663987927222e-01 6.715806790806981841e-01 1.000000000000000021e-03
6.466330956992528689e-01 9.521611914796730414e-01 1.000000000000000021e-03
-2.216923049851343142e-01 1.293707447707737046e+00 1.000000000000000021e-03
-7.849779556926754776e-01 1.739716074754905195e+00 1.000000000000000021e-03
-2.414681592404961108e-01 1.812256514363419058e+00 1.000000000000000021e-03
-1.243804215968665305e+00 1.485321885096457573e+00 1.000000000000000021e-03
1.720108927365478213e-01 7.161163421910865523e-01 1.000000000000000021e-03
3.700198444141004073e-01 1.086499643197751608e+00 1.000000000000000021e-03
-2.424652635796928024e+00 1.556109555813087297e+00 1.000000000000000021e-03
-1.539097553816882513e+00 1.317628671039865695e+00 1.000000000000000021e-03
-5.101726394566569178e-01 9.105006699322168995e-01 1.000000000000000021e-03
6.596363579630955265e-02 4.739720981067834238e-01 1.000000000000000021e-03
-1.074412352862741615e+00 1.451608335169206621e+00 1.000000000000000021e-03
-2.781722769065113621e-01 5.641651736612012247e-01 1.000000000000000021e-03
8.490811880301224468e-01 8.052695447628890335e-01 1.000000000000000021e-03
-1.349674739317881844e+00 3.893217666361310503e-01 1.000000000000000021e-03
1.175940972706264409e+00 9.610843297654163564e-01 1.000000000000000021e-03
-3.449846884198178865e-01 1.923987588365019263e+00 1.000000000000000021e-03
6.504631454659142165e-01 1.599254286141741366e+00 1.000000000000000021e-03
-1.034032191123305244e+00 1.512239885323716226e+00 1.000000000000000021e-03
9.328011829456933635e-02 1.989055651992724494e+00 1.000000000000000021e-03
8.304011956236405645e-01 1.154487863361258748e+00 1.000000000000000021e-03
-4.292535625572583280e-01 5.172160706848467626e-01 1.000000000000000021e-03
1.121791023724104663e+00 1.984405403284286162e+00 1.000000000000000021e-03
-1.015582945013823402e+00 1.814909790946396706e+00 1.000000000000000021e-03
-8.502592363199242831e-01 1.053383010714020074e+00 1.000000000000000021e-03
-1.020329366908279134e-01 1.821483210545292941e+00 1.000000000000000021e-03
1.165536178095494924e+00 1.522517043458805341e+00 1.000000000000000021e-03
3.132005854534526956e-01 1.940781650710598827e+00 1.000000000000000021e-03
7.340017017464312010e-01 1.807573365151032840e+00 1.000000000000000021e-03
1.378259814439201980e+00 1.198384715441215720e+00 1.000000000000000021e-03
-8.639121397825544335e-01 1.268688138545131183e+00 1.000000000000000021e-03
-1.166821987158396690e+00 7.472976657159757785e-01 1.000000000000000021e-03
-2.009054910932108196e-01 1.802357819896540425e+00 1.000000000000000021e-03
-9.301634360896483544e-01 1.250730412833887639e+00 1.000000000000000021e-03
-4.916570498631999547e-02 1.789296774342695961e+00 1.000000000000000021e-03
1.831128150871232707e+00 3.968434130204068211e-01 1.000000000000000021e-03
8.826598434001549087e-01 1.793592452185956532e+00 1.000000000000000021e-03
-1.238670163743302410e+00 1.161346691296309963e+00 1.000000000000000021e-03
7.473959980852561413e-01 1.668200173761593463e+00 1.000000000000000021e-03
3.317102583270133409e-01 9.646746336946900868e-01 1.000000000000000021e-03
-6.209206226373169546e-01 1.207942860066414603e+00 1.000000000000000021e-03
-3.640318643707243229e-01 1.865187374029489531e+00 1.000000000000000021e-03
3.409760409853683782e-01 1.650736138600314984e+00 1.000000000000000021e-03
1.029264177707047923e+00 1.461323192827697071e+00 1.000000000000000021e-03
-1.189385456439483901e+00 3.489111556327384456e-02 1.000000000000000021e-03
-1.024110740596108515e+00 8.527777742653701587e-01 1.000000000000000021e-03
-1.249452178486283316e+00 1.161211392316810365e+00 1.000000000000000021e-03
-1.848320553956464662e+00 4.663785253984655821e-01 1.000000000000000021e-03
-2.040730631405318629e+00 1.058687042874969952e+00 1.000000000000000021e-03
-1.750153443455056301e+00 1.587255918524522746e+00 1.000000000000000021e-03
9.724648891931804151e-01 8.630041972137671991e-01 1.000000000000000021e-03
-1.369483308623306028e+00 1.159953244983212839e+00 1.000000000000000021e-03
4.242861964778626982e-01 1.885290364460323831e+00 1.000000000000000021e-03
-6.123970182071277746e-01 1.481487201446475499e+00 1.000000000000000021e-03
2.080058834741325580e+00 1.948757997767360139e+00 1.000000000000000021e-03
2.416486344356815419e+00 1.883752392727724434e-01 1.000000000000000021e-03
-1.287008251566360562e+00 1.322102522497152099e+00 1.000000000000000021e-03
7.949655203075338683e-01 1.509968919110721952e+00 1.000000000000000021e-03
-4.076488927182149724e-01 1.815890715799970412e+00 1.000000000000000021e-03
-3.166176439553283761e-01 9.644539584148235090e-01 1.000000000000000021e-03
2.231254556094043107e+00 8.018334294582414312e-01 1.000000000000000021e-03
-8.240330075753084238e-02 1.813028821433299020e+00 1.000000000000000021e-03
6.727488276735654749e-01 1.945393015211696053e+00 1.000000000000000021e-03
-2.527099750808759482e-01 7.071864463465273865e-01 1.000000000000000021e-03
-1.244704768283951823e+00 8.648228552484902298e-01 1.000000000000000021e-03
-1.482945604093652836e+00 9.004392246340113815e-01 1.000000000000000021e-03
4.107380668736441143e-01 1.967453667743233048e+00 1.000000000000000021e-03
-1.094769037414758811e-01 1.716615120895307767e+00 1.000000000000000021e-03
-9.670887247327307479e-02 8.864254207742492397e-01 1.000000000000000021e-03
2.192678982310625468e-01 1.350690979450608786e+00 1.000000000000000021e-03
1.748128080503097426e+00 1.496171639199084247e-01 1.000000000000000021e-03
3.316958168457616596e-01 5.544925183627895660e-01 1.000000000000000021e-03
-8.199419235457432453e-01 1.012664143745122480e+00 1.000000000000000021e-03
-1.309048986738554854e+00 1.960974250212072389e+00 1.000000000000000021e-03
-3.824451004052025205e-01 5.346836667988226210e-01 1.000000000000000021e-03
-1.551720698409178034e+00 1.116934097973555806e+00 1.000000000000000021e-03
2.279286883606083780e+00 7.397879477037805351e-02 1.000000000000000021e-03
4.860866372918308254e-01 1.878017540389979256e+00 1.000000000000000021e-03
4.993765115503044916e-01 5.972338459847030823e-01 1.000000000000000021e-03
-2.841075939223387525e-01 1.954159392276729523e+00 1.000000000000000021e-03
1.497332824658030859e-01 8.101111560972520387e-01 1.000000000000000021e-03
-9.496843151610769862e-01 1.894996625392742828e+00 1.000000000000000021e-03
-1.232643427147528836e+00 1.427513650761277564e+00 1.000000000000000021e-03
7.214498449737601904e-01 1.622634211853106523e+00 1.000000000000000021e-03
-2.717376322222592178e-01 9.956477034529487291e-01 1.000000000000000021e-03
1.261470714987329711e-01 1.984784040203218636e+00 1.000000000000000021e-03
9.871682528370430421e-02 1.566123602338940879e+00 1.000000000000000021e-03
2.999306257637144868e-01 7.697963723038150352e-01 1.000000000000000021e-03
6.919674329130199864e-01 7.515370123645208622e-01 1.000000000000000021e-03
-1.829225322161202316e-01 1.754682909116993539e+00 1.000000000000000021e-03
6.178893532058377103e-02 1.606443142574736971e+00 1.000000000000000021e-03
-1.392696940191814337e-01 7.042050274961568768e-01 1.000000000000000021e-03
-1.949117325500469455e+00 9.020607473533985843e-01 1.000000000000000021e-03
8.470041973832622695e-01 1.775693732856555851e+00 1.000000000000000021e-03
3.586314787890598210e-01 1.559926169239620686e+00 1.000000000000000021e-03
-1.366045093644189558e-02 1.681777961487999962e+00 1.000000000000000021e-03
-6.528236260883674147e-02 6.646661750622049336e-01 1.000000000000000021e-03
1.353780596339026365e+00 8.793476354070683954e-03 1.000000000000000021e-03
-4.639061605595280469e-01 9.476244365989914265e-01 1.000000000000000021e-03
-4.909688755351475642e-01 1.807957070503690922e+00 1.000000000000000021e-03
-1.600264528519425689e+00 9.514763518476365700e-01 1.000000000000000021e-03
-1.017380000319723532e+00 1.673547587862649122e+00 1.000000000000000021e-03
-7.101233346579097772e-01 1.048618599042464128e+00 1.000000000000000021e-03
6.644546082662379505e-02 1.415813357855546073e+00 1.000000000000000021e-03
1.517728804246353702e+00 1.839388747279625314e+00 1.000000000000000021e-03
-9.478912405885133730e-01 1.614863624310357570e+00 1.000000000000000021e-03
4.354967330351562915e-01 1.251080766837769254e+00 1.000000000000000021e-03
-5.912471903049868471e-01 5.245894951518648153e-01 1.000000000000000021e-03
2.166959915400591338e-02 1.906244314620481273e+00 1.000000000000000021e-03
-1.663496565249893422e+00 1.340649396764398649e+00 1.000000000000000021e-03
-7.049462301344854298e-01 9.457229900871273465e-01 1.000000000000000021e-03
-1.027576602570014819e+00 1.106151929791190369e+00 1.000000000000000021e-03
1.977159413448118241e-01 1.110431721131933003e+00 1.000000000000000021e-03
-1.744937840868633350e-01 1.336927223249300800e+00 1.000000000000000021e-03
-1.499664304613350430e+00 2.808171819098099764e-01 1.000000000000000021e-03
2.774612900087460379e-02 1.293580667279148111e+00 1.000000000000000021e-03
-2.135444585125628458e-01 1.110511049393732685e+00 1.000000000000000021e-03
2.402469636098237549e-01 5.656576171376945794e-01 1.000000000000000021e-03
1.650074461674868154e+00 8.628206969374696556e-01 1.000000000000000021e-03
-1.906044152219549259e-01 7.724773995921943026e-01 1.000000000000000021e-03
-8.912452117249541894e-01 6.058089785414999540e-01 1.000000000000000021e-03
1.740995776846959164e-01 1.232763153281214219e+00 1.000000000000000021e-03
-1.319183865618733131e+00 1.431148619083761675e+00 1.000000000000000021e-03
-4.652502164436615462e-01 6.064714177764209957e-01 1.000000000000000021e-03
1.206053562870253781e+00 8.656946424352283120e-01 1.000000000000000021e-03
-3.053800463487124084e-01 1.102756231873666337e+00 1.000000000000000021e-03
2.048839038413918345e+00 1.244513461596842729e+00 1.000000000000000021e-03
2.196925388238261390e-01 1.788736895400351967e+00 1.000000000000000021e-03
3.497118171302242562e-01 1.135880013259795485e+00 1.000000000000000021e-03
-8.230501175757372057e-01 1.291259843258412587e+00 1.000000000000000021e-03
-9.789080754848433763e-01 1.229514730577822679e+00 1.000000000000000021e-03
1.082753256924552931e-01 1.729663166770523786e+00 1.000000000000000021e-03
-4.237249673883340673e-02 8.589160127489918750e-01 1.000000000000000021e-03
1.822589023107705541e+00 8.819681667417482718e-01 1.000000000000000021e-03
-1.508934918396327873e+00 1.577295996468778050e+00 1.000000000000000021e-03
1.931792408324099375e+00 1.753197468680729898e+00 1.000000000000000021e-03
4.825959384003490338e-01 9.839848412435423519e-01 1.000000000000000021e-03
-1.117965866438752343e-01 1.477299096641297993e+00 1.000000000000000021e-03
1.227813286297541273e+00 9.513532648607034847e-01 1.000000000000000021e-03
3.603574339401525300e-02 1.949508731676523388e+00 1.000000000000000021e-03
-7.347654476957568570e-02 9.527034880818032736e-01 1.000000000000000021e-03
-2.498016661460427529e-02 1.297674055379576696e+00 1.000000000000000021e-03
-4.233595432724433782e-02 6.650871456669664727e-01 1.000000000000000021e-03
1.887053431337432752e+00 1.234634572057603297e+00 1.000000000000000021e-03
-1.766852658907964058e+00 1.087473043940083040e+00 1.000000000000000021e-03
1.548725484291225696e+00 8.663502686984732026e-01 1.000000000000000021e-03
2.471120447352415372e-01 6.354206205279657738e-01 1.000000000000000021e-03
-1.915132550299348049e-02 8.736421825873710301e-01 1.000000000000000021e-03
-1.672969971385830090e-01 6.333900642090257715e-01 1.000000000000000021e-03
2.018981382283325521e-01 5.490741470110014344e-01 1.000000000000000021e-03
9.169712875407083630e-02 1.499675769880068232e+00 1.000000000000000021e-03
-8.579860985370260096e-01 1.163535574454627852e+00 1.000000000000000021e-03
8.320610833971471276e-01 1.989614207239597476e+00 1.000000000000000021e-03
9.434628387603942734e-01 1.177545663461211589e+00 1.000000000000000021e-03
1.779415143671982280e+00 3.104068589497410713e-03 1.000000000000000021e-03
7.844456567192851365e-03 1.003245065098286259e+00 1.000000000000000021e-03
1.083643379727530442e+00 1.344628395745337546e+00 1.000000000000000021e-03
-4.160085746273028962e-01 1.958812418052761295e+00 1.000000000000000021e-03
9.038062965646536107e-01 1.438585218059236004e+00 1.000000000000000021e-03
2.021706758423210404e-01 1.252705872037763957e+00 1.000000000000000021e-03
3.212677046865338726e-01 1.286933170822061490e+00 1.000000000000000021e-03
-1.968391124213486387e+00 7.763476555211494823e-01 1.000000000000000021e-03
8.096117538531746871e-02 1.412850986871939218e+00 1.000000000000000021e-03
-2.646474296875896304e+00 9.122351750981656515e-01 1.000000000000000021e-03
-2.913103544048680771e-01 1.764824780412971306e+00 1.000000000000000021e-03
1.272193438291002454e-01 1.189573925519322506e+00 1.000000000000000021e-03
-4.532310405036206746e-01 1.072850159547199311e+00 1.000000000000000021e-03
-8.023612636683689070e-01 9.667952868619025253e-01 1.000000000000000021e-03
4.722475025057506354e-02 7.904698469072681810e-01 1.000000000000000021e-03
7.290768131133155139e-01 1.460271106918459516e+00 1.000000000000000021e-03
7.414125393966133348e-01 1.699886384005796058e+00 1.000000000000000021e-03
-1.668718285255049727e+00 9.074040837321595276e-01 1.000000000000000021e-03
7.021767588812750649e-01 1.765177484411094122e+00 1.000000000000000021e-03
2.296800996445884646e+00 5.303595341588147605e-01 1.000000000000000021e-03
3.425989838067339255e-01 1.957813132236398523e+00 1.000000000000000021e-03
-5.275982437371233846e-01 1.011969114067074793e+00 1.000000000000000021e-03
-1.512863007558943762e+00 1.632531631914334813e+00 1.000000000000000021e-03
5.432542609703450154e-01 1.249761260852696232e+00 1.000000000000000021e-03
-3.040107735320372873e-02 1.303602110768959044e+00 1.000000000000000021e-03
2.023714510600232330e+00 1.926085355458491355e+00 1.000000000000000021e-03
-1.133111800223726595e+00 7.210730427325007241e-02 1.000000000000000021e-03
-2.156008553259319172e+00 8.285451732010782333e-01 1.000000000000000021e-03
-7.328084509954828629e-01 1.527292016336756042e+00 1.000000000000000021e-03
9.424002790986838463e-01 1.767641241579199107e+00 1.000000000000000021e-03
-1.994075928808445086e+00 4.639503864656482346e-01 1.000000000000000021e-03
1.143359127776636619e+00 1.349676313669790684e+00 1.000000000000000021e-03
1.515524872031540848e+00 2.001999249318495711e-01 1.000000000000000021e-03
1.077848384104087787e+00 9.690370639706324951e-01 1.000000000000000021e-03
-9.291293056757626845e-02 6.006981950743366383e-01 1.000000000000000021e-03
-5.169534490814109429e-02 5.410492317386035310e-01 1.000000000000000021e-03
4.875093852483803475e-02 1.326778709363968245e+00 1.000000000000000021e-03
-9.621518020825619022e-01 9.468929707949618191e-01 1.000000000000000021e-03
-4.215314937376859333e-02 1.365609392332190586e+00 1.000000000000000021e-03
-2.127251822018906502e+00 1.887424267448722492e+00 1.000000000000000021e-03
8.993790828019643246e-01 9.094496492524268838e-01 1.000000000000000021e-03
1.646674867522679886e+00 6.536265506441722994e-01 1.000000000000000021e-03
8.336192661508644575e-01 6.363690859492436847e-01 1.000000000000000021e-03
1.244058620793717207e+00 1.208582223376637010e+00 1.000000000000000021e-03
-3.379668041682849511e-01 9.275566190807995604e-01 1.000000000000000021e-03
-1.802764132184724533e+00 1.602578842504057910e+00 1.000000000000000021e-03
8.933764633303663272e-02 1.508753810358610892e+00 1.000000000000000021e-03
-8.511194979448469811e-01 1.953319370340917072e+00 1.000000000000000021e-03
-1.035418103978937410e+00 1.650849834780788061e+00 1.000000000000000021e-03
-1.258603483271889090e+00 6.334384101021364177e-01 1.000000000000000021e-03
-1.413752520567588933e+00 1.980733102584904648e+00 1.000000000000000021e-03
2.111556578370508586e+00 1.119560827989908525e+00 1.000000000000000021e-03
1.224237490992549970e+00 4.334613606753277004e-01 1.000000000000000021e-03
-4.300506771633750280e-01 1.577890496519505747e+00 1.000000000000000021e-03
-1.760250254786934754e-01 5.835478088009748987e-01 1.000000000000000021e-03
2.421413993009163157e+00 1.757030787958729023e+00 1.000000000000000021e-03
-1.859753626310635566e+00 1.237205050296502851e+00 1.000000000000000021e-03
-2.466270350763994090e-01 1.004375037927396130e+00 1.000000000000000021e-03
-1.501234277858219501e+00 1.814162805378922494e+00 1.000000000000000021e-03
-1.749303004041176390e-01 1.976217037063175752e+00 1.000000000000000021e-03
-5.952244238601152038e-01 1.512074149091213515e+00 1.000000000000000021e-03
-3.313102559186136831e-01 1.362902369568767202e+00 1.000000000000000021e-03
-3.761000732514105938e-01 1.080174375946683529e+00 1.000000000000000021e-03
6.676169331159594877e-01 1.705482488427008558e+00 1.000000000000000021e-03
1.241589604145734382e+00 1.833465401749421630e+00 1.000000000000000021e-03
6.182016477191266679e-01 1.017130215971713048e+00 1.000000000000000021e-03
1.828461651389233555e+00 1.018630952656043309e+00 1.000000000000000021e-03
-1.649107766736142011e-01 6.718877656499187001e-01 1.000000000000000021e-03
-1.436303621421613386e+00 1.321544067206254836e+00 1.000000000000000021e-03
-1.227467830194997056e-01 1.155599049845937643e+00 1.000000000000000021e-03
1.459578335526910409e-01 1.482438962938072979e+00 1.000000000000000021e-03
-1.857428792931584471e+00 1.709372603168364924e+00 1.000000000000000021e-03
-1.412682886136165550e+00 8.385847528442074150e-01 1.000000000000000021e-03
1.963035834862081330e+00 1.675682641578500887e+00 1.000000000000000021e-03
-4.338054188504361641e-01 1.721445887652258033e+00 1.000000000000000021e-03
1.015776624761651981e+00 9.919311722193602243e-01 1.000000000000000021e-03
1.198495424167588030e+00 1.570094376979768613e+00 1.000000000000000021e-03
-2.387230230802862840e-02 1.795285817235868553e+00 1.000000000000000021e-03
-9.601797658086816956e-01 1.632802781623940103e+00 1.000000000000000021e-03
-2.821251067876112684e-01 1.986070002056861572e+00 1.000000000000000021e-03
2.021562008997754400e+00 3.454142436108877945e-01 1.000000000000000021e-03
-8.063895370839617716e-01 1.899382555847340504e+00 1.000000000000000021e-03
1.618940266350124890e+00 1.196194282366923822e+00 1.000000000000000021e-03
1.553298171415560924e+00 1.855369393238045728e+00 1.000000000000000021e-03
-4.925409100541199847e-01 1.601937948142581059e+00 1.000000000000000021e-03
2.175527756836762028e-01 1.758911854323536250e+00 1.000000000000000021e-03
-1.312163207885586935e+00 1.902600499487938190e+00 1.000000000000000021e-03
-8.628193565550964506e-01 6.227923005578235305e-01 1.000000000000000021e-03
-9.374674239494512618e-01 6.583771578240891209e-01 1.000000000000000021e-03
1.281107836871123729e+00 8.830368546054696566e-01 1.000000000000000021e-03
3.994925882315244342e-02 1.631491469185247789e+00 1.000000000000000021e-03
-5.438848911604655667e-01 1.671018932257292811e+00 1.000000000000000021e-03
5.984527765524713105e-01 1.987481682155181506e+00 1.000000000000000021e-03
-2.202062635866204876e-01 5.084948685069792251e-01 1.000000000000000021e-03
-8.372145080714299414e-01 1.479350449983136473e+00 1.000000000000000021e-03
-9.677872673882131904e-01 1.893719649047573395e+00 1.000000000000000021e-03
-9.296320161588566000e-01 1.247045781269253695e+00 1.000000000000000021e-03
3.355912425014897504e-01 1.171162051555611150e+00 1.000000000000000021e-03
6.748574618687164239e-01 6.337499341042163170e-01 1.000000000000000021e-03
1.629123062527109145e+00 7.475397744527847443e-01 1.000000000000000021e-03
7.099966179377749098e-01 1.777051827759249081e+00 1.000000000000000021e-03
5.589265164813693731e-01 1.709615770251038391e+00 1.000000000000000021e-03
-6.764969324634857450e-01 1.368172147634401981e+00 1.000000000000000021e-03
-2.357670195432362836e-01 1.041960816485901553e+00 1.000000000000000021e-03
6.495103164936901763e-01 1.410481240786259693e+00 1.000000000000000021e-03
-3.120828665205581109e-01 1.799805345892828479e+00 1.000000000000000021e-03
-1.153883935711392805e+00 1.265737355338469428e+00 1.000000000000000021e-03
-4.903339818092288804e-01 1.359961587557681817e+00 1.000000000000000021e-03
-1.631587055871736469e+00 1.404492702383572045e+00 1.000000000000000021e-03
-2.639206134081069077e-01 1.814186677410852822e+00 1.000000000000000021e-03
3.897191214287026861e-02 1.077781333561920851e+00 1.000000000000000021e-03
5.347837875854161149e-01 5.174666988026350722e-01 1.000000000000000021e-03
1.504333623649812157e+00 1.714625956466189205e+00 1.000000000000000021e-03
-8.890403640684809705e-01 6.490154715275948671e-01 1.000000000000000021e-03
-3.650850961738542066e-01 1.067000110564802151e+00 1.000000000000000021e-03
8.518547799458613401e-01 1.398825590934477558e+00 1.000000000000000021e-03
-1.051352666639941313e+00 1.964686749389162657e+00 1.000000000000000021e-03
-8.388282529917475694e-01 1.854747491840731399e+00 1.000000000000000021e-03
-1.786116787570986852e-01 1.350459492987600596e+00 1.000000000000000021e-03
-1.531689326845588617e-01 8.940274857167123113e-01 1.000000000000000021e-03
-1.346687769185190287e-01 6.711650232324661847e-01 1.000000000000000021e-03
-1.469311793244425735e+00 6.138198607267038032e-01 1.000000000000000021e-03
-1.029104451507790730e+00 1.866031702680732929e+00 1.000000000000000021e-03
-1.657701491988644582e-02 7.837768351653191523e-01 1.000000000000000021e-03
1.052229077612648472e-01 1.847717759605376875e+00 1.000000000000000021e-03
-3.744587048375008220e-01 1.057107385473290195e+00 1.000000000000000021e-03
-2.177842814032661944e-01 1.837616958992572602e+00 1.000000000000000021e-03
-6.135003164396684444e-02 1.706369583360175968e+00 1.000000000000000021e-03
6.311197679397507754e-01 1.089344149968404896e+00 1.000000000000000021e-03
1.680017422017250128e+00 1.491732973441177723e-01 1.000000000000000021e-03
7.933902762243106865e-01 1.294577571125677729e+00 1.000000000000000021e-03
-2.331948376501198350e-01 5.798217049206304541e-01 1.000000000000000021e-03
-5.094996086681742309e-01 6.573487657895453751e-01 1.000000000000000021e-03
2.523177774966545162e+00 1.489937544808038528e+00 1.000000000000000021e-03
3.481684131069703314e-01 1.092596992515538767e+00 1.000000000000000021e-03
-1.062089481065137786e+00 1.485176214447817333e+00 1.000000000000000021e-03
4.870326629675819086e-01 1.352023707427606247e+00 1.000000000000000021e-03
5.732307719606264396e-01 7.705715022627366295e-01 1.000000000000000021e-03
-6.336318853618890801e-01 9.320736740247872465e-01 1.000000000000000021e-03
5.750206574890133204e-01 1.851305237156488204e+00 1.000000000000000021e-03
-1.226717371909249010e+00 2.036174066590954457e-01 1.000000000000000021e-03
2.104740803222077794e+00 3.963852100242770682e-01 1.000000000000000021e-03
-9.599446621245558697e-01 1.965145731744100566e+00 1.000000000000000021e-03
-8.729178540341143711e-01 6.199165053794613023e-01 1.000000000000000021e-03
-6.177732944491851619e-01 1.408023092977529922e+00 1.000000000000000021e-03
-3.925014469623827051e-01 1.217550685501142649e+00 1.000000000000000021e-03
-3.838345515219236948e-01 1.987756944091678690e+00 1.000000000000000021e-03
1.208296967156387680e+00 1.102428697087595388e+00 1.000000000000000021e-03
1.078921859873368305e+00 1.509424848327239888e+00 1.000000000000000021e-03
-1.381985856863977791e+00 4.895683029680890641e-01 1.000000000000000021e-03
8.022395365269134881e-01 1.087312631286936337e+00 1.000000000000000021e-03
6.571221082202706176e-01 1.438939790331329460e+00 1.000000000000000021e-03
8.957844525754999898e-01 1.720586325732438748e+00 1.000000000000000021e-03
-1.413889943155193230e+00 1.665650649933994032e-01 1.000000000000000021e-03
-6.053329879790088075e-01 6.345196555363246116e-01 1.000000000000000021e-03
2.015704685159882104e+00 1.246554727821670427e+00 1.000000000000000021e-03
-3.089519578300730651e-01 7.945549499753987721e-01 1.000000000000000021e-03
6.825834573630856772e-01 1.601070865693867029e+00 1.000000000000000021e-03
-5.900126585204535923e-01 7.528702893570875521e-01 1.000000000000000021e-03
6.669436946483460471e-02 7.932168050239158941e-01 1.000000000000000021e-03
-5.790113965834658982e-01 1.658468234679109310e+00 1.000000000000000021e-03
-7.249967211697740110e-02 7.213515232870753024e-01 1.000000000000000021e-03
8.956539143251452950e-01 1.744962402543213775e+00 1.000000000000000021e-03
1.841332676003056557e-01 1.989398080266367774e+00 1.000000000000000021e-03
-3.574017594245246232e-01 6.103723843902955082e-01 1.000000000000000021e-03
-8.239119034575870248e-01 1.097225317313443416e+00 1.000000000000000021e-03
1.719689474480635416e-01 1.796061354633165408e+00 1.000000000000000021e-03
5.604943600669182180e-01 8.971385786767360759e-01 1.000000000000000021e-03
1.708267521731463290e-01 1.878953786865341868e+00 1.000000000000000021e-03
3.060446324872546087e-01 1.902580756300608078e+00 1.000000000000000021e-03
-4.645251814877038865e-01 1.519248105701412666e+00 1.000000000000000021e-03
6.744667089294452689e-01 1.622915009676466402e+00 1.000000000000000021e-03
-3.748325526202533342e-01 9.279238851770255092e-01 1.000000000000000021e-03
-2.726677945596440167e-01 1.848385027536282754e+00 1.000000000000000021e-03
2.465501064033984058e+00 8.193413463606469271e-02 1.000000000000000021e-03
-6.505020013405070634e-01 8.859793181921753469e-01 1.000000000000000021e-03
5.485712405447839418e-02 5.989751784458825501e-01 1.000000000000000021e-03
1.876727137589300431e+00 1.351876206063931551e+00 1.000000000000000021e-03
7.902089321715536352e-01 1.369658057741374835e+00 1.000000000000000021e-03
-1.576726697074009254e+00 9.970845417344298411e-02 1.000000000000000021e-03
-6.103391900577517237e-01 1.005754963435844473e+00 1.000000000000000021e-03
9.568103287601454898e-01 1.742738627594554446e+00 1.000000000000000021e-03
-1.964334745295700291e+00 1.958247387446185872e-01 1.000000000000000021e-03
3.560476301331820803e-01 6.738031076808816966e-01 1.000000000000000021e-03
-1.408035689884989061e+00 1.009099547566577826e+00 1.000000000000000021e-03
-1.305236834888141795e+00 1.194961881822101502e+00 1.000000000000000021e-03
1.036338318589403951e+00 5.475309870167883730e-01 1.000000000000000021e-03
-3.034184072873767346e-01 6.288432358802902300e-01 1.000000000000000021e-03
-3.554259851169751516e-01 1.009744627290400487e+00 1.000000000000000021e-03
-8.645953733487869997e-01 1.811496057307389496e+00 1.000000000000000021e-03
-4.486591428574941004e-02 1.391397539262674732e+00 1.000000000000000021e-03
2.187826367984044396e+00 1.634200448343881007e-02 1.000000000000000021e-03
-9.024938561307295493e-02 1.775412089328819665e+00 1.000000000000000021e-03
-3.165931632146988250e-01 1.174451381148855278e+00 1.000000000000000021e-03
6.307397490562768883e-02 1.512675412837229949e+00 1.000000000000000021e-03
-2.859374823787822484e-01 1.507692700547288434e+00 1.000000000000000021e-03
6.421245086299925964e-01 1.637472477008425908e+00 1.000000000000000021e-03
-9.677877464126578844e-02 1.981853181527467367e+00 1.000000000000000021e-03
-1.173087786873280747e+00 1.933533504896751687e+00 1.000000000000000021e-03
1.705330985537441224e+00 8.597574276562132134e-01 1.000000000000000021e-03
4.465218720548288500e-01 5.353025521506225015e-01 1.000000000000000021e-03
-6.367950403548873206e-01 6.563636563637136323e-01 1.000000000000000021e-03
-1.755085810354584330e+00 2.157454441628030573e-01 1.000000000000000021e-03
-1.035081173253262987e+00 1.187549586776813104e+00 1.000000000000000021e-03
4.685180922861241215e-01 1.650367851152299892e+00 1.000000000000000021e-03
7.979082617419114287e-01 8.398435696147641405e-01 1.000000000000000021e-03
1.300670689728483209e+00 9.687328338635172731e-01 1.000000000000000021e-03
-1.005493125865171811e+00 1.357745401284868647e+00 1.000000000000000021e-03
-1.551552460396113386e-01 7.546263565342841151e-01 1.000000000000000021e-03
-3.555885111173628377e-01 1.903673710548670295e+00 1.000000000000000021e-03
-1.178963533324236979e+00 1.415059379274601348e+00 1.000000000000000021e-03
1.662904057962942383e+00 6.203475092720243111e-01 1.000000000000000021e-03
1.299807430961711807e+00 2.075583768628050940e-01 1.000000000000000021e-03
1.043008731049235305e-01 1.411202979803858337e+00 1.000000000000000021e-03
2.122210740119090111e-01 7.824820425002201318e-01 1.000000000000000021e-03
6.690713844950631206e-02 8.622009413907529840e-01 1.000000000000000021e-03
-1.028622958417878763e+00 1.805980583881456880e+00 1.000000000000000021e-03
-7.369164397954049150e-02 4.712772804828295747e-01 1.000000000000000021e-03
-7.682576318829892337e-01 1.198291201745019352e+00 1.000000000000000021e-03
1.761461791974976210e+00 7.346813055618350852e-02 1.000000000000000021e-03
-6.381501645106565368e-01 1.516293279072118194e+00 1.000000000000000021e-03
-9.731537661339249023e-01 5.759378522413860502e-01 1.000000000000000021e-03
7.500174538769281973e-01 7.948561599342700568e-01 1.000000000000000021e-03
1.807070841126255489e+00 1.849374527662215106e+00 1.000000000000000021e-03
-1.504335899001594812e-01 1.146768788645635473e+00 1.000000000000000021e-03
-1.510284951317451441e+00 1.958697864735852834e+00 1.000000000000000021e-03
-1.851119573567076015e+00 1.352696734329815742e+00 1.000000000000000021e-03
-7.019747433184906349e-01 9.231438170868417892e-01 1.000000000000000021e-03
6.739578148942637625e-01 1.626762802184233525e+00 1.000000000000000021e-03
-4.323696019702883558e-02 1.116213781448901488e+00 1.000000000000000021e-03
-1.311649884272310551e+00 1.601189296491468017e+00 1.000000000000000021e-03
-4.033668074065858145e-01 8.638803402203938386e-01 1.000000000000000021e-03
-5.088788018143176606e-01 5.789605098132561967e-01 1.000000000000000021e-03
4.913194835848267439e-01 1.569022541930574999e+00 1.000000000000000021e-03
-1.787701151625066265e-01 1.446801888032379857e+00 1.000000000000000021e-03
-9.932243993149340033e-01 1.204781582102859128e+00 1.000000000000000021e-03
-1.702119199222506263e-01 1.567856149004920097e+00 1.000000000000000021e-03
-5.892362496893609469e-01 1.276163275328037638e+00 1.000000000000000021e-03
4.518957602167317789e-01 1.679343503601069765e+00 1.000000000000000021e-03
3.210449718592557344e-01 1.892693817393514610e+00 1.000000000000000021e-03
1.283862107328060498e+00 1.749160289538354007e+00 1.000000000000000021e-03
-7.419409034785222623e-01 1.391741178559289693e+00 1.000000000000000021e-03
7.467073187955491909e-01 8.691331118601783867e-01 1.000000000000000021e-03
-3.705227493627702429e-01 5.306095884724830736e-01 1.000000000000000021e-03
1.599893913967662229e+00 4.442629593049418624e-02 1.000000000000000021e-03
5.395702309234396976e-01 1.176660936217730047e+00 1.000000000000000021e-03
6.163918849685539048e-01 1.656865344924118411e+00 1.000000000000000021e-03
9.752569543374638439e-01 1.245169859995764794e+00 1.000000000000000021e-03
-1.360465617135807603e+00 1.074342907682335868e+00 1.000000000000000021e-03
5.767571993756245297e-01 7.499977758665981042e-01 1.000000000000000021e-03
1.637407453692377945e+00 9.608199113826825233e-01 1.000000000000000021e-03
-1.191670354930412623e+00 1.396198329484764633e+00 1.000000000000000021e-03
-1.298900056454311280e-01 1.137036365769666935e+00 1.000000000000000021e-03
1.465516308753624264e+00 1.945475357946367945e+00 1.000000000000000021e-03
-1.011273257329782238e+00 1.778505250615927347e+00 1.000000000000000021e-03
2.720576254545382100e-01 1.189545530581910926e+00 1.000000000000000021e-03
1.015528256180812994e+00 1.494700330582395598e+00 1.000000000000000021e-03
1.293782249717073451e+00 7.535625398518548401e-01 1.000000000000000021e-03
2.012176827454600136e+00 1.447198842693228960e+00 1.000000000000000021e-03
1.117898244557435694e+00 1.881523621868342433e+00 1.000000000000000021e-03
1.688014283549321704e+00 1.376823541465014511e+00 1.000000000000000021e-03
5.464691707128366271e-01 1.030220257928918803e+00 1.000000000000000021e-03
-1.665946887866075476e+00 1.336780241891635468e+00 1.000000000000000021e-03
1.653430638532978003e+00 1.204954366281246747e+00 1.000000000000000021e-03
2.360521837303824810e+00 2.375307596809974608e-01 1.000000000000000021e-03
2.128799488253327044e-01 7.238587375966849535e-01 1.000000000000000021e-03
-2.179041385474910220e-01 1.888046191614081382e+00 1.000000000000000021e-03
-2.873175367392226676e-01 1.927236061330132921e+00 1.000000000000000021e-03
-4.812690217387984720e-02 8.476483646799981564e-01 1.000000000000000021e-03
1.118405751984668628e+00 8.037696746823417282e-01 1.000000000000000021e-03
1.351243037644331846e+00 1.944425892904921183e+00 1.000000000000000021e-03
1.624848929407201492e+00 8.160469058825341460e-01 1.000000000000000021e-03
-4.453813733100869809e-01 9.315805397874963312e-01 1.000000000000000021e-03
-9.082288765032092703e-02 1.798137364017959650e+00 1.000000000000000021e-03
-7.705919754144470168e-01 1.959380926568841330e+00 1.000000000000000021e-03
5.590985242892752005e-01 1.206792376709731496e+00 1.000000000000000021e-03
-1.659398585123175174e+00 7.601477298417358419e-02 1.000000000000000021e-03
-1.602069232250534769e+00 6.334405885197884611e-01 1.000000000000000021e-03
2.665919417534409752e-01 1.156797820471222149e+00 1.000000000000000021e-03
-2.376078904817696014e+00 1.476887317506567765e+00 1.000000000000000021e-03
-9.214184731948086293e-01 7.934062570263962222e-01 1.000000000000000021e-03
-3.410136165607082770e-01 4.818518002580156612e-01 1.000000000000000021e-03
-2.015190638026433501e+00 2.282957686673503517e-02 1.000000000000000021e-03
-8.611119881064460690e-01 1.204813864613380359e+00 1.000000000000000021e-03
-3.116894093964540091e-01 1.114214821475600026e+00 1.000000000000000021e-03
1.501946424530496982e+00 1.544913064945002468e+00 1.000000000000000021e-03
1.188604891513848960e+00 1.044643706377856418e+00 1.000000000000000021e-03
-9.296274124192438482e-01 5.954079256400428566e-01 1.000000000000000021e-03
9.313461386179224810e-01 8.570053787375631060e-01 1.000000000000000021e-03
-7.181315400410254179e-01 1.134163689329473979e+00 1.000000000000000021e-03
-1.393970220292826800e+00 1.630746528618145508e+00 1.000000000000000021e-03
1.368284854640858805e-01 1.842843408033970842e+00 1.000000000000000021e-03
1.920878242967877680e+00 1.564102261028873508e+00 1.000000000000000021e-03
-1.160045434945866871e+00 5.855941704064182574e-02 1.000000000000000021e-03
7.321714573161837158e-01 7.683971090735404186e-01 1.000000000000000021e-03
3.576242919111875529e-01 6.461087324517233998e-01 1.000000000000000021e-03
1.746042314988330846e-01 1.242198515660493996e+00 1.000000000000000021e-03
-1.668588823514803032e-01 7.152499525682984860e-01 1.000000000000000021e-03
6.665810459156447099e-01 1.244992771949150034e+00 1.000000000000000021e-03
6.050019244908024785e-01 1.426529547739755488e+00 1.000000000000000021e-03
7.501376036301017347e-01 1.831085648620346396e+00 1.000000000000000021e-03
1.377172040979841583e+00 1.141109986682510957e+00 1.000000000000000021e-03
-2.927754461518726758e-01 9.412317003241352786e-01 1.000000000000000021e-03
-2.783567251803069076e-01 1.110946452227955517e+00 1.000000000000000021e-03
-1.047809674065464325e+00 6.196574492945807755e-01 1.000000000000000021e-03
-1.552755320417052332e+00 1.732115819049485195e+00 1.000000000000000021e-03
3.705521485039978691e-01 6.629833620237746139e-01 1.000000000000000021e-03
-1.819408971529628882e+00 1.478814209821572856e-01 1.000000000000000021e-03
-1.027441176676978207e+00 6.610650805475535297e-01 1.000000000000000021e-03
-7.735276103949682014e-01 1.770872968087405797e+00 1.000000000000000021e-03
1.400137127996825548e-01 1.327143953578810764e+00 1.000000000000000021e-03
-3.698938953613134517e-01 1.268911757859514378e+00 1.000000000000000021e-03
2.414571628663394753e-01 1.236051642957350927e+00 1.000000000000000021e-03
-1.434984153494715198e+00 6.800850889609011407e-01 1.000000000000000021e-03
-1.416653652917789115e-02 1.851629924624374590e+00 1.000000000000000021e-03
-4.125968005574005559e-01 1.666921566577443503e+00 1.000000000000000021e-03
-6.166221711498347524e-01 1.553312193520862028e+00 1.000000000000000021e-03
1.524004870715901960e+00 8.056824723766555785e-01 1.000000000000000021e-03
-9.000109052182730940e-01 1.557904037660658769e+00 1.000000000000000021e-03
-2.074925704500683032e-01 1.063975358829579498e+00 1.000000000000000021e-03
-1.329216799948124805e+00 8.513578956245353435e-01 1.000000000000000021e-03
2.236948995925894579e+00 1.181566947158045000e+00 1.000000000000000021e-03
3.631698087959418508e-01 1.664271998883986914e+00 1.000000000000000021e-03
6.860070779322342549e-01 1.523289618342405616e+00 1.000000000000000021e-03
1.075301610023250198e+00 1.618467639187824103e+00 1.000000000000000021e-03
-6.428940942641714340e-01 1.409451110846852817e+00 1.000000000000000021e-03
1.096489010189571456e+00 1.964907429318511811e+00 1.000000000000000021e-03
6.193090482071095249e-01 2.545110680409745640e-04 1.000000000000000021e-03
1.969491883394555998e-01 1.378223915407254863e+00 1.000000000000000021e-03
2.419304125929304106e-01 5.978142545734208557e-01 1.000000000000000021e-03
5.592474778587522843e-01 1.918539283659158379e+00 1.000000000000000021e-03
5.218390005077501170e-01 1.778318623331603066e+00 1.000000000000000021e-03
8.176245390048790807e-01 6.413007147705462874e-01 1.000000000000000021e-03
-5.572053099252459729e-01 1.888017841169007172e+00 1.000000000000000021e-03
4.454267704495222246e-01 1.732378070611853227e+00 1.000000000000000021e-03
1.094770724396540551e+00 1.551288473953206237e+00 1.000000000000000021e-03
1.261904889232040583e+00 7.142743702882741186e-01 1.000000000000000021e-03
6.829977018882417428e-02 1.525144699184318720e+00 1.000000000000000021e-03
-5.349506787676278075e-01 1.243854634897229472e+00 1.000000000000000021e-03
1.091556624062142378e+00 4.876939095301271454e-01 1.000000000000000021e-03
2.728464369690607239e+00 1.595027102268387953e+00 1.000000000000000021e-03
-2.393665488991645329e+00 1.491074882561076675e+00 1.000000000000000021e-03
1.181949741169956214e+00 1.340067870969632313e-01 1.000000000000000021e-03
-7.763850937722331924e-01 1.809990011965444179e+00 1.000000000000000021e-03
1.072358164826092253e+00 7.065202769209155687e-01 1.000000000000000021e-03
4.701043145061915007e-01 1.337751822170692773e+00 1.000000000000000021e-03
2.219604453101358399e-01 5.503358611878899076e-01 1.000000000000000021e-03
-1.106026385361341235e+00 5.220187036249801515e-01 1.000000000000000021e-03
1.426134226108998870e+00 9.232494401189250688e-02 1.000000000000000021e-03
4.661614051280548732e-01 1.547499846129724910e+00 1.000000000000000021e-03
-1.832777389245136668e+00 1.977558442283910978e+00 1.000000000000000021e-03
4.012165779832042034e-01 1.736374126201040369e+00 1.000000000000000021e-03
3.639282392800671229e-01 1.697103959316690558e+00 1.000000000000000021e-03
8.894137723106901872e-01 1.197493244960021519e+00 1.000000000000000021e-03
-5.379976612200413344e-01 1.889050126873910829e+00 1.000000000000000021e-03
3.350872247724454578e-01 1.502865813403807760e+00 1.000000000000000021e-03
