1.219516581359277119e+01	9.826924028412101220e-02	0.000000000000000000e+00
1.193444022889538481e+01	5.151292512205469798e-01	0.000000000000000000e+00
1.219000614255289783e+01	2.425078809344764219e-01	2.411739968089577670e-03
1.198680788729741842e+01	9.204932821375076679e-02	0.000000000000000000e+00
1.183804459720703584e+01	3.202111529697425629e-01	1.280462311574779005e-03
1.233896080217119540e+01	4.346688407192972337e-02	0.000000000000000000e+00
1.212238581481046573e+01	7.267444570892706013e-02	0.000000000000000000e+00
1.222725009773172822e+01	5.509903138579932413e-01	0.000000000000000000e+00
1.186928202530307708e+01	2.249728336846749110e-01	1.314368008203280072e-03
1.203174084730326854e+01	1.037706489173540469e-01	1.383320700721524157e-03
1.183500190637857052e+01	2.241144267071974727e-01	1.083653151529049251e-03
1.232973552976340237e+01	3.719771726767048814e-01	1.275063590275559008e-03
1.226160036582811941e+01	1.298884261796358353e-01	2.261140837106695185e-03
1.215624971975770308e+01	3.649030639014620436e-01	1.355301021876076416e-03
1.183754021589565397e+01	3.573177220357656725e-01	1.172897264027808733e-03
1.184532309226609748e+01	8.781668601777739558e-02	0.000000000000000000e+00
1.214409391977780217e+01	2.846255301343554867e-01	9.889865830352742148e-04
1.199977557864274402e+01	9.004969627048013681e-02	0.000000000000000000e+00
1.182532169359714835e+01	3.522519639121106660e-01	1.361053856409717971e-03
1.188221835827422623e+01	2.691456462348436607e-01	1.175908983651604645e-03
1.246046123218950186e+01	1.945003186776427806e-01	1.487834922366010554e-03
1.190747814904971413e+01	5.036623505285353630e-02	0.000000000000000000e+00
1.250207638196730286e+01	4.215569820130745105e-01	0.000000000000000000e+00
1.179752290583165042e+01	1.455833777089895475e-01	1.098195076915883328e-03
1.207936840080211383e+01	1.091309296381477723e-02	0.000000000000000000e+00
1.217728986672448954e+01	2.247339482880539863e-01	1.491553524856006376e-03
1.232212005365237673e+01	5.325059901567368026e-02	0.000000000000000000e+00
1.204953726278447768e+01	5.318556341974370882e-01	0.000000000000000000e+00
1.238678224434885244e+01	1.917414828255059323e-01	1.834544992563764488e-03
1.235022416038127879e+01	2.456232373045518225e-01	1.043052403802712230e-03
1.194393850000091284e+01	5.369518937959805172e-02	0.000000000000000000e+00
1.244756163727032749e+01	1.228024083272641342e-02	0.000000000000000000e+00
1.222583033209104286e+01	8.548182997829750773e-03	0.000000000000000000e+00
1.229190438566960353e+01	1.652393076534369731e-01	1.285774011765293979e-03
1.233120687487645917e+01	2.681383398916413197e-01	1.569519226637040637e-03
1.246212799351904721e+01	1.544384470535718479e-01	1.901085313213620462e-03
1.227117998491914719e+01	5.288652284060808562e-01	0.000000000000000000e+00
1.209855238863518601e+01	3.059644378939172515e-01	1.194690672587818761e-03
1.254531764622441159e+01	6.234582052106981687e-01	0.000000000000000000e+00
1.219491291542747291e+01	3.003765973706039594e-01	1.690687795722968815e-03
1.208697955408823077e+01	8.003576863069242209e-02	0.000000000000000000e+00
1.222097698814246058e+01	1.874771186436821335e-01	1.064812749999394671e-03
1.215786963152828548e+01	2.664540437859281297e-01	1.132763378074017795e-03
1.243910709195708186e+01	3.648971815886398185e-01	1.077384564050847720e-03
1.195378797127886195e+01	1.341561551025061971e-01	1.421783749531278004e-03
1.234146573163619820e+01	1.572819561273687827e-01	1.747659080749330547e-03
1.194687128215768546e+01	1.662240879182826647e-01	9.891821955432212807e-04
1.208387411790778998e+01	1.068492113517290204e-01	1.036490169482213574e-03
1.219446713369848823e+01	2.937490739021770825e-01	1.406800620866219048e-03
1.242021807868419003e+01	4.284645455933062674e-01	0.000000000000000000e+00
1.219586225568461657e+01	2.927541564797658258e-01	1.240723984967020488e-03
1.181713617129304339e+01	6.193057491287259908e-02	0.000000000000000000e+00
1.236450274575495811e+01	6.435598916353071353e-01	0.000000000000000000e+00
1.227733228448300196e+01	5.759876234343774826e-01	0.000000000000000000e+00
1.202187165058000495e+01	2.395567432078182235e-01	1.052398740813208049e-03
1.250320313501405600e+01	4.165869162740981624e-01	0.000000000000000000e+00
1.197804301837477858e+01	1.724740675463008743e-01	1.241732259840086245e-03
1.239797491079246683e+01	1.629687308379822175e-01	1.157922317942360621e-03
1.217051995768640182e+01	3.035599468978751880e-01	1.070170217962456522e-03
1.246070771514373732e+01	4.081902811902076156e-01	0.000000000000000000e+00
1.189993782957376922e+01	4.026921360591801391e-01	0.000000000000000000e+00
1.233081556830120640e+01	4.039270497506150526e-01	0.000000000000000000e+00
1.224618202084165475e+01	5.101352014066347085e-01	0.000000000000000000e+00
1.239938321287746525e+01	1.583772098115737159e-01	1.762924828318063360e-03
1.187411178224074426e+01	2.630838703437226034e-01	1.208715773105719813e-03
1.248348662091707695e+01	3.856396410066977309e-01	1.412329937559086502e-03
1.202282340239906411e+01	4.243606798887678000e-01	0.000000000000000000e+00
1.249786162269486844e+01	4.067688747927056814e-01	0.000000000000000000e+00
1.229293097971897630e+01	4.169174363245358172e-01	0.000000000000000000e+00
1.228549871336893951e+01	2.674259072580540408e-01	9.902471131426273006e-04
1.195744700738081434e+01	1.777035220607537658e-01	1.640232529310054485e-03
1.208127684241094890e+01	1.461594574159715554e-01	1.045312497657648228e-03
1.241388153002359651e+01	2.329848746360375367e-01	1.932143481212771118e-03
1.196211259396152649e+01	1.677508683936164979e-01	2.383860051582224401e-03
1.211080789682198500e+01	2.498136135214180376e-01	1.241877886762832823e-03
1.199130934905992696e+01	4.910174381736948090e-01	0.000000000000000000e+00
1.223325951062974326e+01	1.384869900767837225e-01	2.094241549313880565e-03
1.235051737210289957e+01	1.290059302104308858e-01	1.166112107676565979e-03
1.233642513920884198e+01	2.005218288063177479e-01	1.008601491736680266e-03
1.231808263978357942e+01	6.000981559829786649e-01	0.000000000000000000e+00
1.215800037536177669e+01	2.565064079143158926e-01	2.534692037679627495e-03
1.228142378200749008e+01	3.767521270465646888e-01	1.192418225227935905e-03
1.236717701667527081e+01	4.890400069879992651e-01	0.000000000000000000e+00
1.223902575008375493e+01	3.230673468042483121e-01	1.328411566784402876e-03
1.232588023620021644e+01	5.365344803334398671e-01	0.000000000000000000e+00
1.239010651186888978e+01	3.538529666858531986e-01	1.418948310289086046e-03
1.237483199891319430e+01	4.347491980200290929e-01	0.000000000000000000e+00
1.229580788317555395e+01	4.251086665382726171e-01	0.000000000000000000e+00
1.198995657397670556e+01	7.044542493478256340e-02	0.000000000000000000e+00
1.203077393037311538e+01	8.788608268084005526e-02	0.000000000000000000e+00
1.221718081193627725e+01	1.345904696771429432e-01	1.926916489480571398e-03
1.203346435981391771e+01	4.052709452473879370e-03	0.000000000000000000e+00
1.220345674422499727e+01	1.798681854537159674e-03	0.000000000000000000e+00
1.194491868455163264e+01	5.654098959538288449e-01	0.000000000000000000e+00
1.223532053797329411e+01	2.988020839920957905e-01	1.733510067905695128e-03
1.242207195760570926e+01	2.586563477880008954e-01	1.347488640918933145e-03
1.179186480365246048e+01	2.535663972169840408e-01	1.657396673532660633e-03
1.211732958977209051e+01	2.696064863616525198e-01	1.652882121035457313e-03
1.230816696114371034e+01	3.091549897587971274e-01	1.603534113020857856e-03
1.216348346537089853e+01	2.048349465274337255e-01	1.500502107716473674e-03
1.245700627164113072e+01	6.551348934640666144e-02	0.000000000000000000e+00
1.254486505869025059e+01	5.029494102985080373e-01	0.000000000000000000e+00
1.195799949860545475e+01	1.439118694715362523e-01	1.509450982224685338e-03
1.175708668291619574e+01	7.376989875052525347e-02	0.000000000000000000e+00
1.244468705507228989e+01	4.686138322269750578e-01	0.000000000000000000e+00
1.238972498574246828e+01	2.023101363532328612e-01	2.413909661159932031e-03
1.208575924288081183e+01	5.522640500759453674e-01	0.000000000000000000e+00
1.213291557295870504e+01	5.603524178869622174e-01	0.000000000000000000e+00
1.191560674922751417e+01	1.586811120172793577e-01	1.390811507352594659e-03
1.207821900608905885e+01	5.487538131475614561e-02	0.000000000000000000e+00
1.186044176335545863e+01	3.618527329696629158e-01	1.324683081945873375e-03
1.223515248321934301e+01	1.337789839710101236e-01	1.197643905472265281e-03
1.244440030278008713e+01	3.177144703491501798e-01	2.188358687769957796e-03
1.220406312360605305e+01	4.239899143157158101e-02	0.000000000000000000e+00
1.214128921034598463e+01	2.592576797777228492e-01	2.707433119700885463e-03
1.230805302335628149e+01	2.198051222989397535e-01	2.230543411626130512e-03
1.219075120324275119e+01	4.662580103272983001e-01	0.000000000000000000e+00
1.228360153176375391e+01	3.291015799521280205e-01	1.314281698794781848e-03
1.235725047143413846e+01	1.718622728201220917e-01	1.680911812413996530e-03
1.194140737772098859e+01	3.313195528998461037e-02	0.000000000000000000e+00
1.187991017354401890e+01	5.933112184763744690e-02	0.000000000000000000e+00
1.241755249458922528e+01	2.599751630569901995e-01	1.159105952943481838e-03
1.247990295550668449e+01	2.955525326115130968e-01	1.252961800102143745e-03
1.181723317763455583e+01	1.523296433959464569e-01	4.268098678076932828e-03
1.197736893593262586e+01	1.191957312893801579e-01	1.755850594694905722e-03
1.217086427572977847e+01	2.837273690875657950e-02	0.000000000000000000e+00
1.253078474484881610e+01	4.746407963613455405e-01	0.000000000000000000e+00
1.211590016622422361e+01	1.041047953882518473e-01	2.978042192061586442e-03
1.228449504800443748e+01	7.225711968473352842e-02	0.000000000000000000e+00
1.242998719590619672e+01	5.829805880121416983e-01	0.000000000000000000e+00
1.200458465098504668e+01	1.936801552339375010e-01	1.078370537112969705e-03
1.216902184601716108e+01	2.663967943721212706e-02	0.000000000000000000e+00
1.247365835015124169e+01	2.260839276406205745e-01	1.230847801686184425e-03
1.185847993176426129e+01	3.466637931841915488e-01	1.062388638383581071e-03
1.205877330580008788e+01	3.187065605118357681e-01	1.728257330770495599e-03
1.198308121874089593e+01	2.211225842322888102e-01	1.022467862396595536e-03
1.230950962025020523e+01	6.975949787636945842e-01	0.000000000000000000e+00
1.258053318502597406e+01	4.812943330440971890e-01	0.000000000000000000e+00
1.186362978629684051e+01	5.971038725169514061e-02	0.000000000000000000e+00
1.210928372794337271e+01	1.632718905395149911e-01	1.142205407476952657e-03
1.217992824965535092e+01	3.081700049738109182e-01	1.020457601696061469e-03
1.243073445444994896e+01	3.954988271470550876e-01	1.133326826725617907e-03
1.235705620260857529e+01	3.835853957909821088e-01	1.557219148330060785e-03
1.225619517969698435e+01	6.025869045253906542e-01	0.000000000000000000e+00
1.184371315914877165e+01	2.643484918104370696e-01	1.312673540126070484e-03
1.226567866986222022e+01	2.409422468329096845e-01	5.799587082439535378e-03
1.218088808838770909e+01	1.504862888868538917e-01	1.248308462445025472e-03
1.233256107265588497e+01	1.896719492312896327e-01	1.069473713838348713e-03
1.188157007769238405e+01	4.448479498839120194e-01	0.000000000000000000e+00
1.250925122575198145e+01	3.325972711182508257e-01	1.710030797272331675e-03
1.238338135065158596e+01	4.160288280648475334e-01	0.000000000000000000e+00
1.226756761193346890e+01	3.044044039269861446e-01	1.512855004835394687e-03
1.247576850526869841e+01	3.676344012961805796e-01	3.052645328617625397e-03
1.237296562215904849e+01	4.618823297089078572e-01	0.000000000000000000e+00
1.232870052363992208e+01	2.815690019619532802e-01	1.104052539692534918e-03
1.244487194104005390e+01	4.989560615126387155e-01	0.000000000000000000e+00
1.204755328928057345e+01	2.824230845670390178e-01	1.397419919479771178e+00
1.230970405825735092e+01	6.422848065892690084e-01	0.000000000000000000e+00
1.212988333690245923e+01	8.332406219977356310e-03	0.000000000000000000e+00
1.218349318910628476e+01	3.506963824304654143e-01	3.854167122010530074e-03
1.179244994763697640e+01	1.672475590037260651e-01	1.547809102213074410e-03
1.209082238366475615e+01	2.486248985898202035e-01	1.068245642191385141e-03
1.198732600696860651e+01	8.700955724839887218e-02	0.000000000000000000e+00
1.183086782362683209e+01	2.378067307619984305e-01	1.170966577811019147e-03
1.240468112486417773e+01	3.403000010298214417e-01	1.239916179126435451e-03
1.231386908956008952e+01	2.959923535840685016e-01	1.239815722408873404e-03
1.185473976569201682e+01	3.945550454881629476e-01	1.288425328076546125e-03
1.253021367181695389e+01	3.485435777079486375e-01	1.805890540869413809e-03
1.199268738963933245e+01	5.095760884653629530e-01	0.000000000000000000e+00
1.184082437775084884e+01	2.085052157028815523e-01	9.997078238223979559e-04
1.230288060162203756e+01	1.889274240205237876e-01	1.673086795848911139e-03
1.266027215020582553e+01	6.596180808875491408e-01	0.000000000000000000e+00
1.238753783888308746e+01	9.446619437347081316e-02	0.000000000000000000e+00
1.198875995248272908e+01	3.170869857620374765e-01	1.961662953863996337e-03
1.185479500773915262e+01	1.568861012848051517e-01	1.843710042969198219e-03
1.177440786090985370e+01	1.722938999554465278e-01	2.455338604783226155e-03
1.249132511804690893e+01	4.901930005671819024e-01	0.000000000000000000e+00
1.210140356753316482e+01	2.235545933978401456e-01	1.086772028222513257e-03
1.204483163343782515e+01	5.218510263105338165e-01	0.000000000000000000e+00
1.189193046326057335e+01	6.410024478765330436e-02	0.000000000000000000e+00
1.215822151011924390e+01	3.978454281180630880e-02	0.000000000000000000e+00
1.236489490040199257e+01	6.740944004624338515e-01	0.000000000000000000e+00
1.207807517844464584e+01	2.384040226114048644e-01	1.358114260607586618e-03
1.202273325577689533e+01	3.623426041310126577e-01	1.323002034216134255e-03
1.207188426339594933e+01	1.954767279509928568e-01	1.178584506749503786e-03
1.187534002900044960e+01	2.568263570121404049e-01	1.155553678150623683e-03
1.230322767264943273e+01	3.201600503892311211e-01	1.198363811184793631e-03
1.208498881010956083e+01	1.755252398030326955e-01	1.459755415607748817e-03
1.235177161260083167e+01	2.513342504291117829e-01	1.980480436119904254e-03
1.192818324158278820e+01	3.787346412252814987e-02	0.000000000000000000e+00
1.197138272921075242e+01	1.405200604318769253e-01	1.182671333308363921e-03
1.222169587647782940e+01	2.243798973200285540e-01	1.141335418746935396e-03
1.216384559413354438e+01	1.764081875596688609e-01	1.302391445156908913e-03
1.236525593286035907e+01	2.739539449810314831e-01	1.221308160765265192e-03
1.196079947655330855e+01	2.864782206543270426e-01	1.070541757012522270e-03
1.219767018704997774e+01	3.094767999427759930e-01	1.855033111349931084e-03
1.231319462557831734e+01	2.008294495889811626e-01	1.826111157754754626e-03
1.225401966656068531e+01	6.226483109948270922e-01	0.000000000000000000e+00
1.197208150342152955e+01	6.188744101616967808e-02	0.000000000000000000e+00
1.190212245784156408e+01	5.463221118871847137e-01	0.000000000000000000e+00
1.191690921942366543e+01	1.604107139897605339e-01	1.432002822904563212e-03
1.235204963140687617e+01	5.569950632801735635e-01	0.000000000000000000e+00
1.240987777192889041e+01	9.410323802352069111e-02	0.000000000000000000e+00
1.186398692414292100e+01	3.146193489997748394e-01	1.468380799000764238e-03
1.223414019568162558e+01	1.417269516390542439e-01	1.112119524062068869e-03
1.212660325210387491e+01	3.558138030417732911e-01	1.600806083809529603e-03
1.190304303091795468e+01	3.173326865098897998e-02	0.000000000000000000e+00
1.208270148829252655e+01	4.309684916860453407e-01	0.000000000000000000e+00
1.241258075060807897e+01	2.132122060188655910e-01	1.515735026686335042e-03
1.248943338496176736e+01	4.709795031987354941e-01	0.000000000000000000e+00
1.227545497330627633e+01	4.155690766723276752e-01	0.000000000000000000e+00
1.230176554338119033e+01	2.845638821288095088e-01	1.071800895407882094e-03
1.225148818396578143e+01	2.358037236207000120e-01	1.242391261883730872e-03
1.222806635682655774e+01	7.406210867290585753e-02	0.000000000000000000e+00
1.183488489312751035e+01	3.062208402162883147e-03	0.000000000000000000e+00
1.230654932037265681e+01	3.048876880908356624e-01	1.822124389720193669e-03
1.180275573823459112e+01	2.023489667757880361e-01	1.000896357692177994e-03
1.205783163206801945e+01	5.304341495099301751e-02	0.000000000000000000e+00
1.248866702819682928e+01	3.014052482025404434e-01	1.299352366238929520e-03
1.191634468452816265e+01	4.090255099730217836e-01	0.000000000000000000e+00
1.238821816389713426e+01	4.305008780055718520e-01	0.000000000000000000e+00
1.244477485942938699e+01	3.817145210697600044e-01	1.256848550430235108e-03
1.221196971355341532e+01	3.256035732308812936e-01	1.046325453791948539e-03
1.189066265190108673e+01	3.684814756622722953e-02	0.000000000000000000e+00
1.255181469449161114e+01	5.500049172342642567e-01	0.000000000000000000e+00
1.228661645055155027e+01	4.526142053222779182e-01	0.000000000000000000e+00
1.225582138665464882e+01	4.132223475144187752e-01	0.000000000000000000e+00
1.180767844641656517e+01	1.330110019983811176e-01	1.244789192830806496e-03
1.235771285759525107e+01	3.803328551785606360e-01	1.292420753105104824e-03
1.188650565801398251e+01	1.066856430103100967e-01	1.311134996396627790e-03
1.232156000538809160e+01	4.744956248750432648e-01	0.000000000000000000e+00
1.244731621898876917e+01	1.692691953560183926e-01	1.060509951490853182e-03
1.215756316038670626e+01	1.979344918588492597e-01	2.023768045011734799e-03
1.232996006357186758e+01	2.718957295135996377e-01	1.007476591627545770e-03
1.195984701016394958e+01	7.324356424803085686e-03	0.000000000000000000e+00
1.224800667917248731e+01	1.130708443266031371e-01	1.018540836649525338e-03
1.184123939609659182e+01	4.103400792488124948e-01	0.000000000000000000e+00
1.195566218255074808e+01	2.010598268011308254e-01	1.581334410068392649e-03
1.193905859172657458e+01	2.202918175814648216e-01	1.241368899831985688e-03
1.249803927523788261e+01	3.936455907096464979e-01	1.525979883045075871e-03
1.265177889147144619e+01	6.507005027577204004e-01	0.000000000000000000e+00
1.181877073509168596e+01	1.321943903352562899e-01	1.208573269922365388e-03
1.222015376482961457e+01	4.784748665927971989e-01	0.000000000000000000e+00
1.208261066441938603e+01	5.302571441867368618e-01	0.000000000000000000e+00
1.229771861283456325e+01	1.464901083788601177e-01	2.782301500637164582e-03
1.185126014583640774e+01	2.256791519358212206e-01	1.156381680115919474e-03
1.222869144297393973e+01	3.491775155339422732e-01	1.097216649960059982e-03
1.235725662348569820e+01	5.324896318030460929e-01	0.000000000000000000e+00
1.196717124130031351e+01	5.445557208800826388e-01	0.000000000000000000e+00
1.201649314004753499e+01	2.775716069174579137e-01	2.926829886285014712e-03
1.230060048708119425e+01	2.308255695342680824e-01	1.549855940086351368e-03
1.232627728844180837e+01	9.849142710313668614e-02	0.000000000000000000e+00
1.209696616149233250e+01	3.633715067558506151e-01	1.603625350852297101e-03
1.208504501350988747e+01	1.731715301987368782e-01	1.259351967686866101e-03
1.247553276426643620e+01	4.950928213145512347e-01	0.000000000000000000e+00
1.233350719092526937e+01	2.307937858854882396e-01	1.638925985921762260e-03
1.228548675784668376e+01	3.029026249868940757e-01	1.085475732926089202e-03
1.233746680848750188e+01	5.542963846118359461e-02	0.000000000000000000e+00
1.231325035473459550e+01	2.647514985521114417e-01	1.380380682762723157e-03
1.240250830291552653e+01	5.862051462102659816e-01	0.000000000000000000e+00
1.210354693940263360e+01	4.010144706224345601e-01	0.000000000000000000e+00
1.193721365538934975e+01	2.359313492328558026e-01	1.567114410717331766e-03
1.197039424422317211e+01	4.708311633615490654e-01	0.000000000000000000e+00
1.182998691110003087e+01	1.920449170654496274e-01	1.426247404377435461e-03
1.203188965294030588e+01	1.372165127714222443e-01	1.140242379554884129e-03
1.216007320600828479e+01	3.563553554920709798e-01	2.126600396469544019e-03
1.197585374026277627e+01	3.659783993142904923e-01	1.839328023196337963e-03
1.243414107361503262e+01	1.723144435667458008e-01	1.506870574424264879e-03
1.219388008472252061e+01	3.399329449762112931e-01	2.827974868927868052e-03
1.192068189969723591e+01	2.246605820295500267e-01	2.000325602673060608e-03
1.236223551966355672e+01	4.831315919673159764e-01	0.000000000000000000e+00
1.222430826697733863e+01	8.944220155021093133e-02	0.000000000000000000e+00
1.211560697137525544e+01	8.712539507593738963e-02	0.000000000000000000e+00
1.252800271584563419e+01	3.725628570976934339e-01	1.640517162814023738e-03
1.219229068074933942e+01	3.439439033333699935e-01	1.683689505051002471e-03
1.214938579560879894e+01	4.310710861405220862e-01	0.000000000000000000e+00
1.189808715454431898e+01	3.763829005094479485e-01	1.839931574463236257e-03
1.217518959634143805e+01	3.170902346588639897e-01	1.493328882114818837e-03
1.197639026316768174e+01	2.083359112361568843e-01	1.065845891821571613e-03
1.201283256795062293e+01	9.131440283819686199e-02	0.000000000000000000e+00
1.232558263575877078e+01	2.042162516178389620e-01	1.273329156148754427e-03
1.208318780825889149e+01	2.811759710909087495e-01	1.250826242361937832e-03
1.218610317045159341e+01	6.127092295865574911e-01	0.000000000000000000e+00
1.213199364871661068e+01	5.164819351120980562e-01	0.000000000000000000e+00
1.179582845070566854e+01	9.928098215820335692e-02	0.000000000000000000e+00
1.198861145333234823e+01	4.286828642231259590e-01	0.000000000000000000e+00
1.210106353692339631e+01	2.446711286345256975e-01	1.059439986035614831e-03
1.232901965162655777e+01	2.483727201722842892e-01	1.363563611634193958e-03
1.241908567014479381e+01	6.639402953146222863e-02	0.000000000000000000e+00
1.203876073412390824e+01	1.400967155896692129e-01	2.695583991599179163e-03
1.232447056185876377e+01	1.785936664819955111e-01	1.053661079490146243e-03
1.197663508145987876e+01	1.904160954419062413e-02	0.000000000000000000e+00
1.248194289202770868e+01	2.807102784913004800e-01	1.946094048014670357e-03
1.206968972959930220e+01	1.482192140499940525e-01	1.196454706184787086e-03
1.195065848890576454e+01	2.667494416018216241e-01	1.174484797843304605e-03
1.212656224971158281e+01	5.039996020195109949e-01	0.000000000000000000e+00
1.216745906512304920e+01	1.889128571509075261e-01	1.600768900235261579e-03
1.197474643712970277e+01	1.318711956886196024e-01	1.758687502788467425e-03
1.231382215593832363e+01	4.146765818640993917e-01	0.000000000000000000e+00
1.226199767905286286e+01	5.305879988140502768e-01	0.000000000000000000e+00
1.234216880848268438e+01	9.254235705811073021e-02	0.000000000000000000e+00
1.243790611315499461e+01	3.432187997665430701e-01	1.427351654755928392e-03
1.219217482115332274e+01	6.692325391761877462e-02	0.000000000000000000e+00
1.205312010135611800e+01	4.270344370484691621e-01	0.000000000000000000e+00
1.221928101719401383e+01	2.539369388495059665e-01	1.133167275534441645e-03
1.198265645893877718e+01	6.318420817736594142e-01	0.000000000000000000e+00
1.186287950900887544e+01	6.886161062711437797e-02	0.000000000000000000e+00
1.196374326208950301e+01	8.441861647807691327e-02	0.000000000000000000e+00
1.215030836121072610e+01	4.144824586587369519e-01	0.000000000000000000e+00
1.244704392203511745e+01	7.100871991539059458e-02	0.000000000000000000e+00
1.253239421229085337e+01	5.143287957762033846e-01	0.000000000000000000e+00
1.245662315526121944e+01	5.506781871184411870e-01	0.000000000000000000e+00
1.229878546532806105e+01	2.163048383309842670e-01	1.016719546865634287e-03
1.210291749368341030e+01	2.027298981282465162e-01	1.253857651110665966e-03
1.241241516587447791e+01	6.206131240074976851e-01	0.000000000000000000e+00
1.214258596154745717e+01	3.564196029151647238e-01	1.053460589174254726e-03
1.212235023906341347e+01	8.329512182104270579e-02	0.000000000000000000e+00
1.213331974124912271e+01	3.671687676226729202e-01	1.552301646575490919e-03
1.240640395690750530e+01	3.765068256795039980e-01	1.431536723416177836e-03
1.226803728228129664e+01	2.263994619915952189e-01	1.253270787335661416e-03
1.184743534355943417e+01	7.483306829988306541e-02	0.000000000000000000e+00
1.224919695169186973e+01	1.817803415371330722e-01	1.210417450893719153e-03
1.227487166459375167e+01	3.497288963419465380e-01	2.077823390670192286e-03
1.208941629286920083e+01	1.094489839576123918e-01	1.081091244663067970e-03
1.241504632445379563e+01	1.825030048305760766e-01	1.499426894417356685e-03
1.190941672935256435e+01	4.056539400719914035e-01	0.000000000000000000e+00
1.228283806199494599e+01	2.229516398201425997e-01	1.171963532466387429e-03
1.191515968713358831e+01	1.157582557881289415e-01	2.476632049115977657e-03
1.247385357235696191e+01	3.491154021822806541e-01	1.253584849575496837e-03
1.233923629489514973e+01	1.151955962156544777e-01	1.033142596884025193e-03
1.197397033889157036e+01	3.957871822799420292e-01	1.900277979561780343e-03
1.249924953058493138e+01	4.954885385730201097e-01	0.000000000000000000e+00
1.201269289568192988e+01	1.131276422110293473e-01	1.203866876067423951e-03
1.214090146519327895e+01	3.812795343044503849e-01	1.254828658599120269e-03
1.233805165283370187e+01	4.300510863133134021e-01	0.000000000000000000e+00
1.215487648560501732e+01	1.668490829454014057e-01	1.495504922462223291e-03
1.231237075544467352e+01	5.889920603823630696e-01	0.000000000000000000e+00
1.250322392917986214e+01	3.082077622686807961e-01	1.963271350744123355e-03
1.186340563951780247e+01	1.383180560753910493e-01	1.135077222448483206e-03
1.213354382682501686e+01	6.020111635373150832e-02	0.000000000000000000e+00
1.199311769758617530e+01	1.209201463361954942e-01	1.198513258711903905e-03
1.232797227229884562e+01	2.224454738895996764e-01	1.428193920333164406e-03
1.239806172231829962e+01	6.259029966310578619e-01	0.000000000000000000e+00
1.207068265128549278e+01	3.751465015383963486e-01	1.989497030864113575e-03
1.222265508647645937e+01	1.524449308432145045e-01	1.227267589561169617e-03
1.223845429550880937e+01	1.557332592526171899e-01	1.294788161924879813e-03
1.212885966947819405e+01	3.996436364258414420e-01	1.113108812486255164e-03
1.249384463989408545e+01	3.589960478913795106e-01	1.315497414531607281e-03
1.229143044650753680e+01	4.099268968218960918e-01	0.000000000000000000e+00
1.249521203955285564e+01	3.323847697821269986e-01	1.786226537972461200e-03
1.189086624250896129e+01	2.314662056564746884e-01	1.693976099558664947e-03
1.186618470540291348e+01	5.003048567874606584e-02	0.000000000000000000e+00
1.181508223670036095e+01	2.155641186128569031e-01	1.472507136635802785e-03
1.233811604858722788e+01	5.214803138317594122e-01	0.000000000000000000e+00
1.229576399753844562e+01	1.971259942673592169e-01	1.528873959481241024e-03
1.248964947656080504e+01	7.334952521606317166e-01	0.000000000000000000e+00
1.201306149943849277e+01	5.448622466069971138e-01	0.000000000000000000e+00
1.254267837481932446e+01	4.713654179147619971e-01	0.000000000000000000e+00
1.242600084796869098e+01	3.436385030727898138e-01	1.331697115133279388e-03
1.199405885582069331e+01	2.772372229190314119e-01	1.509702715431514948e-03
1.191275519265743732e+01	4.754739629248572186e-01	0.000000000000000000e+00
1.216381690909598667e+01	1.928628999496438401e-01	1.088395311766507823e-03
1.213747898877380926e+01	3.532748870223598181e-01	1.221086716130199328e-03
1.243974302619685091e+01	2.977965208639493655e-01	1.382954659519532994e-03
1.246512732440034554e+01	1.197300364849122334e-01	1.220688040247689017e-03
1.214650795834364416e+01	2.778663141742525600e-01	1.607524403164179924e-03
1.235679006848062222e+01	4.702170034925384767e-02	0.000000000000000000e+00
1.233270618582466938e+01	7.094697093516100228e-01	0.000000000000000000e+00
1.219937615413379639e+01	6.437730699777945986e-01	0.000000000000000000e+00
1.218461184467518699e+01	1.816153163764632761e-01	1.002730731153886638e-03
1.230491158608773539e+01	1.298624827556619510e-01	1.012704127414257652e-03
1.234877395439630909e+01	2.102011787206939930e-01	1.263878028383888085e-03
1.226018892207940958e+01	1.314353730607186188e-01	1.510545283234253616e-03
1.194909976928203577e+01	2.509597540739538224e-01	1.000527658421781910e-03
1.196066669938767113e+01	1.058134346810570003e-01	1.186101823085004402e-03
1.220280826909546690e+01	4.769701772060008782e-02	0.000000000000000000e+00
1.198805070084052460e+01	1.574775722622378804e-01	9.881240190363765885e-04
1.243066081534370504e+01	2.980894436642288481e-01	1.195839342631501703e-03
1.196548902891358424e+01	9.159722157165028911e-02	0.000000000000000000e+00
1.199540242972301307e+01	1.978552099436451384e-01	2.312425696460413977e-03
1.186726863021732470e+01	7.108266438989296887e-02	0.000000000000000000e+00
1.242285301130270092e+01	3.857809078844253725e-01	1.424768269070378910e-03
1.206903307168887629e+01	4.047931463905468652e-02	0.000000000000000000e+00
1.216999812047929019e+01	1.156382943461821966e-01	1.280670344328960339e-03
1.206588537242674519e+01	3.367673564996934155e-01	1.257804682312919876e-03
1.207312602806628909e+01	3.945488825713903136e-01	1.862118199634436432e-03
1.204944627709415528e+01	1.432449379740639850e-01	1.323426152845247686e-03
1.201612478297982456e+01	2.551384998977733742e-01	9.890412429131624234e-04
1.226635701170602744e+01	4.439154980144170426e-01	0.000000000000000000e+00
1.219910833616192747e+01	4.048546929247440196e-02	0.000000000000000000e+00
1.229221299607459272e+01	3.659836301216863319e-01	1.217311336743567927e-03
1.246595888121244400e+01	4.011316401840754331e-01	0.000000000000000000e+00
1.207796830542600830e+01	3.798535992658932936e-01	1.396025536496597755e-03
1.195467204823422414e+01	1.767513933410000959e-01	1.387730196650798723e-03
1.238770558649484954e+01	2.768377092068805556e-01	1.113138627162121126e-03
1.222210224671116130e+01	6.252363116401352117e-02	0.000000000000000000e+00
1.201284524841429224e+01	4.989548926249606775e-02	0.000000000000000000e+00
1.229083315558402489e+01	3.237017613618474732e-01	1.257041825240476189e-03
1.241134647604489416e+01	5.533869503993316119e-02	0.000000000000000000e+00
1.231840266624329949e+01	4.177196773184691514e-01	0.000000000000000000e+00
1.223078008435414787e+01	1.365932081945518406e-01	1.233114940693900161e-03
1.249506436178175051e+01	5.838186078767635401e-01	0.000000000000000000e+00
1.198024924460018248e+01	3.467063209637452070e-01	1.302318646973686656e-03
1.216373022883979438e+01	1.495364223490338595e-01	2.428871448017286445e-03
1.234769017694253002e+01	3.903447754050876628e-01	1.495979024879744027e-03
1.234669888501836077e+01	2.366654229748073601e-01	1.164525517179911982e-03
1.211079514579154193e+01	2.833701795014348379e-01	1.937121309317790547e-03
1.224017234109899910e+01	2.968169476879247148e-01	1.718300511500340426e-03
1.258478546423292599e+01	5.329810804124764934e-01	0.000000000000000000e+00
1.255025140393615857e+01	5.090334069712791898e-01	0.000000000000000000e+00
1.185716530896717735e+01	1.184040371823514848e-01	1.017066284365956844e-03
1.212120242436807871e+01	1.682416744310664125e-01	1.122158558131349784e-03
1.179079566399634693e+01	2.216802221856125910e-01	1.010097850760360329e-03
1.217971525836558655e+01	7.693323838818527660e-02	0.000000000000000000e+00
1.228666531950337948e+01	1.619870551968947414e-01	1.311939133716410804e-03
1.246713988000370499e+01	2.209703947469070506e-01	1.019350053926073923e-03
1.225368888827614100e+01	4.080716556930259475e-01	0.000000000000000000e+00
1.215482095952847175e+01	3.642425962500299708e-01	1.370954158182521952e-03
1.238610514412352437e+01	5.007250590431745474e-01	0.000000000000000000e+00
1.233333909192084654e+01	8.556426892457980049e-02	0.000000000000000000e+00
1.225493527110732117e+01	1.503781783600574018e-01	2.257333102936617819e-03
1.183276319017845246e+01	1.364794737622679888e-01	1.590045439528574127e-03
1.224083435940258013e+01	4.214727130636261032e-01	0.000000000000000000e+00
1.238993671721488177e+01	1.255171883882467698e-01	1.044619031546444162e-03
1.230194099060413748e+01	3.405311622764722879e-01	1.641017084401837122e-03
1.192747739659753314e+01	1.947369749443507714e-01	1.765187751343068583e-03
1.192559519688718872e+01	2.346322065629545817e-01	1.120777180392141864e-03
1.206235531688203189e+01	9.914743443676152235e-02	0.000000000000000000e+00
1.243962127641867355e+01	3.918223937776592614e-01	1.116513334998111466e-03
1.197688518731101759e+01	2.762406053732269218e-01	1.611060790862649337e-03
1.209216531148884144e+01	2.145918724632719932e-01	1.334164146123248363e-03
1.235173096061219766e+01	3.087333114362549313e-01	1.362805749136521832e-03
1.205440108219733553e+01	2.030681195947892925e-01	1.210954566053777399e-03
1.238268213098512938e+01	6.415382205856013931e-01	0.000000000000000000e+00
1.197163370354552647e+01	2.899992597696105512e-01	1.075583211623214793e-03
1.186841830454926061e+01	4.715991997256842039e-01	0.000000000000000000e+00
1.246329207093176628e+01	2.375922456107883440e-01	1.548075226425604063e-03
1.212236175512436809e+01	3.417786748989609658e-02	0.000000000000000000e+00
1.227865698789129212e+01	1.926875599231308855e-01	1.943324464440231896e-03
1.246301667752049802e+01	2.223428080448075495e-01	5.153139085335539139e-03
1.207491614395667590e+01	8.093889036206702858e-02	0.000000000000000000e+00
1.198755351791324486e+01	5.418757419925598895e-02	0.000000000000000000e+00
1.243452167267881414e+01	3.019234831348358572e-01	1.182586864030001853e-03
1.217963396704404566e+01	3.739270920212545146e-01	1.420826958531625850e-03
1.206816408348259628e+01	3.292001670095202615e-01	1.131315585008477132e-03
1.236592965747157002e+01	1.846393822518598848e-01	1.247662863418873367e-03
1.223747657717822790e+01	4.898150932357550058e-01	0.000000000000000000e+00
1.241314750316856852e+01	1.078270896607558538e-01	1.468618960484453350e-03
1.217925219793408509e+01	2.462907484190342000e-01	1.382230610556733994e-03
1.243940387318474805e+01	7.415287645081458656e-02	0.000000000000000000e+00
1.183482826845248326e+01	2.026315289177543222e-01	1.365635604922652794e-03
1.231476063749137140e+01	1.347379877731885722e-02	0.000000000000000000e+00
1.191969622110194216e+01	1.275320695115601810e-01	1.041778657373710303e-03
1.191587534593633180e+01	3.416183578812651556e-01	2.379608997885332162e-03
1.233864870882446674e+01	3.027612614519255008e-01	1.073348342079587106e-03
1.221508029141814511e+01	3.071455290357095747e-01	1.649242588022507621e-03
1.207146519546310692e+01	5.313802385289603802e-02	0.000000000000000000e+00
1.222784648614669933e+01	2.927765492397567115e-01	1.904890745907672229e-03
1.192079161267629850e+01	3.956414956501754787e-01	1.107237546699930617e-03
1.218119571413348723e+01	8.748059815518274829e-02	0.000000000000000000e+00
1.224962780764510661e+01	2.244439453938101015e-01	1.234445220768467339e-03
1.204702429047368106e+01	3.926384866621311365e-01	1.282969695473559942e-03
1.216214123884935816e+01	4.435923995868298331e-01	0.000000000000000000e+00
1.240558675045812187e+01	3.794039740314919529e-01	1.326290860494870388e-03
1.218077329039248191e+01	5.680193086524451540e-02	0.000000000000000000e+00
1.208709216048663393e+01	3.050346965803563126e-01	1.087298009625470990e-03
1.185575944341196220e+01	4.033332701286197475e-01	0.000000000000000000e+00
1.192313742108173180e+01	1.869185612970023502e-01	9.914580633084049254e-04
1.213799883520065670e+01	1.599130234991355815e-01	1.665987169541040995e-03
1.237231441639156237e+01	8.500743596688853376e-02	0.000000000000000000e+00
1.211905517052857562e+01	4.877002481633548880e-01	0.000000000000000000e+00
1.238214006185461535e+01	5.271042981349329803e-01	0.000000000000000000e+00
1.202244316702032556e+01	4.065065549859696037e-01	0.000000000000000000e+00
1.246825437991617491e+01	1.160983373389740392e-01	1.424350895565654196e-03
1.205312124687103648e+01	2.584725432398821132e-03	0.000000000000000000e+00
1.233528259146262585e+01	4.018563814548860025e-01	0.000000000000000000e+00
1.214607364016655744e+01	3.121807888282980281e-01	2.156462203650304135e-03
1.215414960558261370e+01	2.255431945716586950e-01	1.040247958520298076e-03
1.179616994699424382e+01	2.871181072350471597e-01	1.170768119473911432e-03
1.231821110181386913e+01	1.681272047239051881e-02	0.000000000000000000e+00
1.241703137111382205e+01	3.455134916249841814e-01	1.185842166129804460e-03
1.208178725559423405e+01	2.638873283558119953e-02	0.000000000000000000e+00
1.219145561690562829e+01	2.914939906902761502e-01	1.602149998844151681e-03
1.196425848181968199e+01	4.374094640787346000e-01	0.000000000000000000e+00
1.230692734883955097e+01	3.374027446105941075e-01	1.025471917316352890e-03
1.188952371163155419e+01	3.123737281752340667e-01	1.315632651260879816e-03
1.196620029214415482e+01	4.177259621541948298e-01	0.000000000000000000e+00
1.230018094187394340e+01	2.356179755412153853e-01	1.102010287204085656e-03
1.198969891576841285e+01	7.436177657898584981e-02	0.000000000000000000e+00
1.248039821611341793e+01	2.030950093965490366e-01	1.696591531626543466e-03
1.194727260911301414e+01	4.019645062125890567e-01	0.000000000000000000e+00
1.245837203171643104e+01	3.019395717829787551e-01	1.568600001257007374e-03
1.182145527231462268e+01	1.334654183474617839e-01	1.458929871891698031e-03
1.224955464576253306e+01	4.777887410344787700e-01	0.000000000000000000e+00
1.243078467761271888e+01	2.445829869240565557e-01	1.299382200585048105e-03
1.241369763777543511e+01	2.205675261860756964e-01	1.225528800278048074e-03
1.183075155419971480e+01	3.378902166792142059e-01	1.303055232547634589e-03
1.189521821309878469e+01	3.837618389609245839e-02	0.000000000000000000e+00
1.182682394795449987e+01	3.822698831589212976e-01	1.463805858918379443e-03
1.234202823179493080e+01	4.016680728291452951e-01	0.000000000000000000e+00
1.240451305709969887e+01	6.622429442830790602e-01	0.000000000000000000e+00
1.223976263265530307e+01	3.563871894247392924e-01	1.060231459347672983e-03
1.184478522855309102e+01	2.038126658658454549e-01	1.837070180513853757e-03
1.224645896650850752e+01	1.087684026173215135e-01	1.204055238999331926e-03
1.229134875942923166e+01	1.942204716996670799e-01	1.288799230948714991e-03
1.235787630422871430e+01	1.948666535224432284e-01	1.000602705892039224e-03
1.223943149587695167e+01	1.342047324094757521e-01	1.098263488460233563e-03
1.244553306157526862e+01	3.711222673278005146e-01	1.308879748648706818e-03
1.199226961039039452e+01	6.156779641624884336e-01	0.000000000000000000e+00
1.190290539636789902e+01	7.536630227187433861e-02	0.000000000000000000e+00
1.241412347710960340e+01	4.269923443991675005e-01	0.000000000000000000e+00
1.215745035659189632e+01	1.969358904108664543e-01	1.627543398330017800e-03
1.199237710814357882e+01	2.145289190645515709e-01	1.143964553618709605e-03
1.181111063470549105e+01	2.923282406662601196e-01	1.149799805299011679e-03
1.209382410283822651e+01	2.156684197802515857e-01	1.599463407474795412e-03
1.236839296048924730e+01	2.958368505072214161e-01	1.235486122595070863e-03
1.227051490177004212e+01	1.484254010949900560e-01	1.317018873856595470e-03
1.214943440054090829e+01	4.511045900378729545e-01	0.000000000000000000e+00
1.205681601216449117e+01	6.229593796706696107e-01	0.000000000000000000e+00
1.246864061020113823e+01	1.995954162226098172e-01	2.808697727820009312e-03
1.253965394522801624e+01	4.124257012559746638e-01	0.000000000000000000e+00
1.205198537822405669e+01	3.599848436564014320e-01	1.225203798687613888e-03
1.211866973225640187e+01	4.719116549648892933e-01	0.000000000000000000e+00
1.254855682146857809e+01	5.805612777035001892e-01	0.000000000000000000e+00
1.242376881606481476e+01	1.594013027245919367e-01	1.544615432227932532e-03
1.196069546682187834e+01	1.717469065537388651e-01	1.313972188451138865e-03
1.200460613335435234e+01	2.456490064534460616e-01	1.090041545899050933e-03
1.192617533797183249e+01	2.023716285889661515e-01	1.290675749991282862e-03
1.224746896050776002e+01	3.990551532316617411e-01	1.621915839544237330e-03
1.225059800918542763e+01	7.700831916208664141e-02	0.000000000000000000e+00
1.240964992382021670e+01	3.272244351892925618e-01	1.675215365985452962e-03
1.183608637056751789e+01	2.443847977778430547e-01	2.892991129577228860e-03
1.182503145875788952e+01	4.756813271667165166e-02	0.000000000000000000e+00
1.196744189934929636e+01	4.275458497936244218e-01	0.000000000000000000e+00
1.204910802644553769e+01	2.569717599540409791e-01	1.423525171374831781e-03
1.207267955892404210e+01	2.076393409526626765e-01	1.821798448055215233e-03
1.239250066957019669e+01	2.834163868536079822e-01	1.276740886750239593e-03
1.179654662967897139e+01	2.973430106684695762e-01	1.112347265272938457e-03
1.214181597649752931e+01	2.757639373745126576e-01	1.534072644735545807e-03
1.234251937476182981e+01	3.419244071028241794e-01	1.243721628240216943e-03
1.223716990114644432e+01	2.790999998358869583e-01	1.334334835022226882e-03
1.208679796863606981e+01	3.674507227579522639e-01	1.132899257694319154e-03
1.228853684788565914e+01	2.716196267235866935e-01	1.120422799206040364e-03
1.211320772949991564e+01	7.832311343839720719e-02	0.000000000000000000e+00
1.232450961887439789e+01	1.241943474825918381e-01	1.548770708580671663e-03
1.213795211629579107e+01	3.999208764647835257e-01	2.893230978346078303e-03
1.220986599875490342e+01	4.264771497583036419e-01	0.000000000000000000e+00
1.212417977121297774e+01	1.593115804868420193e-01	1.017170982903501395e-03
1.213291015155670216e+01	3.029052261004394619e-01	1.167551849390525542e-03
1.245521847838932139e+01	1.132614274608135796e-01	1.060615851458874756e-03
1.238019132335264416e+01	1.382947117960455496e-01	1.191023980160134735e-03
1.255405579073639899e+01	4.711907413864058203e-01	0.000000000000000000e+00
1.236370308192202572e+01	2.133824807470283136e-01	1.434500965220028915e-03
1.195730420715557329e+01	8.242871766015902324e-03	0.000000000000000000e+00
1.257390302680814465e+01	8.681233338765088625e-01	0.000000000000000000e+00
1.227684199984656388e+01	5.068621382143919663e-01	0.000000000000000000e+00
1.186022329988551149e+01	4.147315592574421506e-01	0.000000000000000000e+00
1.241429101529182155e+01	1.858759094202264983e-01	1.764546604309437860e-03
1.242008706125841044e+01	2.831694998764973104e-01	1.127601264847061160e-03
1.238788384413882326e+01	3.492325980097643612e-01	1.102672580684797626e-03
1.227517937556969940e+01	5.536341506514858013e-02	0.000000000000000000e+00
1.227199533975239909e+01	1.592315168499247591e-01	2.028651351478576517e-03
1.180947452106928885e+01	2.456535082288580918e-01	1.489543932852156706e-03
1.184477834509407401e+01	4.008953373500552253e-01	0.000000000000000000e+00
1.193784634657169619e+01	1.635652681150149279e-01	1.918016899669426666e-03
1.176555930962320318e+01	1.201404493247159311e-01	1.112536243433190179e-03
1.228564239644132527e+01	1.923723124220008407e-01	1.515489550517002499e-03
1.207472134274406983e+01	4.831931247283589026e-01	0.000000000000000000e+00
1.255801974797024556e+01	6.611873870259586949e-01	0.000000000000000000e+00
1.211239563246799378e+01	2.603429585269751434e-01	1.180809163754598535e-03
1.242635143358123528e+01	4.597412881051434752e-01	0.000000000000000000e+00
1.191274437120625151e+01	1.350302799311313973e-01	1.362694784728820784e-03
1.232404404990607460e+01	4.043592889842222982e-01	0.000000000000000000e+00
1.211591885149557335e+01	1.850669080826423951e-02	0.000000000000000000e+00
1.183289125965627520e+01	3.213127019303873011e-01	1.201531455478601056e-03
1.231929033951936781e+01	2.803971168755818866e-01	1.264758092017452410e-03
1.204417010012259581e+01	9.541138638101150093e-02	0.000000000000000000e+00
1.220706211005763997e+01	4.974425990551582799e-02	0.000000000000000000e+00
1.186864404332094480e+01	2.054191861611693037e-01	1.670636380353326391e-03
1.203891418170061200e+01	3.028803551018373064e-01	9.914961104884555381e-04
1.242134257179497681e+01	2.863142460675997536e-01	1.204002211108227928e-03
1.220104579201835016e+01	6.345876259536264996e-02	0.000000000000000000e+00
1.202012871667239402e+01	4.829456861108972765e-01	0.000000000000000000e+00
1.191520730924357707e+01	2.067590874745767748e-01	2.385789923100865156e-02
1.217029926851377652e+01	3.967911469203702080e-01	1.113876590418155961e-03
1.229107113803791052e+01	4.025453649702311898e-01	0.000000000000000000e+00
1.179733712973090398e+01	1.912370559777537005e-01	1.970043374042284873e-03
1.227061643044044459e+01	1.023035615393572406e-01	1.390460160388918556e-03
1.179887954081394241e+01	1.139704019762358411e-01	1.493449904570300166e-03
1.234129591010940352e+01	1.619774043435764921e-01	1.504693160612045021e-03
1.191417161695749094e+01	3.376654375817304543e-01	2.539686237878487508e-03
1.184893456040743587e+01	1.937887656985431695e-01	1.427245076722596972e-03
1.235468025448190410e+01	4.635173425803074121e-01	0.000000000000000000e+00
1.233755056457428623e+01	7.688339550382108922e-02	0.000000000000000000e+00
1.215383894463096759e+01	2.193985060398948028e-01	1.577297053307410860e-03
1.189290136267659825e+01	1.337432068609189506e-01	1.062841754690427038e-03
1.239533092988438945e+01	1.739738759873866725e-01	1.002925010072139951e-03
1.234174477083630883e+01	1.642208949945109520e-01	3.002837429622376257e-03
1.246829914338190726e+01	1.282958883829697361e-01	1.342046503310735921e-03
1.210852026134898907e+01	2.225907158410207198e-01	1.172154533282482964e-03
1.214647223601953385e+01	5.894345110505276875e-01	0.000000000000000000e+00
1.234497305803068201e+01	2.209882214108744303e-01	9.891613232374295642e-04
1.196439867856861028e+01	3.603352833747138217e-01	2.278423122409194233e-03
1.218461536129720280e+01	5.127363995727994839e-01	0.000000000000000000e+00
1.222261845260208624e+01	4.552008343171634053e-01	0.000000000000000000e+00
1.245781680947762560e+01	1.391710441602196369e-01	1.408072982066727215e-03
1.181139165356422005e+01	2.318287402302069700e-01	1.079002841558393197e-03
1.221806341817466013e+01	2.539814868214497201e-01	1.025486034746107399e-03
1.196215483101163279e+01	4.842158027978475943e-01	0.000000000000000000e+00
1.226794640520542146e+01	1.983803827229251027e-01	1.225879001151260542e-03
1.249774806720483333e+01	6.273375486555091696e-01	0.000000000000000000e+00
1.218391265298058279e+01	4.415400349460008034e-01	0.000000000000000000e+00
1.226247812005979476e+01	5.928908428293491184e-01	0.000000000000000000e+00
1.179019878971312707e+01	3.818156526677504714e-02	0.000000000000000000e+00
1.206652891347880541e+01	1.553017296306589690e-01	1.407542609874815054e-03
1.248722393504104922e+01	2.306746692670869348e-01	1.183274512661002193e-03
1.202855855868058832e+01	4.534029487809199122e-01	0.000000000000000000e+00
1.226788930695842517e+01	1.660869687508811920e-01	1.189007075663002294e-03
1.250948377554236046e+01	8.149269198006742210e-01	0.000000000000000000e+00
1.241515494168002398e+01	2.823005019229327117e-01	1.363426169846983097e-03
1.234721393642390908e+01	2.050631953850317324e-01	1.562653161575572151e-03
1.204234476394463371e+01	2.466781870733908422e-02	0.000000000000000000e+00
1.241728557360535490e+01	7.225989882664929365e-02	0.000000000000000000e+00
1.194018737033588806e+01	2.889699017111007073e-01	1.002831169761864757e-03
1.217293090832961866e+01	1.657136889944957336e-01	1.600323457826611758e-03
1.241903625138355416e+01	3.368827824635888257e-01	2.058828933430264466e-03
1.236742069587512383e+01	3.893124467279185374e-01	1.107752506415765267e-03
1.225098546713478775e+01	2.060413256500640555e-01	1.257029508409984904e-03
1.204790540048787584e+01	3.274694175895520587e-02	0.000000000000000000e+00
1.179062047448513262e+01	1.426537778332817585e-02	0.000000000000000000e+00
1.195314330660617408e+01	2.498871097595771473e-01	1.429672680442804636e-03
1.235431326535902130e+01	2.361152010258669998e-01	1.558829564437527173e-03
1.197593183087130164e+01	3.255000627908281596e-01	1.158729480045951176e-03
1.202329625778055444e+01	4.870288562842964297e-01	0.000000000000000000e+00
1.227185123742921924e+01	1.780698148223146815e-01	1.423489558715802794e-03
1.202910743027989859e+01	3.540698163749252392e-01	1.243608956763845880e-03
1.243871303500552372e+01	4.188432003190216690e-01	0.000000000000000000e+00
1.254533662577578035e+01	5.009419197289133319e-01	0.000000000000000000e+00
1.216287662040045703e+01	1.565009784775587276e-01	1.044503845693253068e-03
1.231031533071436002e+01	1.779984169064719457e-01	1.168673447645860548e-03
1.245030450564437885e+01	3.279850683762169927e-02	0.000000000000000000e+00
1.231331280126055461e+01	4.418569808167102098e-01	0.000000000000000000e+00
1.207733343977943896e+01	3.614578607487134443e-01	1.797400631097094284e-03
1.202978975975898912e+01	3.294105909874332494e-01	1.046824364977821204e-03
1.259069731552591342e+01	5.007934191055639639e-01	0.000000000000000000e+00
1.230827668191031776e+01	4.725169878779651444e-01	0.000000000000000000e+00
1.229284626041381934e+01	1.823507330326443743e-01	1.318452491198957065e-03
1.235646122151633719e+01	3.874729730308099085e-02	0.000000000000000000e+00
1.213167121552132066e+01	7.992455868086942861e-01	0.000000000000000000e+00
1.241771509471581680e+01	3.450695280975804025e-01	1.099510978448016993e-03
1.190489219404336119e+01	1.235219813457596738e-01	1.862889722149190224e-03
1.242696436668336979e+01	3.643486047942187112e-01	1.442896799651954831e-03
1.214492887241003238e+01	4.570996722554173664e-01	0.000000000000000000e+00
1.215801762858937352e+01	3.772092776661820079e-02	0.000000000000000000e+00
1.197213574763240906e+01	4.589038653778930166e-01	0.000000000000000000e+00
1.210624275665820448e+01	3.074755045003534359e-01	1.278736687569285513e-03
1.201756172233333331e+01	4.245566018275895859e-01	0.000000000000000000e+00
1.236019481947426080e+01	6.819671021636181107e-01	0.000000000000000000e+00
1.239225901789609630e+01	8.402118662611544886e-02	0.000000000000000000e+00
1.216544525543895894e+01	6.979390993230732976e-01	0.000000000000000000e+00
1.212104477342288611e+01	3.316205554546004519e-01	1.110530243687005234e-03
1.204934422037036867e+01	1.037042466398177543e-01	2.671302201464610150e-03
1.222088984705672310e+01	4.041428884619956974e-01	0.000000000000000000e+00
1.185265437110606257e+01	2.657714376931163414e-01	1.960618888530351635e-03
1.213961596603718007e+01	2.418934087010850831e-01	1.067002274759919949e-03
1.242577047692078729e+01	2.800335868531078076e-01	1.399098918647838016e-03
1.255387466670623375e+01	6.126631839763498899e-01	0.000000000000000000e+00
1.187530632480733850e+01	1.677433436112407694e-01	2.065907297114586479e-03
1.251624362521750555e+01	3.795466995398564802e-01	2.217850418658906097e-03
1.224683004099906825e+01	4.789348484677539153e-01	0.000000000000000000e+00
1.222961796432800163e+01	3.884087252171317117e-01	1.551125990043762453e-03
1.214134983005068769e+01	1.683121203044330161e-01	2.171526783080527084e-03
1.260129794834556805e+01	5.158283187493828414e-01	0.000000000000000000e+00
1.196308524022941100e+01	2.622737397445464302e-01	1.287700654417157746e-03
1.231176840517245452e+01	1.001279071112138319e-01	1.812283415149750334e-03
1.234282846374728138e+01	3.207606603914225918e-01	1.250381151612240619e-03
1.238675691131897594e+01	5.929871709911765931e-02	0.000000000000000000e+00
1.210717348899712320e+01	4.467819831956740262e-01	0.000000000000000000e+00
1.225620893139254797e+01	1.460544296487998328e-01	1.364825038952251863e-03
1.222175209524760398e+01	4.636527325026937318e-02	0.000000000000000000e+00
1.200245366147124138e+01	4.393103582773249527e-01	0.000000000000000000e+00
1.236236344043932611e+01	4.067736151307049797e-01	0.000000000000000000e+00
1.225599393728481346e+01	2.507589516215948389e-01	1.105262844001140112e-03
1.233127013149952589e+01	4.753713527659173543e-01	0.000000000000000000e+00
1.218621346940499528e+01	3.362479749085256486e-01	9.970888391796081055e-04
1.218352973570685194e+01	1.804142591723468525e-01	1.563261919002729419e-03
1.194287111481949459e+01	5.624273021040769871e-01	0.000000000000000000e+00
1.204688108013833592e+01	3.254754934886822104e-01	1.258507029189351962e-03
1.196848174549451116e+01	2.900722653315551680e-02	0.000000000000000000e+00
1.188027198897460401e+01	3.493055205858165424e-01	1.069449410742813120e-03
1.194826738641150321e+01	3.093883349816984873e-01	1.229226223688954876e-03
1.265947615934985038e+01	6.192704393584398392e-01	0.000000000000000000e+00
1.252219828297387849e+01	3.314404024151754169e-01	1.011788091368520616e-03
1.191409743364087959e+01	1.870716631213760195e-01	1.111750880798898335e-03
1.209350113138673599e+01	1.296190620490740575e-01	1.126264368315546115e-03
1.223631809245971169e+01	3.143694414084569622e-01	1.337260766283007371e-03
1.197499785021015661e+01	1.144203453397481390e-01	1.034823076033926587e-03
1.233650008953922850e+01	3.990285825277094522e-01	1.354543960996313929e-03
1.229402155229234950e+01	1.901703933233896138e-01	1.561793008033799009e-03
1.226890436130903694e+01	2.795934590754043936e-01	1.082054219831966044e-03
1.239093276160210344e+01	5.868075956531175752e-01	0.000000000000000000e+00
1.257449916255064792e+01	5.565045329995561563e-01	0.000000000000000000e+00
1.214158622324359627e+01	2.856542533078051949e-02	0.000000000000000000e+00
1.197818020742878886e+01	4.557974129354272486e-02	0.000000000000000000e+00
1.232691491330421130e+01	1.603501681403002865e-01	1.204343715701366741e-03
1.226148038799134987e+01	5.367153425250985599e-01	0.000000000000000000e+00
1.247698336938937125e+01	3.907667141907800179e-01	1.295087120159393174e-03
1.234465139720921734e+01	3.980767669419893462e-01	1.403576735184488503e-03
1.223117362024609989e+01	3.245806162455761035e-01	1.493279269709604827e-03
1.230365319674235280e+01	1.626507131537454631e-01	1.190095061790046775e-03
1.253227877511130650e+01	4.796737380557670738e-01	0.000000000000000000e+00
1.222080941022141687e+01	3.118250055103985452e-01	1.459854673185877498e-03
1.204372089072615282e+01	1.696812499885824721e-01	9.933528343314980674e-04
1.221066444665837558e+01	1.176347079893287628e-01	4.348520751758531110e-03
1.194679356242213331e+01	4.073118553415830401e-01	0.000000000000000000e+00
1.231845653365708593e+01	6.104774794325446008e-03	0.000000000000000000e+00
1.200974377202907739e+01	3.031143705021299151e-01	1.024894211556187000e-03
1.216788465055611645e+01	3.390718739134964688e-01	1.612544464710605327e-03
1.254460793781883687e+01	5.110868232399576883e-01	0.000000000000000000e+00
1.246326477306135061e+01	4.080566249849602589e-01	0.000000000000000000e+00
1.216052732513128198e+01	1.520683188070267589e-01	1.118240795017462616e-03
1.242994400826637325e+01	4.818917431908810722e-01	0.000000000000000000e+00
1.196276245866176069e+01	3.859353441646221627e-01	1.500673926432519135e-03
1.253915853002906111e+01	8.711550606087754556e-01	0.000000000000000000e+00
1.231710915604003631e+01	6.321441433416628009e-01	0.000000000000000000e+00
1.237359368444549723e+01	3.098203939162109954e-02	0.000000000000000000e+00
1.194136089983520144e+01	1.550139833945647083e-01	1.160032429125482187e-03
1.185543679625570057e+01	3.906067082586324180e-01	1.005691882704954666e-03
1.181866546467228929e+01	3.305555312633393639e-01	2.030138882073048625e-03
1.244428848507143037e+01	9.805649021983495195e-02	0.000000000000000000e+00
1.231187852039482777e+01	3.999940338178259447e-01	1.138353667640895845e-03
1.192266026024501535e+01	5.385340305231262059e-01	0.000000000000000000e+00
1.233952394482538395e+01	2.575043674105981228e-01	1.532540853800317760e-03
1.223304697861319035e+01	2.846473449693868174e-01	1.333166122795096786e-03
1.199608601197047975e+01	4.446559215997048509e-01	0.000000000000000000e+00
1.211424136419638486e+01	4.048596562558968159e-01	0.000000000000000000e+00
1.216448304223509247e+01	1.744456318942955719e-01	1.353943050156780669e-03
1.217430233243747750e+01	2.628133222260187751e-01	1.250647206736038792e-03
1.244647585852362681e+01	1.769164745798004479e-01	1.615041224271821169e-03
1.200646066420016211e+01	5.444913319330486612e-01	0.000000000000000000e+00
1.178894419807211413e+01	8.560874739060110594e-02	0.000000000000000000e+00
1.238256754596190312e+01	6.052273196591295701e-01	0.000000000000000000e+00
1.186119881161079626e+01	3.608119876461451936e-01	1.402011748844132853e-03
1.188697159417026228e+01	2.715280646339591764e-01	1.117600481092956548e-03
1.202524709251427382e+01	3.454987307045735978e-01	1.282015873579217709e-03
1.234672226670858741e+01	4.490747326869320988e-01	0.000000000000000000e+00
1.248726673363014328e+01	6.138899851973962374e-01	0.000000000000000000e+00
1.189392182766354722e+01	2.117923604278789673e-01	5.689132818228851383e-03
1.228466931790501526e+01	2.880707818687521238e-01	1.133932498810976503e-03
1.246022875565995136e+01	1.433879303975645891e-01	1.808832469657145657e-03
1.215231095619672530e+01	3.089173621851667439e-01	1.328851374937921673e-03
1.255359227727658755e+01	4.591642037207497307e-01	0.000000000000000000e+00
1.231217093299692777e+01	2.946721480690747130e-01	9.955368658607591670e-04
1.200542311368410431e+01	3.486650213333268855e-01	1.184933614731905780e-03
1.242521790461710118e+01	1.617875887134377355e-01	1.149308707986572940e-03
1.204164617024352957e+01	5.729319673573621263e-02	0.000000000000000000e+00
1.211577113539486028e+01	1.357057690250194626e-01	1.507666118952929492e-03
1.237384129836326174e+01	2.712644342665587183e-01	3.033884238029293905e-03
1.239457529011940196e+01	2.091214907729130323e-01	1.053614624921903531e-03
1.245820760705586316e+01	2.080078759731689708e-01	1.341963685504516052e-03
1.215459319840688934e+01	1.857507429828901546e-01	1.290738984191463611e-03
1.238617081983124457e+01	3.142624801994832184e-01	1.688140987246630450e-03
1.256305154826785042e+01	4.329090737519836196e-01	0.000000000000000000e+00
1.221566095054095591e+01	4.643471068057979934e-01	0.000000000000000000e+00
1.196335884498232005e+01	2.668469474974989319e-01	1.124176286367021193e-03
1.197560062704729056e+01	3.959801586463912448e-02	0.000000000000000000e+00
1.227816683935909836e+01	3.455470669176717302e-01	1.624275121718756930e-03
1.240179119161222587e+01	1.663667914048734819e-01	1.242669668763589277e-03
1.250838388911686749e+01	5.278527339555583175e-01	0.000000000000000000e+00
1.203973764625515130e+01	1.348426765049489107e-01	1.012672095243912851e-03
1.192644969130986965e+01	3.503154239658200497e-01	1.070763233340165082e-03
1.216587100070958627e+01	2.528111884866003356e-01	1.426011474948299905e-03
1.236312738444205017e+01	4.231880261802777321e-01	0.000000000000000000e+00
1.192569205559447632e+01	1.742936403171965742e-01	1.895093992543854218e-03
1.183273279657920796e+01	5.352694607303795649e-02	0.000000000000000000e+00
1.252564482247522193e+01	3.981977506869786021e-01	2.104339661268623402e-03
1.207509908169440038e+01	4.424708397199261789e-02	0.000000000000000000e+00
1.208819096649218494e+01	1.770633588593181484e-01	1.624519651453831467e-03
1.184338576175835200e+01	2.409913931093684014e-01	1.352989216278484459e-03
1.225172220185292637e+01	1.457392002830670275e-01	9.921711018163659104e-04
1.225012249323956759e+01	1.880047444196220052e-01	1.429725401720499927e-03
1.213382200723753712e+01	4.967758575422217548e-01	0.000000000000000000e+00
1.237117211638811121e+01	3.123184233377777064e-01	4.234566159078947435e-03
1.216011303825544765e+01	2.198808938175427496e-01	1.419256765728128290e-03
1.221031521922459184e+01	1.187205807621980191e-01	1.013486350116390381e-03
1.246877053365300902e+01	3.556981609495848407e-01	1.781973167276477889e-03
1.205967856512616798e+01	1.287824682719974634e-01	1.503252018668638093e-03
1.223933543228057097e+01	2.207544326897491471e-01	1.058426041943725518e-03
1.226655908364379854e+01	1.534031548612953821e-01	1.155014342818334264e-03
1.220768098028352533e+01	2.092069303096500410e-01	1.158162614025475554e-03
1.243086913429500306e+01	2.246674171431800593e-01	1.331750658242899024e-03
1.224843711600828655e+01	4.204481851131225967e-01	0.000000000000000000e+00
1.235081784027883067e+01	3.700652272188451608e-01	1.521554139634974639e-03
1.229348281451836122e+01	3.381301591276798524e-01	1.378051574307066892e-03
1.219469581613614118e+01	2.870663316537661602e-01	1.419133550311281510e-03
1.234795549286790539e+01	5.648312243728481619e-01	0.000000000000000000e+00
1.245329751926983342e+01	2.107317619076566062e-01	1.328552157484403978e-03
1.219212298364457148e+01	2.701991245779823414e-01	1.088430543544910726e-03
1.205327039062358097e+01	3.590979496615112065e-01	1.954958856176586355e-03
1.215379650401724909e+01	2.941579125007495188e-01	1.828538263024802237e-03
1.216087854212695518e+01	3.668391258360994556e-01	1.138342598972893723e-03
1.194213595159328456e+01	2.433131891842204020e-01	1.101891802054094172e-03
1.223177549994521662e+01	1.308342213921954156e-01	1.210402245008890742e-03
1.179847609341807058e+01	1.780904316771416418e-01	1.557237600667249608e-03
1.201760850362244248e+01	1.303759080176926377e-01	1.115278976681692699e-03
1.212542597147393231e+01	6.415339019503134566e-01	0.000000000000000000e+00
1.221412228615050566e+01	3.962102880381557224e-01	1.760582814143578411e-03
1.210876067622968044e+01	2.768427530375815460e-01	1.119138930258935195e-03
1.195794502351925281e+01	2.642730949870052415e-01	1.666192395639171098e-03
1.202008576371047255e+01	4.191554014889703472e-01	0.000000000000000000e+00
1.238052573501859221e+01	3.905519931832137082e-01	1.355949535716090802e-03
1.205639364882747877e+01	1.597086897075696565e-01	1.016577431206209907e-03
1.235317847227480037e+01	4.543280342893062373e-01	0.000000000000000000e+00
1.201632413828507673e+01	3.053889395768402681e-01	1.430358337628324017e-03
1.236845533844527800e+01	5.925247561178446087e-01	0.000000000000000000e+00
1.181407992436044552e+01	1.570366757707192251e-03	0.000000000000000000e+00
1.208777712433491658e+01	3.320571004148376582e-01	1.515033393674557628e-03
1.235979098887663596e+01	2.985091220080788310e-01	1.170842537030257133e-03
1.204115128206513141e+01	2.138864392897084910e-01	1.242699823584018362e-03
1.227206844852930701e+01	2.556779572177551030e-01	1.206923257958074976e-03
1.206365656447858825e+01	2.446066506140617269e-01	1.370544353095485158e-03
1.242408708755752933e+01	3.185500278679940234e-01	1.270259043046956119e-03
1.207062155452967644e+01	1.026629531927842065e-01	1.380006051119291120e-03
1.237332071873828632e+01	1.581355634202638305e-01	1.038698279955171467e-03
1.240233506826533372e+01	3.280017658671463554e-01	1.142144431471487547e-03
1.225809647302702743e+01	9.975726879595578356e-02	0.000000000000000000e+00
1.192997873488032390e+01	3.082037520054506374e-02	0.000000000000000000e+00
1.235720606765105245e+01	3.698271618592277599e-02	0.000000000000000000e+00
1.197377634475172847e+01	5.671369979550494600e-01	0.000000000000000000e+00
1.218324325416934606e+01	2.188300387182011419e-01	1.175382025415415638e-03
1.219937463651596055e+01	1.823245613266981091e-01	1.098219441059256930e-03
1.205865466668446651e+01	2.738342693981774545e-01	3.835859735037260281e-03
1.228639615072960289e+01	2.502718549885794008e-01	1.265933506044850674e-03
1.250558548765516953e+01	4.015598048668153064e-01	0.000000000000000000e+00
1.212835043909561250e+01	1.614053455990337727e-01	1.301235140202487836e-03
1.246552328897365491e+01	2.407826524380094479e-01	8.940489485392765293e-03
1.191706333454540179e+01	9.958377867644914450e-02	0.000000000000000000e+00
1.190985728729725857e+01	3.002004806193983022e-01	1.979494770538510213e-03
1.189737745954083969e+01	2.013571037479821024e-01	1.403838215704989161e-03
1.191560964438973258e+01	4.395007032103437905e-01	0.000000000000000000e+00
1.196605088478904833e+01	2.142427624956844412e-01	1.558646344993669603e-03
1.178544260946392619e+01	4.747234760923152441e-02	0.000000000000000000e+00
1.196643474502552706e+01	2.094634742620202217e-01	1.961162884231423559e-03
1.226788199092608345e+01	2.200647932350846547e-02	0.000000000000000000e+00
1.220326449320632811e+01	5.038625389777525720e-01	0.000000000000000000e+00
1.204415077611274043e+01	1.580584785266514192e-01	3.565428805323873820e-03
1.232827425812598321e+01	7.258278549948371516e-01	0.000000000000000000e+00
1.216814211012633429e+01	3.960972807193151590e-01	1.588275981584085167e-03
1.224348142344396528e+01	4.800808145821128248e-01	0.000000000000000000e+00
1.232081523811121571e+01	3.807261987635441880e-01	1.506004938119780015e-03
1.218746946290506372e+01	3.035410802058896573e-01	1.301911242978349460e-03
1.205356490453125318e+01	1.685092998772553252e-01	2.910697934053736984e-03
1.213158363796700101e+01	4.356408163919933130e-01	0.000000000000000000e+00
1.222155238604630689e+01	3.138724926859627617e-02	0.000000000000000000e+00
1.183958524466420492e+01	3.305318448713964741e-01	2.077535300839145841e-03
1.241739716074262923e+01	3.803242020820351010e-01	1.983317272619362481e-03
1.224482475778321167e+01	1.262091616931112492e-01	1.015214747014017444e-03
1.248260112930265464e+01	2.279817058629233784e-01	1.024640398964257086e-03
1.188448505568299574e+01	1.524648655915631090e-01	1.855569902827955680e-03
1.211893347512785901e+01	4.248550694643872805e-01	0.000000000000000000e+00
1.192808714083826160e+01	5.556940030432611088e-01	0.000000000000000000e+00
1.241025725795532431e+01	7.259123821847293101e-01	0.000000000000000000e+00
1.218746390979294603e+01	2.578315643510486477e-01	1.535759829679036450e-03
1.216041930198365506e+01	9.340978927186199821e-02	0.000000000000000000e+00
1.206810978523929734e+01	6.236227788838061281e-02	0.000000000000000000e+00
1.242827146955779227e+01	1.796926293878099989e-01	1.647143282199067284e-03
1.212186513032594704e+01	7.792558997981874347e-02	0.000000000000000000e+00
1.194612560064811113e+01	3.486307840757595367e-01	1.600595323925979368e-03
1.200313798988443637e+01	2.775510081162644860e-01	1.654839947262133929e-03
1.182242182818661469e+01	1.048115640437015383e-01	1.367802462755364403e-03
1.196904882081605237e+01	2.490582668267741495e-01	1.100904438585852086e-03
1.233547741153027744e+01	2.953696379572563480e-01	1.433148057509543109e-03
1.243632677591955549e+01	2.122754603876436108e-01	1.168403094863835470e-03
1.201908210533339627e+01	5.310824103249001116e-01	0.000000000000000000e+00
1.233616625733491823e+01	1.091420215804137367e-01	1.108577499212491787e-03
1.190902158793282517e+01	4.290265797885453036e-01	0.000000000000000000e+00
1.181243540549224669e+01	1.112891493974642043e-01	9.886566339169006092e-04
1.242626989272092608e+01	3.560285758555150060e-01	1.035477293637529798e-03
1.201640697084008025e+01	4.892966820466558564e-02	0.000000000000000000e+00
1.225782964267748198e+01	5.780384306565202746e-01	0.000000000000000000e+00
1.204772429927005106e+01	4.263485229645470609e-01	0.000000000000000000e+00
1.230160715642435498e+01	5.983956183464866907e-01	0.000000000000000000e+00
1.234853226252601566e+01	3.289726837367932255e-01	1.071612066023783661e-03
1.181669542016509311e+01	3.469907986081585682e-01	1.587136434677350813e-03
1.202197496974268631e+01	2.230347302388644704e-01	2.177114282859404261e-03
1.223988035744018710e+01	1.589048945632431931e-01	1.018863657539825383e-03
1.209876371431868591e+01	3.410743318276085456e-01	1.084737856609400064e-03
1.261135420713947219e+01	6.710027429415845734e-01	0.000000000000000000e+00
1.204549725191125908e+01	2.489064005325068163e-01	1.827462191192369629e-03
1.204417136632328678e+01	3.991807765023000498e-02	0.000000000000000000e+00
1.240937859010354494e+01	1.579340760947134936e-01	1.216273144267834795e-03
1.192743291614578816e+01	2.918187140793226386e-01	1.191843147848126042e-03
1.200081530088799298e+01	4.934821302355271166e-01	0.000000000000000000e+00
1.205838386633780068e+01	2.816512291913552679e-01	1.717333658526102929e-03
1.192767047608067799e+01	1.296632955706155110e-01	1.004681110180859335e-03
1.215752384922613416e+01	4.548631702503511676e-01	0.000000000000000000e+00
1.220049069552297105e+01	1.271831256192604287e-01	1.573318011547937068e-03
1.223678520316121343e+01	1.999612288929364379e-01	1.437840757442975653e-03
1.182239849309731383e+01	3.184778279025182179e-01	2.554475545646495930e-03
1.216881143683569277e+01	2.763762509196474593e-01	1.349385175957109814e-03
1.233313001824363475e+01	2.928003820838094295e-01	1.177381824100388105e-03
1.229873544591326429e+01	3.036373263359141150e-01	1.448148593234759073e-03
1.208192143436180999e+01	1.765471978497754058e-01	2.197646123084763450e-03
1.215143111566207779e+01	1.763884340179940058e-01	1.003320307620626491e-03
1.204139687564777716e+01	2.053813835783079855e-01	2.603090486315569156e-03
1.211869849573480629e+01	1.779208053612283125e-01	1.483853220644475385e-03
1.208254223460261834e+01	3.310332715408392801e-02	0.000000000000000000e+00
1.205687754183908744e+01	9.891524228251188933e-02	0.000000000000000000e+00
1.219778777899981570e+01	7.964520207043360167e-02	0.000000000000000000e+00
1.222073428852451293e+01	5.251606824164872789e-01	0.000000000000000000e+00
1.245578306852543093e+01	2.652310925136591169e-01	1.028585597872377086e-03
1.235954617278255618e+01	5.450337208765660968e-01	0.000000000000000000e+00
1.226383096047584509e+01	4.486373279493948152e-01	0.000000000000000000e+00
1.218188394834313826e+01	3.106563082215226812e-01	1.388272442591068903e-03
1.224936555180916997e+01	5.133775126393430588e-01	0.000000000000000000e+00
1.201447233725774666e+01	2.203265221697743859e-01	2.508533773409544164e-03
1.196711295720608170e+01	4.215955181890840286e-01	0.000000000000000000e+00
1.205473423883338668e+01	2.237078444180840009e-01	1.567448191732657894e-03
1.231602857410318563e+01	7.038557439643129410e-01	0.000000000000000000e+00
1.215253310356787075e+01	1.317324094127352296e-01	1.066063131704904701e-03
1.206169492341235738e+01	7.177677260635673129e-01	0.000000000000000000e+00
1.208229020443754820e+01	2.040626403131449718e-01	1.219361476851182641e-03
1.246914589650355154e+01	4.103239746957203504e-01	0.000000000000000000e+00
1.184250778604248566e+01	1.035845704205755891e-01	1.052149332123097523e-03
1.231843074597657228e+01	3.396095395688116803e-01	1.410941180899355583e-03
1.231762259521294745e+01	7.509089704571686452e-02	0.000000000000000000e+00
1.237180656325665851e+01	5.714308806750936220e-01	0.000000000000000000e+00
1.205885523128367609e+01	1.527143013976612063e-01	1.097057765797300596e-03
1.237136685178178119e+01	1.611819432048621770e-01	1.189698928458135995e-03
1.220147312365081760e+01	1.711636268057286081e-01	1.036608867971191509e-03
1.177844278924161259e+01	2.133506674754806209e-01	1.201459943431266693e-03
1.227158058454507206e+01	1.908233138290594821e-01	1.276391586687533174e-03
1.207091471063435151e+01	5.500002654738322949e-01	0.000000000000000000e+00
1.237910906421384460e+01	1.463813935596880444e-02	0.000000000000000000e+00
1.221808403099304385e+01	3.644124252850698964e-01	1.310304384379257355e-03
1.212710866397251763e+01	5.145996274982155005e-02	0.000000000000000000e+00
1.215813583276708165e+01	2.033377551721464727e-01	1.681235741792088800e-03
1.183666609057562269e+01	3.060902289088853201e-01	1.370616710009094118e-03
1.237812214060122251e+01	2.624871747028428848e-01	9.967440704593351266e-04
1.238606598445753626e+01	2.333939674750513948e-01	9.991997335623338007e-04
1.204739040252693449e+01	5.311631443513102624e-02	0.000000000000000000e+00
1.249773389708984084e+01	3.026285684199593318e-01	1.293314069917256932e-03
1.204393149980504774e+01	1.705519138863715312e-01	1.069128257084849638e-03
1.243844290704803335e+01	5.702728164655490595e-01	0.000000000000000000e+00
1.216087573244604414e+01	7.181798497072644505e-01	0.000000000000000000e+00
1.199609122720953458e+01	2.321942366127597579e-01	1.915439887253370934e-03
1.209355255658746309e+01	2.358409450272133667e-01	1.858100785961325002e-03
1.239435629199791933e+01	3.290437674426054393e-01	1.541281114421740994e-03
1.178840421342694178e+01	2.625260370871339566e-01	1.032714374974881338e-03
1.235615338218736525e+01	2.240276653954164088e-01	1.481323435986777381e-03
1.193512760509950255e+01	9.164824933425286257e-02	0.000000000000000000e+00
1.213003283677926980e+01	1.521546841482472323e-01	1.849589020033904881e-03
1.185927937085842387e+01	3.136963030786560358e-01	1.257250666130705838e-03
1.186404019663990184e+01	1.949840385064369741e-01	1.197665908441286490e-03
1.188776326316733112e+01	2.870957575232052639e-02	0.000000000000000000e+00
1.228550993619669818e+01	1.511478222127547455e-01	1.208784249259218591e-03
1.240832319077704504e+01	3.524135787664675612e-01	1.309011470634186469e-03
1.243055790811482630e+01	2.773459983522651440e-01	1.317550781698819187e-03
1.223722681904333953e+01	4.626015918455433917e-02	0.000000000000000000e+00
1.195903655869853566e+01	2.336904915807472283e-02	0.000000000000000000e+00
1.238679596307222930e+01	4.108581952699307260e-01	0.000000000000000000e+00
1.250093014616874321e+01	3.265901993290092342e-01	1.062685044282276042e-03
1.199150800817129436e+01	2.362925597255051968e-01	1.180382798432415021e-03
1.238669334604532857e+01	3.176298147321575671e-01	1.503913363056613153e-03
1.218866787260280127e+01	6.659116879667964506e-02	0.000000000000000000e+00
1.212926052718933789e+01	1.116309351432225733e-01	1.030937309370644119e-03
1.217214937837892741e+01	2.607798681940141083e-01	1.070567115412035964e-03
1.223478150222603489e+01	2.365634351105118383e-01	1.209488163518653361e-03
1.251954561229653429e+01	4.883341749217029459e-01	0.000000000000000000e+00
1.237442586319355442e+01	1.534027731902439240e-01	2.134087521436971949e-03
1.190996778296729630e+01	1.173671878497085652e-01	1.420648631705040323e-03
1.239621275271830925e+01	2.766736317126227140e-01	1.474969325701858082e-03
1.237813116799212487e+01	3.387162582915775322e-01	1.326972443407488508e-03
1.255194467374648681e+01	6.476282538191149296e-01	0.000000000000000000e+00
1.189013590151870581e+01	2.391040413238006979e-01	1.437299609214619679e-03
1.187538946817082319e+01	2.270991069666165318e-01	1.055027175110832566e-03
1.244723170991797545e+01	1.914961789230295308e-01	1.395348205935722933e-03
1.198775885863130775e+01	6.640157572706336664e-01	0.000000000000000000e+00
1.218416036564668836e+01	4.480557598680759424e-01	0.000000000000000000e+00
1.243524848485427015e+01	2.913353370700659806e-01	1.664721563913393494e-03
1.214771771726515226e+01	6.103255313122520898e-01	0.000000000000000000e+00
1.219445471642716150e+01	3.540533028457734654e-02	0.000000000000000000e+00
1.249854244383749524e+01	2.852714050088692166e-01	1.036636162365678696e-03
1.239052291683383622e+01	2.299456964192577724e-01	1.373272943686072896e-03
1.219815646637409934e+01	1.254289600006131544e-01	1.643291095985586732e-03
1.192156200057414672e+01	1.029349950173241296e-01	1.341252169149064356e-03
1.221842620549961644e+01	3.168540163570259249e-01	1.144510916062309834e-03
1.257779842251094315e+01	5.602655429358230910e-01	0.000000000000000000e+00
1.259469905057016881e+01	5.111281826988599564e-01	0.000000000000000000e+00
1.218681240753696393e+01	2.391228909139626879e-01	1.238044551488360397e-03
1.242065612876751146e+01	1.609588383715014337e-01	1.320764878143529343e-03
1.248613425283360812e+01	4.213222135295721649e-01	0.000000000000000000e+00
1.204981761133745444e+01	3.690574629998954470e-01	1.242984652259386839e-03
1.200047413399829921e+01	8.574254124822033862e-02	0.000000000000000000e+00
1.194087792899515676e+01	1.676262490465229016e-01	1.007976716113577345e-03
1.257502942670667245e+01	7.001846640579878489e-01	0.000000000000000000e+00
1.202139482254716185e+01	1.657087884351710616e-01	1.114467037684960032e-03
1.212176232101821149e+01	1.652739376913415770e-01	1.291477859247015846e-03
1.190976296204269325e+01	5.225347368207073906e-01	0.000000000000000000e+00
1.197621838942068884e+01	3.073522160555953175e-01	1.054275532260128467e-03
