-5.192978338532663191e-02 1.000613393236206239e+00 5.229196506873418700e-05
-4.064757154356542224e-02 1.001697354961985642e+00 5.095190313519229686e-05
-5.239181544121159634e-02 1.001549731014920397e+00 5.177438246361006763e-05
3.863088029672723245e-03 9.983325179505089242e-01 5.528288876689721270e-05
2.695140820324921915e-02 1.004243959017280696e+00 5.582294542396328712e-05
-6.240643797108461066e-02 1.001084371001342621e+00 5.309866505107623371e-05
2.624420774445714033e-02 1.003936977127861896e+00 5.567907425325344827e-05
-7.156864785965140474e-02 1.002218869356673370e+00 5.380424254391913457e-05
-4.151321883002222907e-02 1.001455797128161462e+00 5.110374050017960226e-05
-3.840891770478330886e-02 1.001580700557191950e+00 5.091819439533746969e-05
-4.217036224516283044e-02 9.982908034533115593e-01 5.374234264194570847e-05
-5.260763684027066484e-02 9.983202202586223262e-01 5.450875840326506856e-05
-7.279311210013517108e-02 1.002455118898767594e+00 5.390406077089361138e-05
1.733917756699127066e-02 1.002929606337293666e+00 5.412535214582270927e-05
2.227786131538428416e-02 1.002496222876460452e+00 5.514912431674972150e-05
2.051210638357114924e-03 9.995924248038192683e-01 5.376623179386481633e-05
1.647580748480244328e-02 1.001889448421058093e+00 5.432240361345216868e-05
-8.140673223400680947e-02 1.004087315084543963e+00 5.503775157746162462e-05
2.933408213412633248e-03 9.989888681478787946e-01 5.444574052457374746e-05
-6.406374909428955156e-02 1.000016949104314268e+00 5.411524490472939628e-05
-9.534855198982238045e-02 1.006960335008519447e+00 5.856212073597578867e-05
3.867025854385530703e-03 9.995049130829077866e-01 5.406269025422053302e-05
-6.033370257500295791e-02 9.992413614475947892e-01 5.435318266839009782e-05
-5.486285571371540826e-03 1.001295481717832336e+00 5.183466696781327993e-05
1.646642867598464843e-02 1.003969208893707998e+00 5.385142409777653313e-05
-9.243438499783174223e-02 1.006475815946496599e+00 5.767337276433304725e-05
-3.698108713741127263e-03 9.979975254104782589e-01 5.484002809293791867e-05
-4.245741474584063813e-03 1.002022567185108848e+00 5.162044437282727597e-05
3.831814718275737552e-02 1.006562438531412695e+00 5.906506194693319687e-05
-1.227666761888540625e-02 9.969261120280354938e-01 5.561031514064757069e-05
1.783251934296964381e-02 9.998185316331628103e-01 5.592727466001614088e-05
-9.047858652039712790e-02 1.005217264215452655e+00 5.695460526372391700e-05
1.373726711038053550e-03 1.000435449313989311e+00 5.302204845241634284e-05
-6.550746018556137529e-02 1.003109187809809510e+00 5.262471174906114695e-05
-1.210140906678720818e-02 9.995892993099579904e-01 5.252538284484353754e-05
8.062343761798138053e-03 9.986788764059928436e-01 5.545858826988816836e-05
-6.439984539684487364e-02 9.987334612160321257e-01 5.545999046225583742e-05
-1.237365488230099397e-02 1.000723917076596914e+00 5.167057831217847799e-05
-6.993983333660597212e-02 1.003766117076047237e+00 5.312317557090447362e-05
-2.165133867867098660e-02 1.000804593636700934e+00 5.123917604027913728e-05
-9.235489493624710056e-03 1.000622378857028538e+00 5.193607285497710909e-05
-8.560930736176809719e-02 1.005363672853910373e+00 5.590084532273230746e-05
1.162364039345555045e-02 1.001374646086595321e+00 5.379036372937359071e-05
-6.432051219858231361e-02 1.003119598710599636e+00 5.246913387447115564e-05
-2.310111666979815237e-02 1.000129081247212781e+00 5.166158159642223228e-05
-8.668663164258534615e-02 1.005378360410231320e+00 5.612954305968592201e-05
-2.961967813142050987e-02 9.967059783073874968e-01 5.547146396051946289e-05
-7.629336519588858501e-02 1.004751150464866294e+00 5.408972402542528346e-05
7.782246871758866091e-03 1.003082689534835481e+00 5.264734060826678979e-05
3.070492990207475403e-02 1.004224246629095818e+00 5.664876296727044795e-05
-6.378877231803048442e-02 1.000012607355752259e+00 5.408115733162568647e-05
-6.283183992495197656e-02 1.000385948530620350e+00 5.364577931811107344e-05
-2.303711795085451597e-02 9.971565072758442616e-01 5.483999153660692441e-05
-7.220546143514119941e-02 1.003337447702577157e+00 5.354060758015818114e-05
-5.449015071912603758e-02 9.977351945198803529e-01 5.544831272055488391e-05
-1.812488084865553073e-02 9.982369522453081734e-01 5.359008808724400827e-05
1.163390976313025127e-02 1.001905260602211190e+00 5.354004011664731453e-05
-8.788057547612318499e-02 1.004371286440159716e+00 5.636143510127004745e-05
-4.667413282099673599e-02 9.975223590282278341e-01 5.501519082920080378e-05
5.405904024164562283e-03 1.001515132621620729e+00 5.285998271457931821e-05
-6.459160382075307405e-03 1.001229188722751129e+00 5.178960262327140157e-05
4.023220809376594487e-02 1.007360481416605058e+00 6.001983494332780372e-05
-4.613892065014131572e-02 1.000450435565926943e+00 5.196456324980572278e-05
3.099189571159695344e-02 1.004274792125917859e+00 5.671500166462353911e-05
-9.043789342419228383e-03 9.999781018533042687e-01 5.240821797256126215e-05
-2.663744798532492741e-02 9.992261811621302448e-01 5.237483386658419121e-05
-5.659485848431144300e-02 1.000860161639708146e+00 5.257211165314218041e-05
2.460377516967843237e-03 1.000369173904669839e+00 5.319259486474828204e-05
9.393250054843746422e-03 9.987469743315651183e-01 5.557976070326009211e-05
-1.252931127738624029e-03 9.979070188523616602e-01 5.520190429128913001e-05
2.975977866429087293e-02 1.004430779930876483e+00 5.643972052952199892e-05
-2.073040185300813187e-02 1.000102236536923872e+00 5.173658525705970108e-05
-6.135962319793536457e-02 1.003093682428520372e+00 5.211686058233623505e-05
-3.715977107362135323e-02 1.001218827930523636e+00 5.105753492886754127e-05
-7.366008566988402340e-02 1.001232515317142191e+00 5.468888852312970780e-05
-5.677445882625395401e-02 1.000113062141024134e+00 5.313918412062013167e-05
-7.794521098048140528e-02 1.003802805331132086e+00 5.442552328586563608e-05
2.664621750423655511e-02 1.004489523198103029e+00 5.576877702609932551e-05
4.116192254003808726e-03 9.995766965628123391e-01 5.402906451597427602e-05
-8.023713841583181294e-02 1.005149213614865200e+00 5.481974182106336276e-05
2.561339652205545103e-02 1.003062428979642817e+00 5.566464125234725041e-05
-8.452164926425637104e-02 1.004908919165966585e+00 5.563538191472357236e-05
-3.755420795997440470e-02 1.000228717603085737e+00 5.169769835689361139e-05
2.341119086336204691e-03 9.999103613079811659e-01 5.353001010184070736e-05
-6.759154638282582894e-02 1.001409633828096002e+00 5.360889703321077893e-05
-5.469858619174146341e-02 1.002563542397378438e+00 5.156914706964538253e-05
-7.661425638366513302e-02 1.003293267228247521e+00 5.428732911260085724e-05
-3.548525430053103835e-02 9.981818762272562928e-01 5.358425393412176392e-05
-3.244028870396696573e-02 1.000506623008955875e+00 5.137752363370807579e-05
-5.719484461878861226e-02 1.002482038743386150e+00 5.183610940090336504e-05
-1.452218423534401559e-02 1.000322607453262291e+00 5.181931862399484344e-05
-6.167538325817649436e-02 1.000046544670670112e+00 5.377198429149520362e-05
-1.669361805034882962e-02 9.993387180611562615e-01 5.251039736192373057e-05
-5.904073700366028327e-02 1.000389794049983960e+00 5.317449872407826642e-05
-8.281683163914385637e-02 1.003757674298322300e+00 5.536364161658040712e-05
2.314343536095937737e-02 1.002658185190590245e+00 5.526825174491420791e-05
-2.794004384552561948e-02 9.994808184838224197e-01 5.213972996048954538e-05
1.603755029898575046e-02 1.003643285357830761e+00 5.379681574019336873e-05
-5.251470566865568818e-02 1.000635589970164885e+00 5.232819973245866511e-05
-6.453698004602106963e-02 9.993608040958411598e-01 5.479830834754962108e-05
-1.006776261490177765e-01 1.008850089525584526e+00 6.110132398386844345e-05
-6.460130455385931780e-03 1.000351938353381209e+00 5.232785331285990879e-05
-6.151642248442241306e-02 1.000848095725348497e+00 5.314156351250328683e-05
-7.016713254133263855e-02 1.004110254664412283e+00 5.312552515701506652e-05
1.123422728165963946e-02 9.997096555105293714e-01 5.490559727066806717e-05
7.230133201792790509e-03 1.000987044023526007e+00 5.338247268862319952e-05
-7.979782575097929542e-02 1.002051940964456822e+00 5.534835912202629182e-05
-5.709139847408443991e-02 9.998779484506438164e-01 5.337094024289580185e-05
-5.834082196955407695e-02 9.986896493588277579e-01 5.470285272139938375e-05
-1.004400309049337386e-01 1.008769415080995602e+00 6.097275017991236955e-05
-6.713049849137656122e-02 1.002887640025610150e+00 5.290155639329298430e-05
-3.619249799413121194e-02 9.969690705659959296e-01 5.521801705336354870e-05
-1.098714986975141139e-02 9.991173793816291449e-01 5.302514084019723314e-05
1.824373657349590006e-02 1.003139675660255969e+00 5.423859418934767930e-05
-7.548859909765176512e-02 1.003672856051395668e+00 5.401529511212449969e-05
-8.858941027973253612e-02 1.004450234264509412e+00 5.651496744326440971e-05
-2.362704731258630231e-03 9.997813674302156173e-01 5.313187244268741306e-05
1.797052147241297304e-02 1.002115499335234583e+00 5.448786037771385932e-05
1.249871227305965338e-05 1.002143987567788219e+00 5.198211426940533056e-05
-4.333668106223294292e-02 9.974963190742516250e-01 5.481833860841031571e-05
8.764848726435070514e-03 1.002606338259942831e+00 5.288646013920034406e-05
1.804364417207408866e-02 1.000026786296451808e+00 5.578598755418753011e-05
1.859381739874291228e-02 1.001507294662005831e+00 5.487818035660839698e-05
-2.587261991612897771e-02 9.977804894922440715e-01 5.396669488661549121e-05
-4.798099099124267936e-02 1.001763481391281019e+00 5.133143951987474642e-05
1.288010974490441662e-02 1.002229926742173038e+00 5.360337401785515433e-05
2.898201613629518281e-02 1.005106491029671645e+00 5.634645605042679832e-05
1.033717240551679240e-04 1.001815900766706235e+00 5.211709945320078399e-05
-6.354801539382658182e-02 1.001763891407402296e+00 5.286160815505254289e-05
1.190357366581573650e-03 1.000404713687806701e+00 5.302328814972744406e-05
-9.490779971166571349e-02 1.006944430607104035e+00 5.844633429191159864e-05
-6.508980907441105912e-02 1.002372127602079610e+00 5.279642717018135566e-05
-7.902888870960006473e-02 1.004911321901574617e+00 5.457764431897605800e-05
-3.985626551103841481e-02 9.992968445524814669e-01 5.256676878092678812e-05
-5.133095755165371921e-02 9.979858391171492205e-01 5.479974179754458854e-05
-3.986152912579310481e-03 9.982509666707490847e-01 5.450716336436111319e-05
-6.389739607642194730e-02 1.000714959019383565e+00 5.354151160709661345e-05
-7.344499750512846481e-02 1.001456456603908807e+00 5.451117710394605154e-05
-5.308209489911328016e-03 1.001872288918678189e+00 5.158733656213792000e-05
7.011245228458889978e-03 1.000944115776674748e+00 5.337910682911431253e-05
-6.064401091259110504e-02 1.001592452725916793e+00 5.259137667734882271e-05
-5.956386559140681991e-02 9.979966557018394857e-01 5.570329886157354205e-05
-7.016974628099123534e-03 9.985707284633121850e-01 5.387774607086054699e-05
9.521117333161424612e-03 9.998287510285086555e-01 5.454340904656137558e-05
-7.628862927658937310e-02 1.001254910598350145e+00 5.514565610669782916e-05
-6.839972604067524886e-02 1.000961012091725388e+00 5.401403119603832143e-05
-5.235716724147257417e-03 9.996332912804269943e-01 5.299177787322832900e-05
-9.026600426007021227e-02 1.006868497961792563e+00 5.732259753922426163e-05
-9.241478877719742913e-02 1.005707351489266488e+00 5.747348584108396061e-05
-4.979913535135423869e-02 9.973430234641150749e-01 5.552642179120704022e-05
-6.392337404282355529e-03 1.000096630717139279e+00 5.251997746936446534e-05
-7.821238770176058841e-02 1.003311602726711715e+00 5.457056994251470656e-05
-2.426687718731276866e-02 9.990967729357221883e-01 5.252074112542121776e-05
-4.622531552031369784e-02 9.973854690824357494e-01 5.517093240519396324e-05
-6.100386931209737101e-02 1.001647485558577744e+00 5.260557405989370528e-05
-9.480727586439667565e-02 1.007110783180367841e+00 5.849448860401044748e-05
2.479361185965302250e-02 1.005211627114258821e+00 5.549204374472805810e-05
3.598799044726291863e-03 9.996748987472011683e-01 5.387858018232660127e-05
-9.970508181786533197e-03 1.000204636472341369e+00 5.217269006634984790e-05
-6.964614176686961811e-02 1.001405985486681915e+00 5.392107636665509308e-05
-6.920937431635312831e-03 9.985491346927382050e-01 5.390926575801889174e-05
-7.675858782936487157e-03 1.001436418844675158e+00 5.159116092745665770e-05
-8.251615709601840820e-02 1.004204413619913971e+00 5.524459038667676330e-05
-2.989354872957281084e-02 1.000038235920215568e+00 5.168666911629495671e-05
-5.748783002916629109e-02 9.986029352971336204e-01 5.470095215140092441e-05
3.104439711519248191e-02 1.005459761572715882e+00 5.688498194726290786e-05
7.392621538767671363e-03 1.002719595471139868e+00 5.267336845574317907e-05
-3.500985963077306307e-02 1.000975204265670770e+00 5.113438780419292845e-05
1.459055875531865831e-02 1.002152784346674208e+00 5.390200753739980173e-05
-1.258889510754246377e-02 9.982126644234634583e-01 5.388850633096552086e-05
1.348475509294759511e-02 1.000925351687541376e+00 5.434064301138205307e-05
3.429872805757595844e-02 1.006582466702074630e+00 5.806260919195144877e-05
-6.837340676011552376e-02 1.000833468861883402e+00 5.409887058571449689e-05
-1.426851118072651470e-02 9.977649376513272328e-01 5.433941420513950288e-05
-8.558512957272569610e-02 1.004376328012167585e+00 5.586189682675549720e-05
-7.564250905055773522e-02 1.002933629847996944e+00 5.421653906079927117e-05
-8.950524757928060571e-02 1.006075564310403125e+00 5.688167556190569182e-05
-7.527903944638414391e-02 1.002271550434833181e+00 5.440265062979527121e-05
-8.585744409634034346e-02 1.003665810482499809e+00 5.601808608764949208e-05
3.144206243968841741e-03 9.978294107820201431e-01 5.581403836803025417e-05
-4.393918530302481917e-02 1.001044120426361594e+00 5.144874907737232784e-05
3.011236670291637940e-02 1.003721072854362850e+00 5.653825703107425354e-05
5.072212522948538194e-04 1.001017810924115681e+00 5.255555154957652610e-05
-6.700135686004596303e-02 9.989987950915906190e-01 5.555249162383137242e-05
-5.509969784003260207e-02 1.001046065492183113e+00 5.230328447031747059e-05
-6.716959513253709102e-02 1.002350091976114799e+00 5.308905284242953495e-05
-1.388350359304243997e-02 9.983490844128279917e-01 5.365748843723373141e-05
-5.594294225461665659e-02 9.986596589208251995e-01 5.446027632568692481e-05
-1.015955065815152270e-02 9.972174172603833764e-01 5.533031702617519608e-05
-4.420504974867582593e-02 9.972316124838173090e-01 5.524533392541736403e-05
3.443251967754505649e-02 1.004534917659159809e+00 5.754390791088706357e-05
-7.602503230034453330e-02 1.000670666082903670e+00 5.551948768256855828e-05
-8.227909509319522585e-02 1.003418433813387356e+00 5.532655238518707590e-05
-5.042535804656576859e-02 1.001733979386674189e+00 5.152459416038384699e-05
-7.006840740284867031e-02 9.994312202399443512e-01 5.558649740242363777e-05
-3.238951955348538803e-02 9.989786573535930359e-01 5.264604755086657519e-05
-4.160883570123784930e-02 1.000648811934857996e+00 5.157211505747230504e-05
1.918718307856448479e-03 1.001157312784903608e+00 5.263140225742531791e-05
1.590086409579463678e-02 1.002351807631591596e+00 5.404585709996976195e-05
-2.814140866630014670e-02 1.000092386402903211e+00 5.164056605185396301e-05
-5.114061723835670870e-02 9.975417254516030230e-01 5.537163280595448300e-05
-8.760087995255443072e-02 1.005416226000402702e+00 5.633116231134393739e-05
-3.918612311817558369e-02 9.979444305211360167e-01 5.401039229459429677e-05
-8.745473294041844481e-02 1.004198681583443387e+00 5.628285171804930649e-05
-5.974666042737123567e-02 1.002793424690170188e+00 5.201077987239089383e-05
-1.269988076260812615e-02 9.987496157881228243e-01 5.328827981904052624e-05
-8.535317382572003841e-02 1.004289341010316861e+00 5.581916141657674197e-05
-7.068418337259976814e-02 1.003339624744120195e+00 5.330505376301008125e-05
-1.337681642922537717e-02 1.001302281607842293e+00 5.128888276284256851e-05
4.742471590934826953e-03 9.996083774255637433e-01 5.407983901775802898e-05
-9.206310336813636197e-02 1.006246103696080807e+00 5.751474296578942114e-05
4.005865650162226954e-04 9.987605837928696939e-01 5.438877203147283069e-05
3.063166346384314787e-02 1.003502471703943577e+00 5.668432551061772923e-05
-8.269540559498064769e-03 9.991304020092313110e-01 5.320370039725122897e-05
1.767317527973605307e-02 1.003649770743365588e+00 5.407090576466124757e-05
2.628530734721272466e-02 1.002935005315582551e+00 5.583590134535411766e-05
-3.648255598319199988e-02 9.998940769674207196e-01 5.192048888037533453e-05
-1.784765528998115414e-02 9.995814109603642361e-01 5.224906430231714729e-05
9.050913208587405001e-03 1.002244821603545999e+00 5.303764268100679525e-05
1.238670756996657074e-02 1.002799474311308225e+00 5.335750726625076431e-05
-3.776715369209805717e-02 9.996204419437755284e-01 5.219132678268214052e-05
-1.098928734357082493e-02 9.969745968569381223e-01 5.562298100582634721e-05
-3.734949689690564983e-02 1.000088456062947051e+00 5.179593784714907659e-05
-4.784956625531963659e-02 9.974685799693889798e-01 5.518224149487739393e-05
-9.477713844025506540e-02 1.007040357413612641e+00 5.845552419183672860e-05
2.635687518358754977e-02 1.004286283986059791e+00 5.569908107224270629e-05
-1.191329267610198583e-02 1.001667121987218412e+00 5.120111526604691058e-05
-6.715758051963663378e-02 1.003644338361496358e+00 5.274554191179454249e-05
-9.409297256833305811e-02 1.007464980821624501e+00 5.849579179913969045e-05
-8.142056054036164725e-02 1.002721632144155217e+00 5.537171281981906269e-05
-5.903079820332849531e-02 9.979767059849397048e-01 5.566122278102301422e-05
-4.096818015718317607e-05 9.996722464002533171e-01 5.346262985426605098e-05
3.123550849384217065e-02 1.004913746882244441e+00 5.682021281542017473e-05
-8.669542201780459922e-02 1.005101781093589164e+00 5.610258356335200516e-05
1.276521275801346944e-02 9.997927233563008720e-01 5.507461546004240851e-05
3.065825679958968097e-02 1.005376045638649352e+00 5.677666207988496213e-05
-2.678604803540972357e-02 1.000851430803439301e+00 5.113389076774441680e-05
-8.568097401964394622e-02 1.005213874482725700e+00 5.589807487058535724e-05
-2.812839234799470456e-02 9.989183329990687366e-01 5.266976422741061621e-05
1.824448188126290282e-02 1.001882599364420035e+00 5.463403691589562559e-05
4.279199495686086818e-03 1.001639271552775323e+00 5.266288835334626602e-05
-8.319864950292907291e-02 1.002725651493411307e+00 5.573452153442770351e-05
2.271363023607830822e-02 1.000769048800646877e+00 5.611909609732079762e-05
-7.392525702709665247e-02 1.003291772067361975e+00 5.382836173790757963e-05
-4.336613985032253260e-03 1.001016479970179729e+00 5.208420505498287254e-05
-9.694185330857249538e-02 1.008267321752877477e+00 5.968877591205736449e-05
-2.396990684696338747e-02 9.971897923584119861e-01 5.477739281115747647e-05
3.507002420422565547e-02 1.004657184117817126e+00 5.771030619979151640e-05
2.255200811065428967e-02 1.004669876106250026e+00 5.496679023025829997e-05
1.976522808865736891e-02 1.000734020682532588e+00 5.556497235614330107e-05
1.113462555066879744e-02 9.998241438667474501e-01 5.479023438949598044e-05
1.047990796813350056e-03 1.000965062584308285e+00 5.264472450039342781e-05
-5.165012900386085903e-02 9.981809617189461026e-01 5.458564495467601685e-05
4.516610979954847893e-02 1.008303468009533521e+00 6.212102384930365956e-05
-4.678224015400772595e-03 1.000365474363645868e+00 5.246861602548335028e-05
-5.529488544780791770e-02 9.997638052148952736e-01 5.327921235748331910e-05
-2.285952814912048381e-03 1.000833534524185886e+00 5.238126158390627476e-05
-7.299954869034477878e-02 1.003864204247525205e+00 5.357920745872433597e-05
-1.882941284208197730e-02 1.000632143758975579e+00 5.142904923452749119e-05
-5.902351301310952009e-02 9.999312337900025938e-01 5.354481113578586578e-05
-5.627749010044265365e-02 1.001361320881624772e+00 5.223726650374713870e-05
-7.647571774986279547e-02 1.000792611009244215e+00 5.550978180498748846e-05
-5.051002400810800097e-03 9.999497318966186210e-01 5.274676608525658499e-05
-4.570032034531153892e-02 1.000258239357627366e+00 5.207587084986539682e-05
-9.893365833752851279e-02 1.008025686430791712e+00 6.004168887005355309e-05
-3.845440977561808554e-02 9.967643735856859255e-01 5.561693669891914441e-05
-8.477624333346392427e-02 1.005661210836245267e+00 5.577863676929910742e-05
-6.290362164331675388e-02 1.001628802975923715e+00 5.284815531386072350e-05
-6.941033537046724378e-02 1.003232393479817963e+00 5.313860110141640250e-05
-3.778466299583184418e-02 9.978351507160074796e-01 5.408855763694918431e-05
-3.259937182971732461e-02 1.000117584345304067e+00 5.165643584743477091e-05
-5.718938869139642001e-02 1.002490983098753397e+00 5.183259875291964191e-05
-4.320513961593428626e-02 9.977094810490101384e-01 5.452474047903145278e-05
-3.646492535440433447e-02 1.000157839772627621e+00 5.171533278788633422e-05
-3.320116947899148796e-02 9.988226472853335425e-01 5.281896905588082911e-05
-4.980519050510167495e-02 9.990594453591604696e-01 5.343507526558402050e-05
3.529556240895291574e-02 1.006049818661439943e+00 5.807926734919124456e-05
-4.577300546984491847e-02 1.000188411534867372e+00 5.213321799054924694e-05
-1.756338585670591534e-05 9.987643941284714000e-01 5.433841500408138664e-05
-5.132306474916861760e-02 1.001951845025945032e+00 5.150027013934260187e-05
-2.110352463253878375e-02 1.000081949450462915e+00 5.174174255628907228e-05
1.895767886861081386e-02 1.000097943092965513e+00 5.589680325287427800e-05
-4.863160397553113051e-02 1.001620449111823907e+00 5.144336173339330225e-05
-2.746071540618870432e-02 9.979032081427426926e-01 5.380626642145136713e-05
-8.180981022945679748e-02 1.002888489091130930e+00 5.538905457651226269e-05
-5.621275654085907542e-02 1.001168412645957018e+00 5.234082044840085158e-05
-7.897651744168604493e-02 1.005088837869641205e+00 5.458347788251346387e-05
-7.821579123260789801e-02 1.002061570179515249e+00 5.503777696540636185e-05
-9.348595596644790340e-03 9.974011377851370597e-01 5.513373405345424694e-05
-5.871093042939339729e-02 1.002061795279387546e+00 5.215274338761057476e-05
-9.756230755175769598e-02 1.007955511485540079e+00 5.964123264875262586e-05
-4.998754420990396408e-02 1.001825591585266739e+00 5.144960054771182859e-05
-4.519310551359188161e-02 1.001011683644595029e+00 5.154074974143589089e-05
-2.738012865501517068e-02 9.991007567478300544e-01 5.249101961017315471e-05
-1.528327916252887608e-02 9.991276190206748176e-01 5.277182510328639481e-05
2.140917691976521042e-02 1.003906650298672876e+00 5.472425580849296585e-05
-7.556154533650813465e-03 9.999760218722386629e-01 5.252044502036660491e-05
-1.214388752740563904e-02 1.001451620479349991e+00 5.128531992650535990e-05
2.569329005470967486e-02 1.002988820939168857e+00 5.569825191718029346e-05
7.067332805146556152e-03 1.001279995073689921e+00 5.319443786168861761e-05
5.317034387227595471e-03 1.002059920345820698e+00 5.261449316520135208e-05
-6.079848875980565365e-02 9.997015746265858205e-01 5.396543787662895394e-05
7.520241044650238793e-04 9.985621275158098609e-01 5.464467884159410324e-05
-8.188071928965887092e-02 1.002287160548652079e+00 5.565109561141749842e-05
-9.190240961562008704e-02 1.006035947501824790e+00 5.742109243849535983e-05
-3.521151129317055817e-02 9.984490814493435229e-01 5.326895257031272787e-05
-7.087983079545474852e-02 1.001740210757670946e+00 5.392643695767748425e-05
-3.319098307308782081e-04 9.982267354637607282e-01 5.490967560213500588e-05
1.603801313619544755e-02 1.003449888644372789e+00 5.381637101778641383e-05
1.923457489147961663e-02 1.003706322193039346e+00 5.433909426512064143e-05
5.599518190626914804e-03 1.001373869016986218e+00 5.295499662956165558e-05
-5.291914292331924979e-02 9.999109714678614536e-01 5.291906638810261554e-05
-7.485130470034651040e-02 1.002994356561046851e+00 5.406196014621222087e-05
-4.153170285034840647e-03 1.001836479761190279e+00 5.170061735447141385e-05
-1.990005776512307478e-02 1.000451352306851005e+00 5.151274199706193461e-05
-3.556117234277060557e-02 9.975964098910562461e-01 5.431900665916973613e-05
-8.300340481220021271e-02 1.005672096037761420e+00 5.542781740027356223e-05
-6.433736664589552456e-02 1.001200814786683990e+00 5.327775063543579233e-05
-2.770146546444525459e-02 1.001393574673659970e+00 5.083635140172437517e-05
-4.397202227207366171e-02 9.996301402718367202e-01 5.247823737361987994e-05
-4.473675535188202657e-02 9.983891975076532033e-01 5.378397336451990195e-05
-6.140989394452475714e-02 1.002785867312398826e+00 5.220127916383700934e-05
-1.061202702152891364e-02 9.993142417893269291e-01 5.286428637495679616e-05
2.046496180787588104e-02 1.004547683151781001e+00 5.456630818271636531e-05
-8.241755627652712357e-02 1.004475633847481397e+00 5.520916199541026315e-05
-3.884931896708706395e-02 9.998989512369547139e-01 5.199945445609086366e-05
2.538128667071828937e-03 1.001161398073042941e+00 5.269938788040662482e-05
-3.853379243115608727e-02 1.001297035704575178e+00 5.106216268690470572e-05
-2.367048429147386446e-02 9.995631572633206785e-01 5.210476703871492766e-05
-6.012702139950967112e-02 9.989992916725102257e-01 5.458068210779875407e-05
-4.020158843403282695e-02 9.988104369492210033e-01 5.306521925616796423e-05
-1.109714212528997712e-02 9.971849907345794461e-01 5.531128320234988304e-05
-8.234548440881492293e-02 1.004560572174013178e+00 5.519304926773303252e-05
5.053687692578370805e-03 1.002491360936398568e+00 5.243875660502574402e-05
-1.705462126863431516e-02 9.990523855794272157e-01 5.276471744098967879e-05
-3.134021955716807806e-02 9.986432557627620277e-01 5.297664762631582475e-05
-4.027418575773474008e-02 1.000819722245769094e+00 5.140236420273615943e-05
-9.104886239574186413e-03 9.999930670917545061e-01 5.239221717391753737e-05
-3.569695367420268328e-02 9.987950711024347061e-01 5.290926914334791252e-05
-9.389303401812985894e-02 1.007357319467695911e+00 5.839166281112691709e-05
3.412212931817061590e-02 1.005241136296316284e+00 5.755962168883206267e-05
-5.719746010941829939e-02 1.000133989882610708e+00 5.316813099260236816e-05
-5.728937316542730140e-02 9.982335322391550081e-01 5.512004204218415407e-05
2.825996330444231763e-02 1.002782189834535931e+00 5.630508815464697718e-05
3.736768840583136464e-02 1.005433672731951500e+00 5.841721663509803709e-05
-7.256764135785988279e-02 1.003055485977430994e+00 5.366712574205665238e-05
-3.599132414527432544e-02 1.000524182302564347e+00 5.144156967781152000e-05
2.145434037736683452e-02 1.003559127911186399e+00 5.475880802175546203e-05
2.462298895990848446e-02 1.002114880443963685e+00 5.576165858849794972e-05
-4.468999593663130349e-02 1.001638473313021249e+00 5.118058951682487681e-05
5.286333435770951272e-03 1.002506359695923832e+00 5.246295056720446504e-05
-4.271454272402526453e-02 9.973013133145104403e-01 5.505064910812056930e-05
2.114387307593075527e-02 1.002807136605236904e+00 5.484007609893219937e-05
1.512605975374714529e-02 1.001337882615472408e+00 5.436629455589220408e-05
2.496688026774722402e-02 1.004864880596776144e+00 5.546416815330753138e-05
-8.704363229763553700e-02 1.004845932661661889e+00 5.616483864362257112e-05
-1.158063939489968608e-02 9.978321615913060549e-01 5.441281696988114997e-05
-6.333081081383806765e-03 9.990038075721946464e-01 5.348190563213272035e-05
-8.628643969607854847e-02 1.005229211840992232e+00 5.602699621408355890e-05
1.109483528378668593e-02 1.000781566499413744e+00 5.406081962539744008e-05
-6.034401070023259067e-02 9.982879576811183320e-01 5.543276941661349133e-05
-1.283192984306241735e-02 1.000308694036293300e+00 5.191981680869961837e-05
-1.545411260532883468e-02 9.983149298576763364e-01 5.361559792072101275e-05
-2.562539395456003843e-03 9.995169657081394154e-01 5.333992496418747654e-05
4.761478230443025317e-03 9.987266217764173559e-01 5.495236681529399209e-05
-4.391883543599837958e-02 9.989989983327837164e-01 5.307106209049200279e-05
-2.187770064224285604e-02 9.991592315592465745e-01 5.250579316088740533e-05
-9.633868474806310533e-02 1.007624152973242149e+00 5.913478977900333173e-05
-8.722096079982924466e-02 1.005658669396127358e+00 5.628832573128631124e-05
3.729305816192822476e-02 1.006339896385845201e+00 5.869881098472370446e-05
-1.315232483488253112e-02 9.985571480242110276e-01 5.346716990178611631e-05
-7.691934899181976371e-02 1.001260045454288594e+00 5.525997773174909995e-05
-7.851076970684686684e-02 1.004410597818334194e+00 5.447420003521551775e-05
-2.454727140170796795e-02 9.973458009955753489e-01 5.455266892209690145e-05
-7.987904726659779409e-02 1.002346081434887459e+00 5.522257431843039931e-05
-3.317386078109998970e-02 9.976873337801683839e-01 5.413716699595656664e-05
-8.942311585399072282e-02 1.006045824278306799e+00 5.685562943773815435e-05
-1.163449037107681938e-02 9.981064437505083875e-01 5.407290174834494004e-05
-1.188124936341726501e-02 9.989842663584050930e-01 5.309867553434196490e-05
1.620039751266386108e-02 1.003265105870856821e+00 5.386881911438654144e-05
-3.505060011106389539e-02 9.980533983516809426e-01 5.372531390076003803e-05
-8.972455268182022436e-02 1.006831389804620835e+00 5.718635249971050304e-05
-4.128630987716577078e-02 9.975712909812032292e-01 5.459685933449452401e-05
2.509349496416533876e-02 1.005281227443345582e+00 5.556751175062245399e-05
-9.052389877000843743e-02 1.006744940941646682e+00 5.733022614947751682e-05
6.621476366834591620e-03 9.999025146978499645e-01 5.407346017706737953e-05
-1.392740427941049908e-02 1.000331887736060965e+00 5.184350215001425603e-05
-2.398291609806885161e-02 1.000990095589758599e+00 5.108390635477936067e-05
-3.616315008079097615e-02 9.974299979506064950e-01 5.456199483204906382e-05
6.078992666264798617e-04 9.988642273579000364e-01 5.430262808278975316e-05
1.712447842872832915e-02 1.002473285735878017e+00 5.421298669369515477e-05
1.869239301707700807e-02 9.996631067561152495e-01 5.622891243604633975e-05
-1.781231044875368486e-02 9.977518250242676245e-01 5.419141549841825404e-05
-9.893050276524734121e-04 1.001006293696981908e+00 5.240661819269093214e-05
-8.706811991191659716e-02 1.005239633397650545e+00 5.619493317634701807e-05
-3.455431144386710007e-02 9.985163577618101360e-01 5.317651838269117024e-05
2.951961800747054943e-03 1.000109573600935109e+00 5.344366053075635573e-05
-4.993853954899762221e-02 1.000085256263443467e+00 5.251691210303079539e-05
-1.528551962746665938e-02 9.975925694670011445e-01 5.450973180707997763e-05
-5.638362743073246225e-02 1.002295462271651338e+00 5.181998885943328841e-05
-5.645744566170099454e-02 9.981192276719897949e-01 5.516628895843136743e-05
-7.520911655649356597e-02 1.003308646388267444e+00 5.403983419664707099e-05
-7.427362467917458799e-02 1.000078219395128531e+00 5.569701093901881396e-05
1.072295177006066247e-02 1.000288425189364894e+00 5.435217962445862183e-05
-5.916728548426324064e-02 1.002640820608087902e+00 5.199217583113579052e-05
1.506310546264853778e-02 1.001958815416160942e+00 5.405620721197538055e-05
-8.601271689306813628e-02 1.005033676353862759e+00 5.595257355451454016e-05
-9.980577057151128473e-02 1.008733118088991354e+00 6.077461197534996429e-05
-7.118376748707758161e-02 1.003773488422490923e+00 5.330799132517819198e-05
-7.667374434841942032e-02 1.001195154190152481e+00 5.525737821201039888e-05
-3.731143882031705272e-02 1.000452997400727684e+00 5.152994539484324877e-05
-4.820356356463528780e-02 1.000720013357947691e+00 5.192298514042215508e-05
3.343213450371841644e-02 1.005362879716319213e+00 5.741946013052317470e-05
-2.827663600401697508e-02 9.998172230650180792e-01 5.185535403168435744e-05
-7.312889455819189533e-02 1.004403533147079308e+00 5.356596005132926048e-05
-4.515548480646627144e-02 1.000613156280843130e+00 5.178996255568931063e-05
2.411002980060944489e-03 9.989878713926397813e-01 5.438381939471992631e-05
-7.269263993962990500e-02 9.995577014446227482e-01 5.591172175235458542e-05
-3.733105042806832835e-02 9.988665410289624402e-01 5.288858577379662812e-05
-7.472298098119986576e-02 1.003901945270047946e+00 5.385491836438781500e-05
-7.325667073831423903e-02 1.002480280704344251e+00 5.397055532206115571e-05
-5.478675034299536339e-02 1.001636042538433191e+00 5.194790825286896025e-05
-3.866861406733999862e-02 9.984107521037033361e-01 5.343318312775110368e-05
-7.840783288985730959e-02 1.003984660056420175e+00 5.448560421448826789e-05
2.675627420779307097e-02 1.002158482807170126e+00 5.619516852616915484e-05
-6.663635355119265635e-02 1.002078632443944795e+00 5.312781942943873328e-05
-8.334333038843519392e-02 1.003952504855549988e+00 5.543951019485058240e-05
2.394985249388313642e-02 1.002525926413597057e+00 5.547104997791569089e-05
-3.192692677263123113e-02 9.977572218972200480e-01 5.402360983649658944e-05
-2.330608213833024189e-02 1.001049459968189614e+00 5.106229381286828145e-05
-5.814282858314391567e-02 1.001394612710950982e+00 5.241459699289414205e-05
1.502619892438054883e-02 9.990124713998709272e-01 5.620880205250075048e-05
-3.881674428490222706e-02 9.987019166895613198e-01 5.311865661549309940e-05
-7.326190883274508181e-02 1.003273496114774010e+00 5.372400087341770773e-05
-9.135441802178143056e-02 1.006668462758205873e+00 5.749004524421461141e-05
1.280348760299972188e-02 1.000176985417173814e+00 5.476155655395921609e-05
-8.440102926560612284e-02 1.003466424628348674e+00 5.575206635316903690e-05
-6.651100199956902492e-02 1.000821863314694138e+00 5.383026894649227867e-05
-2.635063735500549342e-02 9.985367796382431660e-01 5.307383793618071315e-05
-6.100903622454550979e-02 1.000198874743243316e+00 5.356138913650138056e-05
5.902163380140379445e-04 1.001765897458162469e+00 5.218923823859102318e-05
-6.546968088412222220e-03 9.974428295580093362e-01 5.530104408350192921e-05
-6.446973386732546274e-02 1.002851381936585407e+00 5.255690459880438806e-05
-8.621885657309134865e-02 1.004167747695514423e+00 5.601579272177178856e-05
3.983893086719360321e-02 1.007554462428881248e+00 6.004253445489570314e-05
-3.441266101567300173e-02 1.001362393874599244e+00 5.091206501111673915e-05
-6.422490336745578787e-02 1.001756883445106494e+00 5.295301894531283363e-05
7.623784221711379927e-03 1.002161814131073081e+00 5.287324120011638496e-05
-1.158956104735632542e-02 9.974859071527534260e-01 5.486292451580544830e-05
-5.808538347638231292e-02 1.001407670208462442e+00 5.240119722131268118e-05
-1.695335812307394163e-02 9.977911660802738503e-01 5.417681761930873493e-05
-8.008162088933515332e-02 1.004352680260146569e+00 5.476497265890362798e-05
2.655783497929824211e-02 1.003180067354763949e+00 5.583826975859581496e-05
-5.573463622140251150e-02 9.981587234290044686e-01 5.503459217527793861e-05
-7.471074810357247742e-02 1.001680141495812304e+00 5.460046920654917593e-05
5.609728393647608891e-03 9.986655639330005441e-01 5.513139620676934941e-05
-6.862806240905339195e-02 9.991786192659384280e-01 5.561497361787267073e-05
-2.244578600343215269e-02 9.997156477152350229e-01 5.199910139742309275e-05
-2.424394251947994960e-02 9.970460247680185129e-01 5.497871204695776049e-05
-9.108668770264581604e-02 1.005386365079779853e+00 5.711292984805481387e-05
-3.066128829172598547e-02 9.971938252124360469e-01 5.476291209187730797e-05
-6.604469237529604630e-02 1.000993092281082353e+00 5.364622377515372223e-05
1.459342504493595094e-02 9.995438382106791586e-01 5.560323624936098548e-05
2.517725130733711181e-02 1.004459602319190514e+00 5.546436998131582370e-05
-5.827823138410380410e-02 9.997670734518968594e-01 5.360211418097828392e-05
-7.315509817930389291e-02 1.001685085615947379e+00 5.432944461440774442e-05
-1.819686201734990738e-02 1.001316231460215311e+00 5.106273793415466613e-05
-1.745395732314999893e-02 9.968694674818401325e-01 5.542463159720558308e-05
-8.022879148404754579e-02 1.005258504736397773e+00 5.483150944913962318e-05
-1.778628769403423071e-02 1.000278985527829789e+00 5.170501805256469939e-05
4.320828867215159574e-04 9.985821461556385614e-01 5.458631033518422226e-05
-6.083969777254984168e-02 1.000673246795082294e+00 5.317957554438965389e-05
6.508665935403668001e-03 1.001926595987322255e+00 5.281710404780600132e-05
3.628045582142032377e-02 1.005565708568271654e+00 5.817180443322793868e-05
1.911642146073383453e-02 1.003518085541644345e+00 5.433580904751998528e-05
-6.719927358254859651e-02 1.001103838802261059e+00 5.373994381086720306e-05
-8.387867835210098544e-02 1.003237343339778320e+00 5.570325212720180522e-05
-5.466136876051139182e-02 1.001825281859522354e+00 5.184671259558867472e-05
-6.222590847025980670e-02 1.002150584611462669e+00 5.252034042730252322e-05
-4.438100774440072865e-02 1.000505915247728028e+00 5.181656969282301970e-05
-2.325471251010385876e-02 1.000922924019044480e+00 5.113492592714865632e-05
-2.445148563794137531e-02 9.983417606642361886e-01 5.330867922051254180e-05
-4.189833513991975816e-02 9.991963225465169129e-01 5.276138745183517418e-05
-7.630959230192262133e-02 1.003984598622043478e+00 5.411437825976272927e-05
-7.006742469591370481e-02 1.004088278716383842e+00 5.311222633308725034e-05
-4.311578250479889546e-02 9.983664166813532859e-01 5.370884819535111490e-05
-8.389977906103425476e-02 1.003391778462853212e+00 5.566556618080363268e-05
-6.130390808292647542e-02 9.987024512668819520e-01 5.506347659823070698e-05
-9.501157165337648092e-02 1.006986186175192755e+00 5.848965995674907536e-05
-1.117443397819083140e-02 9.996694788878053295e-01 5.251455160819979654e-05
-6.404465824482699632e-02 1.001253847071867265e+00 5.320646820127083597e-05
-3.834455717769290339e-02 9.976261648126302228e-01 5.438190926057049566e-05
-7.846750399414763322e-02 1.001231375622736008e+00 5.557604133276620052e-05
2.431520041327323023e-03 1.000237312863373917e+00 5.328560365004613673e-05
-5.602078048603938154e-02 9.993458760302094124e-01 5.374450219299402331e-05
-1.757276842623180235e-02 9.988547211155397454e-01 5.294026057220631353e-05
1.953548350751498075e-02 1.000294246301919765e+00 5.584720837453992893e-05
-6.686367170375170921e-02 1.003727160968275633e+00 5.269509215421699271e-05
-5.783726525946704389e-02 9.999240166266305518e-01 5.341434010847678272e-05
-2.230510890078589437e-02 9.976390184837672370e-01 5.419959899686567912e-05
-6.557277941250870545e-02 1.000391456698375148e+00 5.401706133329871139e-05
-2.864482122730403757e-02 9.984178321274437273e-01 5.320154169826878208e-05
-7.556003805825142750e-02 1.001758194951389846e+00 5.470777322201802610e-05
-1.485724729084224316e-02 9.980632559672458770e-01 5.393984684983496678e-05
-9.044563914681486017e-02 1.005646934943535520e+00 5.700177749481560483e-05
2.337490156863231139e-02 1.002905172689816604e+00 5.524664517575051081e-05
-2.359711303878894717e-02 1.001356698272157120e+00 5.089628945321600931e-05
3.228602074103885389e-02 1.005451576318949769e+00 5.716951955039233335e-05
-7.716018797928612949e-02 1.002446531356982584e+00 5.466440904778561706e-05
3.158917251898187006e-02 1.004700099445350103e+00 5.687626741949028137e-05
-5.260283468093041731e-02 1.000291245630709147e+00 5.258538424226617749e-05
-3.429785654502041925e-02 1.000512580470845014e+00 5.140748539640290594e-05
-9.599905358155509660e-02 1.007460573589791020e+00 5.896110587758881448e-05
-6.551674079708731668e-02 1.001396307106629857e+00 5.332146485444965161e-05
-1.200931430797332056e-02 9.984669525185361216e-01 5.363422048964819517e-05
-8.442573061270834678e-02 1.005328478048469032e+00 5.565308913280128211e-05
-3.527373538827391353e-02 9.980322272110253579e-01 5.375742980756326579e-05
-6.426929917940943371e-02 1.000483233604665401e+00 5.376337712085882631e-05
1.333139824436871401e-02 9.994022781427812641e-01 5.552572546979750451e-05
-1.612437926112195163e-03 1.002128234649384719e+00 5.182500360973302234e-05
1.081040886913837984e-02 1.001483611495644022e+00 5.361253363750147774e-05
-7.930535560749399360e-02 1.003780269975685036e+00 5.467815219193676774e-05
-2.800542128344908621e-02 9.974499549083841732e-01 5.439171801263050019e-05
-8.117984247380788387e-02 1.004828010692977669e+00 5.497167664008211901e-05
-8.553977118116769252e-02 1.005571619924684468e+00 5.591852283751160935e-05
-1.888542557057423799e-02 9.985258549030171515e-01 5.323777816532241367e-05
-8.940332566252269519e-02 1.004872443143747240e+00 5.669002097329573300e-05
-7.206401928439107318e-02 1.002560275211861418e+00 5.374567626800810625e-05
-9.191335399408331885e-02 1.007087800436237579e+00 5.779440925641674936e-05
3.620364534697941006e-02 1.006781993313480283e+00 5.863223305717865527e-05
-8.278588718309826122e-02 1.003416313729249776e+00 5.542966354158666045e-05
-4.692002708697915608e-02 9.986842167541898352e-01 5.360431473273281975e-05
-7.168682525672515071e-02 9.998569060280830811e-01 5.544212438608844715e-05
-5.325774973451470606e-02 1.000132141462286350e+00 5.276956030153065881e-05
1.155064824315485406e-02 9.994820944356471726e-01 5.516258562649647941e-05
-7.067722065255845065e-02 1.002698791841324155e+00 5.347887515713697719e-05
-3.095143876643141612e-02 9.970601644216212645e-01 5.495779794472678244e-05
-3.673689499606187792e-02 9.975548368926913101e-01 5.441367482753718904e-05
-8.631349661026910258e-02 1.005213584051159348e+00 5.603113056885254326e-05
3.222928129488142335e-03 9.982250089817806815e-01 5.532981625158090518e-05
-8.402120111836872129e-03 9.975041591020201714e-01 5.506598216826344232e-05
-2.670791889855565759e-02 9.965558680617360165e-01 5.569731645921998633e-05
-7.568263109431976055e-02 1.003321352793344667e+00 5.411805802436615419e-05
2.923499239090618373e-03 9.986550355664021161e-01 5.479834451861719994e-05
-6.826226015715058937e-03 1.001877151090653006e+00 5.146301000678625087e-05
-6.067559786591335963e-02 9.985779414730622250e-01 5.512537596791916258e-05
-6.691667396320533090e-02 1.000251889379986103e+00 5.432625168869629361e-05
-3.022765144679621929e-02 9.969418496574320443e-01 5.512198830582101415e-05
-4.450755744386585694e-02 9.982541422758742788e-01 5.392708284991563569e-05
-8.494928862460181251e-02 1.004019569576641402e+00 5.576302380025378159e-05
-7.841920239386718228e-02 1.001574393921963013e+00 5.534635492437086702e-05
-9.215894770696675398e-03 1.001584593928342981e+00 5.141097036483818235e-05
-5.607521961237423719e-02 1.000656495595865225e+00 5.265578085647111371e-05
-7.201395350684738905e-02 1.004287279748457440e+00 5.339487387915045673e-05
-3.664899524354885141e-02 1.000253087232197746e+00 5.165059427177422100e-05
-8.583573359800489300e-02 1.003483695226552674e+00 5.605511757206940791e-05
-4.971907891934949225e-02 9.992786012658906314e-01 5.321009236423779315e-05
-2.777718395367545501e-02 1.000304169327496551e+00 5.148645409184079069e-05
-5.362796064002135071e-02 1.002051896199406489e+00 5.165493948380448994e-05
-5.525004121886895742e-02 1.001939004151487289e+00 5.185205843963770907e-05
-7.463258847546727637e-02 1.002951925068538586e+00 5.403747903504024341e-05
-3.019385050292799910e-02 9.984853867453762355e-01 5.313561691038780354e-05
-8.635420490243017611e-03 9.992597395758533452e-01 5.305346574880143227e-05
-9.172864333086060140e-02 1.006774804686194180e+00 5.761750320150519782e-05
2.318748977659285115e-02 1.003016294492635518e+00 5.518329939966027986e-05
-4.963788579988873129e-02 1.000405571446942643e+00 5.224916211543152619e-05
-7.456078708400820654e-02 1.001798352201971776e+00 5.450910643771527271e-05
-6.100626713701360476e-02 9.994545035461246396e-01 5.422592401680294933e-05
-3.619764165251580790e-02 9.979390338958551432e-01 5.390066470132431220e-05
-5.826601985254615396e-02 1.000941056198387136e+00 5.269910257814003129e-05
-9.001292023915558049e-03 9.985613810378352051e-01 5.373395598435151742e-05
-1.309256905137948235e-02 9.997737503142837268e-01 5.231292135339123524e-05
-3.760942239203063364e-04 1.000350971440753467e+00 5.289270927905941641e-05
-4.122135053357053880e-02 9.997558442845468907e-01 5.222182059520476320e-05
-3.959718419098992581e-02 1.001590124768327650e+00 5.095772884547269049e-05
1.620183070838938921e-02 1.000914994253691459e+00 5.479969137822926609e-05
-5.632750728195274476e-02 1.002174682890631718e+00 5.186003066362073263e-05
9.078971177668551662e-03 1.002388466480509166e+00 5.299392286263797191e-05
-5.186228871054964634e-02 1.000863859246173604e+00 5.211967170661064186e-05
-6.593374773159345337e-02 1.000319788235654039e+00 5.412626722682616710e-05
-3.189961303602768805e-02 9.975467942358082762e-01 5.429713682488089853e-05
-1.739392412827010792e-02 9.969865754701793259e-01 5.525410880813951041e-05
-7.505199737428505657e-02 1.002111703816805699e+00 5.443629127344970763e-05
8.676290264328131996e-03 1.001334819542234689e+00 5.338369786481117301e-05
-1.780923501172058943e-02 9.976772509753629725e-01 5.428710326631398797e-05
-5.301157130220536529e-02 9.988675671299468428e-01 5.392624918380379092e-05
-1.534185774383084455e-02 1.000685220262816477e+00 5.153814730639622071e-05
-3.040204138113430932e-02 1.000234588356898602e+00 5.154405187088435082e-05
-3.009540780868541487e-03 1.001492491442073529e+00 5.195528887856628398e-05
-6.824994006319506923e-02 1.002360738782231975e+00 5.323940826434568011e-05
2.383904437336065163e-02 1.001002391033215533e+00 5.619265576338693780e-05
-5.358621124148902487e-02 9.993942668097695048e-01 5.344753258604492549e-05
-6.606648890363245319e-02 9.994551411733441082e-01 5.492747421787494742e-05
-9.728427905637396234e-03 1.001713568219678052e+00 5.131952023857605570e-05
3.546171809034119604e-02 1.006457870091362006e+00 5.828875479049403082e-05
-4.647323499626904858e-02 1.001453345722701282e+00 5.137868485425638269e-05
-7.370998081675120273e-02 9.997235793437904139e-01 5.592956812448444080e-05
-3.903993139893788961e-02 9.969684188028673510e-01 5.533525771429554670e-05
-8.577847963182436142e-03 9.980224396846119062e-01 5.438818877737739202e-05
-5.710017529615126625e-02 9.991208299033861318e-01 5.409002113322535648e-05
-1.571564034931777210e-02 9.989870276085621725e-01 5.288800344169106377e-05
-7.389025117626206451e-02 1.003706667463037050e+00 5.374355290915040008e-05
-8.943322916532427114e-02 1.005458017514241131e+00 5.674229077330404837e-05
1.649892284915893681e-02 9.993131357584372765e-01 5.616075751849894864e-05
-4.434862842225899271e-02 1.000567526115448524e+00 5.177243287126584166e-05
1.570079282226430339e-02 1.002917952968946702e+00 5.385264879204381701e-05
-1.706424400469946923e-02 9.989628395847740538e-01 5.285232375066858219e-05
-3.679769174218176786e-02 9.982521223530541610e-01 5.354413421249523767e-05
-3.858445965439873115e-02 9.968711888870755988e-01 5.546002309912242858e-05
-7.576049841580061173e-02 1.004292940149927205e+00 5.399828456272355744e-05
-7.821824770183975761e-02 1.003163360026590345e+00 5.461035693639214604e-05
-3.872407656712147095e-02 9.979609187069367060e-01 5.396959559431674949e-05
6.078931995397399146e-03 1.001827266217020007e+00 5.280316058266693757e-05
2.967379393798848242e-02 1.003887486189270151e+00 5.642528634553010784e-05
2.025497388808311650e-02 1.002759752527479398e+00 5.468674894514204002e-05
-2.942215174667731081e-02 9.990635495511575037e-01 5.252996645747148391e-05
1.554809907586440776e-03 1.002035771834314248e+00 5.218507473755655280e-05
-6.912223012889927298e-02 1.002656148592497853e+00 5.325884284168121754e-05
-7.837801709008310191e-02 1.003209318189110633e+00 5.462733359089944193e-05
-2.490699959233137750e-02 9.996487276266095012e-01 5.201416947800184358e-05
-3.174824102163510686e-02 1.001058205552243896e+00 5.102954622369819187e-05
-4.788382370768164142e-02 1.000579943222229762e+00 5.199400476040991149e-05
-6.728131904033740618e-02 9.992834972835307195e-01 5.528891542698732278e-05
-9.186752267916256653e-02 1.005799836201670683e+00 5.736077998494932910e-05
-2.696571315112859801e-02 1.000712318320377214e+00 5.121768844143535711e-05
-6.724525028453282038e-02 1.000158435848945926e+00 5.445401410828390834e-05
-5.982331092384587934e-02 1.001301697815719205e+00 5.265505640277417127e-05
-4.919124472344769960e-02 9.990881387540113678e-01 5.335529861025432798e-05
-2.400565950877277255e-02 1.001430544326443073e+00 5.085357193617128391e-05
-8.629335929490268564e-02 1.005859997103155656e+00 5.613384335645803269e-05
-6.771020678475656029e-02 1.000614257196278833e+00 5.415870962681775561e-05
-1.332835200663222419e-02 1.000032139405600207e+00 5.209532099945387369e-05
-7.661578478726058239e-02 1.001186014506465050e+00 5.525271885564772935e-05
-4.716279589488350799e-03 9.992943457356026071e-01 5.334140566608160799e-05
-6.949720581876087100e-02 1.001736110549417358e+00 5.371289481782633873e-05
-5.412780120315813931e-02 1.001445721254198284e+00 5.198305880413794401e-05
2.048116012374642803e-02 1.003120947784424510e+00 5.464454041933605207e-05
-8.620217365077827154e-02 1.003580773050932740e+00 5.611187755042598116e-05
-5.811450816531366081e-03 9.982466758368540027e-01 5.434628106748001113e-05
1.947678111477886553e-02 1.000253726033998536e+00 5.586819713062273293e-05
-1.879961659725765122e-02 9.975718153644185238e-01 5.438736539582830624e-05
-4.914087751069281390e-02 9.976111190433577525e-01 5.509508432485995432e-05
3.863695496185122480e-02 1.007399076284666739e+00 5.961937128620635571e-05
-9.313768190438649619e-02 1.006640670878097943e+00 5.789775909051745868e-05
-5.398587841520515601e-02 1.002248787341441405e+00 5.161085538974642304e-05
-8.457044856486915785e-02 1.005276723975104813e+00 5.567600221326012689e-05
-1.075966654410735746e-02 1.000682709834721518e+00 5.179523414617335803e-05
-5.502713456310251439e-02 1.002591211204161059e+00 5.159099271529313301e-05
-1.002010683555432102e-02 9.995006787378445390e-01 5.273618624253803181e-05
-9.129886968518372004e-02 1.006021674814050915e+00 5.727659996922124160e-05
-3.799357926938393137e-02 9.973408127155812819e-01 5.475377296069786466e-05
-5.259773918811349452e-02 1.002269718843509017e+00 5.148202172077885467e-05
-5.509224756183963428e-02 9.982970118900260648e-01 5.479322140458334916e-05
-7.767439331737319153e-02 1.002156701897656932e+00 5.488926072422649919e-05
-2.925376077648780826e-02 1.000029523093266315e+00 5.169016791594216573e-05
-8.450185344584333624e-02 1.005517377550991576e+00 5.569678425540018098e-05
1.874461129768756340e-02 1.001092910224178567e+00 5.514071511407081451e-05
-7.869398703722306487e-02 1.003392689165000462e+00 5.463997746670346732e-05
-6.669398242211574401e-02 9.998008870095678180e-01 5.468847616078692227e-05
3.590916663661523900e-02 1.005745056275330951e+00 5.812940537309319164e-05
-4.703328971056905394e-02 1.000121553340727720e+00 5.226945919025937449e-05
-6.986198882024499679e-02 9.993497079172282138e-01 5.563656983742801759e-05
-8.883836197273980995e-02 1.005108022366643095e+00 5.657256398475189171e-05
3.610600595182635042e-02 1.005492527760139199e+00 5.810870277216715447e-05
-7.452520035429981149e-02 1.002994675693090310e+00 5.400656333564637788e-05
-5.735179643510640579e-03 9.979919807346366856e-01 5.465896980086042389e-05
-7.930963171001392809e-02 1.002516588524486663e+00 5.503843659592738382e-05
2.743246688154633850e-02 1.002412710272031271e+00 5.624345555218083391e-05
2.313559198389197880e-02 1.001468525487414496e+00 5.576912419935065431e-05
-4.606399698102692924e-02 9.996249651541705417e-01 5.261536331599785506e-05
-3.196041190113629860e-03 1.001673117176850480e+00 5.185549025339331915e-05
-7.556724813407530994e-02 1.001867139283358688e+00 5.465023692382231063e-05
-8.062570352419974606e-02 1.003341079090004584e+00 5.501884218147015876e-05
-5.463871643260974353e-02 9.994651630917356089e-01 5.348501639522114571e-05
-7.109728035283004177e-02 1.000898848536830865e+00 5.448356095744538447e-05
-2.608480108950608778e-02 9.988195754955542238e-01 5.277673095816183470e-05
-6.855081304539310805e-02 1.000244631112433336e+00 5.458191678574983273e-05
-7.562720532347350089e-02 1.000507458170010855e+00 5.557623832517633017e-05
-4.544238978923815370e-02 9.988617749561988779e-01 5.331009435346583243e-05
-2.186428821402848499e-02 9.990232847944060524e-01 5.263706030818865033e-05
2.063208697017997195e-02 1.002169126152472334e+00 5.495200166480886664e-05
-4.141773584692966942e-02 9.989065073423707419e-01 5.302524730960926879e-05
-7.194869446393113710e-02 1.003830692767496924e+00 5.341827158739084405e-05
-8.926248850096404897e-02 1.004719933104428531e+00 5.665745352235655410e-05
-4.258218627624520136e-02 9.993529656855176801e-01 5.264946213915981611e-05
-9.519144378920875449e-02 1.006605330953491695e+00 5.838610893208938201e-05
3.669297910654141515e-02 1.005958602102609234e+00 5.839737019834487605e-05
-2.102056800528848135e-02 9.976894304971727356e-01 5.416536771835253324e-05
1.106316800734594152e-02 1.001383005769403312e+00 5.370184479333017926e-05
-3.806888134216048630e-02 1.000392845668886643e+00 5.159766293077920152e-05
-3.154473911030900024e-02 1.000285326805661512e+00 5.151879754074961866e-05
-6.688935429079292949e-02 1.002385134118850774e+00 5.303615267873872303e-05
-3.452836162611123971e-02 9.998511089623119963e-01 5.190231468175752490e-05
-5.709416591907130745e-02 1.002582250937153807e+00 5.179370916554124245e-05
1.096677601138112967e-02 9.986629869498261369e-01 5.591578280863274413e-05
-4.024650752816051613e-02 1.000292548718494379e+00 5.175584709191184186e-05
-5.230276724518557324e-02 9.981291562411169771e-01 5.471237648988007781e-05
-9.791815838120616899e-02 1.007915344650109013e+00 5.970793140487461626e-05
-6.133359314722208050e-02 1.002698545056004198e+00 5.221805036990219905e-05
-7.430521803820319682e-02 1.002058245031168804e+00 5.433217094803509314e-05
-7.553009665932536310e-02 1.004724857148380668e+00 5.396035089038551903e-05
-4.628511526313440483e-02 1.000613882460736681e+00 5.186118686430033641e-05
-6.708043935675200853e-02 9.989491796364874387e-01 5.562034717289110881e-05
6.875885872670198240e-03 1.002255975169629609e+00 5.274213355851277787e-05
1.295937914662004253e-02 1.000079855508990478e+00 5.486423699284443187e-05
-4.368504473871358262e-02 1.001737760861982185e+00 5.107989167877294973e-05
-8.121830812117092346e-03 1.001628128246562222e+00 5.146947315040753057e-05
-4.442817482332090534e-02 9.978654448531988352e-01 5.440083173234876629e-05
2.163505152619317473e-02 1.003629395154319814e+00 5.478558081036532943e-05
-4.450325485244647356e-02 1.001361082072956599e+00 5.130629396994079017e-05
-3.847424800233860409e-02 9.991465692580455693e-01 5.265201346863358084e-05
-1.571690995605723451e-02 9.977243265320310250e-01 5.431783962945754254e-05
-4.288100426282080019e-02 9.982936375101820747e-01 5.377971621474681287e-05
-9.282571363003827569e-02 1.006118380115502919e+00 5.766077471981924152e-05
-3.833799139987605076e-02 9.995421106358935992e-01 5.228085456412784294e-05
-2.128929087548601939e-02 9.984895778334503813e-01 5.320503397884627643e-05
-9.085444324537329808e-02 1.006131296458155244e+00 5.720206570578086899e-05
-4.138270953650929895e-02 9.996394606236800318e-01 5.232920695735660010e-05
-6.104564006973587503e-02 1.002885592343599752e+00 5.213173729479403758e-05
-7.698526638496389074e-02 1.002625260395531903e+00 5.456139910937762166e-05
-3.999547715498304873e-02 9.971190475841165135e-01 5.516041325435382646e-05
-5.203517907419609456e-02 1.002369962541161508e+00 5.139999056970669144e-05
-7.574307606740976473e-02 1.003047773084460026e+00 5.419984466842056256e-05
2.878155270016807821e-03 9.994361376333220637e-01 5.400489122435849290e-05
-7.546970004258350684e-02 1.004529144494319182e+00 5.394534208746812706e-05
2.748422706160118245e-02 1.003743837640237446e+00 5.595462499155822871e-05
-3.109239458391373223e-02 1.000227585163227850e+00 5.155538209176641296e-05
-5.119696373693291558e-02 9.982362803918158889e-01 5.447569727377450216e-05
-6.462028663638526294e-02 1.000354218886040591e+00 5.391242135662174150e-05
1.765498465677528550e-02 1.002709259620629734e+00 5.423482656875987175e-05
-7.077941941999753295e-02 9.997361040859060743e-01 5.540232611883985506e-05
-2.093768532869820509e-02 9.980625133282645667e-01 5.370434067027843799e-05
-2.447775901442665603e-02 9.969543181427784617e-01 5.510927555385824507e-05
2.577861720528105971e-02 1.002861394723961075e+00 5.574812732004403632e-05
-3.616957863222870773e-02 1.000826090742783281e+00 5.125297708954512052e-05
-2.120231567154036434e-02 9.979296580012475548e-01 5.385851980813831044e-05
-9.316674399865054745e-03 1.000248981700485817e+00 5.218553780764827155e-05
-1.496424173535444713e-02 9.981831006178070176e-01 5.379225002516821506e-05
-9.007571784483844879e-02 1.005159683371057211e+00 5.685712659895070465e-05
-4.357165000277372219e-02 9.997536350835558583e-01 5.234841339084632882e-05
-7.151894816466855542e-02 1.002246840478579148e+00 5.378416754320460979e-05
-4.642280511305060808e-02 9.983505725941892450e-01 5.394556413384886683e-05
-9.411809903672602173e-03 9.996201189515289132e-01 5.267471498556577258e-05
-8.826652809198645699e-02 1.005028451394411437e+00 5.644014808674067989e-05
-6.394714367807984023e-02 1.003087266253219090e+00 5.242960153254254272e-05
-6.952774869427166826e-02 9.993027589775896891e-01 5.563025864325872789e-05
-5.435784750028004736e-02 1.000805382058187698e+00 5.238434058377524477e-05
2.745411489796386814e-02 1.004596685652350274e+00 5.594737083418625974e-05
3.292327883001662514e-02 1.005648328680985637e+00 5.737265991087195187e-05
-1.407428661286111438e-02 9.977133560063214945e-01 5.441585914766304674e-05
2.031071940365139494e-02 1.003212308620861970e+00 5.459607434302467363e-05
-6.248307969522669258e-02 1.000005703281478198e+00 5.391172671709377529e-05
-4.940400647271581819e-02 1.000575766683474699e+00 5.211025327756465972e-05
3.414518400417411448e-02 1.006543443533974846e+00 5.800684100982047339e-05
-2.605037863198041148e-02 9.977031105080869100e-01 5.406407092164277467e-05
1.598407635053614162e-02 1.000342629565645236e+00 5.516376601797223219e-05
-4.661207757152918685e-02 1.000752098227850384e+00 5.179146508480263271e-05
-6.924012101245236028e-02 1.003203946235547317e+00 5.312019322464202223e-05
-6.032311332665550585e-02 9.981574626135274464e-01 5.559437605185319392e-05
-1.700357270821610534e-02 1.001628358489868420e+00 5.096268336765412150e-05
-5.987045572048770026e-02 1.002841927857249793e+00 5.201112832500357121e-05
-8.028240598514521653e-03 9.995330720240453992e-01 5.285144235328958362e-05
-4.061392005467125838e-02 1.000241615021749464e+00 5.180954563069896629e-05
-2.489261673781074935e-02 9.975010368767700530e-01 5.433876656381874933e-05
1.744285082404657683e-02 1.002717091644106162e+00 5.419600484675481393e-05
-2.141174535390963363e-02 9.982566161760585421e-01 5.346403772274844286e-05
1.767117166401735440e-02 1.003494856881705477e+00 5.408589017971649420e-05
-4.033191302084256080e-02 1.001666288580085773e+00 5.095252231035673839e-05
-8.612023957978665045e-03 1.000380046346041496e+00 5.214294840402046850e-05
-9.783184948453627072e-02 1.008236940848492136e+00 5.989446971006276871e-05
-8.845821374335684217e-02 1.005575094946475012e+00 5.654257082671983100e-05
-4.147347384605918480e-02 1.001485121882641716e+00 5.108750624887557101e-05
-1.123434597091230169e-03 1.001408525735649979e+00 5.217750180773525601e-05
-3.033222850752455291e-02 9.988227844866789384e-01 5.277732279849993181e-05
-7.840752070821564723e-02 1.002083399618155735e+00 5.506328477928415001e-05
-6.392012751554412842e-02 1.001857363710727977e+00 5.286408723144117377e-05
-7.503030995412253434e-02 1.003551502261651907e+00 5.395870883435669683e-05
1.038880163092531506e-03 9.992142512683998001e-01 5.399970438147612270e-05
2.131701436652161386e-02 1.002037813229063046e+00 5.513544181396377760e-05
1.475855853242459548e-02 1.002041074361950779e+00 5.397272177504809946e-05
-1.137028557780477012e-02 9.990422534777058106e-01 5.307350605285410619e-05
-6.837950659936697928e-02 9.995928447872801659e-01 5.514801124189851981e-05
-7.043549504183069243e-02 1.000999427959361476e+00 5.430599843701671445e-05
-3.919917823535054580e-03 9.995514421121552973e-01 5.318063066163123743e-05
-4.728050053522767776e-02 1.000651560670206441e+00 5.190297605439786731e-05
-5.558382523000100078e-02 9.992449752460865753e-01 5.379741824859964028e-05
1.400963085045185685e-02 1.001295451218190635e+00 5.420649914571957134e-05
-8.664272631413437453e-02 1.004990362003777227e+00 5.608402079605170968e-05
-8.248367807770654037e-02 1.002388546619902954e+00 5.572834421882063498e-05
-6.499449000549535616e-02 1.001143050346966046e+00 5.340269772075573857e-05
-8.045123149235722249e-03 9.981609093361327734e-01 5.426276275585612631e-05
-6.133905013503725134e-02 9.981561789286188535e-01 5.573197325758076143e-05
-4.207333384742700105e-02 9.991663544403828201e-01 5.279966331841378708e-05
-8.143643656153387589e-03 9.986269045194234861e-01 5.372743451782436604e-05
3.354271332175585985e-02 1.004368662192242523e+00 5.731965709622130478e-05
-8.012974748039357331e-02 1.004966559310253915e+00 5.478286917193003828e-05
-6.690863937487334656e-02 9.991948398570158485e-01 5.532464614328536865e-05
-1.080290958174170979e-02 1.000551237751176048e+00 5.187718050062180546e-05
-5.622162024892848886e-02 9.994665043833239615e-01 5.364979616814701582e-05
-6.746961114547300742e-02 1.000848795135075298e+00 5.395193602401064583e-05
-8.491842277241701265e-03 9.970376420168529652e-01 5.571369517585531678e-05
-2.532936444811978438e-02 9.989915761925204363e-01 5.261031765592279186e-05
-5.731172325703159237e-02 1.002249092131611619e+00 5.193061760456779452e-05
2.436861816511350087e-02 1.002249341540195404e+00 5.565525280797015020e-05
-8.218043068472932755e-02 1.003851846276075932e+00 5.522040881706258303e-05
1.881003854481338999e-03 1.002326559847185328e+00 5.212042898401012800e-05
-4.434606315192042569e-02 9.981348483987121378e-01 5.405973046732142170e-05
-3.234329948060465920e-02 9.979383283893136225e-01 5.380343449271364465e-05
-7.188214872511139442e-02 1.002763769648958414e+00 5.364556618787346673e-05
-5.408972304033892592e-02 9.981625240107806496e-01 5.485167008474824162e-05
-1.970347192707766482e-02 9.967421628793383670e-01 5.553372210778866958e-05
-3.909212823233631368e-02 9.988564108265137742e-01 5.296783184337296814e-05
-4.708536312368756527e-02 9.992638672529106092e-01 5.302006866695922798e-05
-1.564519719875757942e-02 9.974212904847923333e-01 5.472057818814388559e-05
-7.266857784943893395e-02 1.002933952717310451e+00 5.371805720243116292e-05
-6.296515217008159804e-02 1.001444165852083623e+00 5.295565080442300406e-05
-7.811301003401614762e-02 1.002869780452443349e+00 5.468062231911353010e-05
-8.857210155548109198e-02 1.006468459655537773e+00 5.679521493639813471e-05
5.417106320131231945e-04 1.001872886093860382e+00 5.213966331261726573e-05
-6.650951095289819870e-03 9.989528859910843384e-01 5.350652936319407301e-05
-2.968662402054299265e-02 9.969650396295631767e-01 5.508263253325610493e-05
-6.123254437320180266e-02 9.987428151101490625e-01 5.500778952121799918e-05
-2.534055045074623536e-02 1.000651620367874362e+00 5.126886383050426326e-05
1.196759318777346204e-02 9.990265982982917681e-01 5.568053434691284974e-05
-6.162255786109847172e-02 1.001316672094174409e+00 5.286044673711399544e-05
-7.391507305963684882e-02 1.004064767293089577e+00 5.370666885755535745e-05
-8.457183665288685315e-02 1.005835039515195151e+00 5.577446187536688987e-05
-6.077707069399571060e-03 1.001854521653594121e+00 5.153129887818163550e-05
-3.889654767659350698e-02 1.000607927745037262e+00 5.148181656410869906e-05
-6.175701014726552723e-02 1.002843278787890702e+00 5.222581055255551719e-05
-7.232040230766209610e-02 1.002799564819559341e+00 5.370380486588338426e-05
-4.431146086262070793e-02 9.974902819036257640e-01 5.488980491542688869e-05
-9.160016729574248229e-02 1.006013690137474548e+00 5.734484538267735267e-05
6.457473705218597093e-03 9.983693870729355435e-01 5.558516685869668378e-05
-9.991070759088588327e-02 1.008627402964639597e+00 6.072071365334475411e-05
-7.243614865596681440e-02 1.000249984217181032e+00 5.521792509408735629e-05
-4.338009675290063066e-02 9.994032297855725000e-01 5.264767581088019774e-05
-2.991591608920846079e-04 1.001929138805648600e+00 5.202985705284050079e-05
-2.638374817046122700e-02 9.993813161467079986e-01 5.223384275800364802e-05
-3.578355169051834761e-02 1.000550398805660546e+00 5.141833861578256389e-05
-9.339658858525277940e-02 1.006816641817097846e+00 5.802684900870513939e-05
-2.490035875778635888e-02 9.983896750039475965e-01 5.324911613927251337e-05
2.343377663580390943e-02 1.003216441974444262e+00 5.519094671930399690e-05
-2.066382465005361935e-02 9.983687885794420014e-01 5.335607237762387520e-05
-7.399333031667765237e-02 1.002530703876803875e+00 5.407413943831412351e-05
-6.901206495763514970e-02 9.996701988367008296e-01 5.517394372432606384e-05
-6.372796480498696403e-03 9.989516404189703325e-01 5.353085045685178318e-05
-8.473635866091874802e-02 1.004928985742405301e+00 5.568043464982226013e-05
4.684422950847061395e-03 1.000628613502904551e+00 5.328040842492717740e-05
-7.841044654624804155e-02 1.004257564837771621e+00 5.446276155828673699e-05
2.541268623542970728e-02 1.002573656674189628e+00 5.575612310295437727e-05
1.466897068713962637e-02 1.001531376972355059e+00 5.418896417515826224e-05
-7.312286237134359157e-02 1.003910381644376404e+00 5.359371571883564492e-05
-1.287856027092455780e-02 9.997737451902434236e-01 5.232505116639219313e-05
-9.458740480550885399e-02 1.006648223266302766e+00 5.825182142307489263e-05
-7.069805354305340461e-02 9.991831686147313318e-01 5.595639524622656016e-05
5.380140047361786637e-03 9.995053442196485394e-01 5.425472044340573779e-05
-1.715999835118392491e-02 9.993172691721994294e-01 5.251038951331123036e-05
2.808391136325054382e-02 1.004272568575984792e+00 5.606557391569974005e-05
-2.904226785977072345e-02 9.996605986391295939e-01 5.198621636453956598e-05
-2.743621098101986511e-03 9.993808656175516836e-01 5.344534672333833451e-05
-3.273320046616233492e-02 1.000058313362027551e+00 5.170349359665666038e-05
2.820171178834608716e-02 1.004474957994101025e+00 5.609895943418321434e-05
-9.300676091096436726e-02 1.006113270749845912e+00 5.770285937812740738e-05
-2.387425946984059189e-02 9.969958063572925688e-01 5.505694597053691151e-05
-7.805982524673323042e-02 1.001621212957546359e+00 5.524920505170185419e-05
-2.604376220151487231e-02 1.000079276510938753e+00 5.165922514802399830e-05
-3.100950338688349128e-02 9.981915173787654361e-01 5.347868829945840249e-05
-5.774312872702160732e-02 1.001741909700298860e+00 5.219284559287998217e-05
1.883160239696246574e-02 1.003812846511791479e+00 5.426092178564947071e-05
-5.797804390025626531e-03 1.001854671118280082e+00 5.155394755029534708e-05
-9.404115146561857486e-02 1.006483570406284000e+00 5.806136991540251398e-05
1.710361350717765766e-02 1.003989806429147924e+00 5.395747626691745671e-05
-2.472623532526836698e-02 9.987970071960459162e-01 5.281316120148947117e-05
8.074156683179303795e-03 9.984925264279255197e-01 5.567142562925013645e-05
-4.953356622061818454e-02 9.992911820562986325e-01 5.318264469126325795e-05
-7.546069891692924747e-02 1.000320773850737588e+00 5.570204794633760417e-05
2.833450520168719067e-02 1.002886948250204746e+00 5.629242543086864338e-05
-2.271538102581636964e-02 9.970437596568365590e-01 5.500759065442515397e-05
-6.339518509221225839e-02 9.986420006179308473e-01 5.542169993006372688e-05
-5.920938622589635297e-02 1.001260455534844107e+00 5.260877984345057327e-05
-8.608324208018892920e-02 1.005603148988485573e+00 5.603721068925164117e-05
-9.778444413856228479e-02 1.007775052024651785e+00 5.958923421156922138e-05
-7.321283738745890113e-02 1.003115402674389145e+00 5.375527670113121494e-05
-6.680200042540133942e-02 1.001679303861306547e+00 5.334503413148751770e-05
-8.993192194595062139e-02 1.006824686562817650e+00 5.722966656505088721e-05
-6.585890552230497241e-02 1.000699781273815425e+00 5.382391336160373234e-05
-6.148115481453693409e-02 1.001214697271969767e+00 5.290328936194316391e-05
-9.721856099370207449e-03 9.972688745479748595e-01 5.528945100683984432e-05
-6.009283697635668664e-02 9.982226820808630663e-01 5.548161733712885120e-05
-3.052071565916293638e-02 9.976253731284628889e-01 5.417452272946068263e-05
-1.690009387018392983e-02 9.984183728259761192e-01 5.343314088430267932e-05
-6.223581908150733338e-02 9.994378982190101901e-01 5.440280502551236874e-05
-4.076163609866539222e-02 1.001092460582656329e+00 5.126214674335368609e-05
4.341764047029368634e-02 1.007760910977623103e+00 6.118310623281750552e-05
-1.823241719294357854e-02 1.000834923748763039e+00 5.132521619316040017e-05
-3.528161613586351664e-02 9.990980261710425969e-01 5.259230329214148339e-05
-1.934211700470976625e-02 9.994270825255421320e-01 5.233068874522878655e-05
-2.018569177063239684e-02 9.988603757504034286e-01 5.284382996877742963e-05
-6.642746684369948973e-02 9.989774271781681758e-01 5.548721190149537991e-05
-7.244970077378083684e-02 1.000194171916270358e+00 5.526853755170253236e-05
-1.609121764926357834e-02 1.001016454257104948e+00 5.130709338190878846e-05
-5.582935898162062066e-02 1.002020732757881616e+00 5.187323696038409070e-05
-2.906598023642621709e-02 9.991304293327878394e-01 5.246374232856567814e-05
-1.313598709376335993e-02 1.000304465460041925e+00 5.190570108288280695e-05
-2.726872279883016392e-02 1.001359802965199775e+00 5.085453277446772268e-05
-1.520853824683959798e-02 9.999259449681603407e-01 5.208043307865981009e-05
-7.085593588305826029e-02 1.000038252097804392e+00 5.513417157035986594e-05
1.462245969697703596e-02 1.001278138523586936e+00 5.431603156398804948e-05
-8.894996385620732027e-02 1.004560605053828048e+00 5.659074329149594429e-05
4.806598190645910984e-03 9.991401798088356268e-01 5.452809540328994035e-05
-4.224462844462495426e-02 9.987519197744871846e-01 5.323099077764028642e-05
-3.871058873510544590e-02 1.000745984254397536e+00 5.138570026891429722e-05
-1.678561005309839316e-02 1.000454558604979782e+00 5.162376129002975146e-05
-8.638959638857664214e-02 1.005292642270196213e+00 5.605581339713829059e-05
2.285381772183146809e-02 1.003553506090224090e+00 5.502686599707589348e-05
3.484849746193872944e-02 1.004782778242731656e+00 5.766691343748472183e-05
-1.471323360781977285e-02 9.976676877435288748e-01 5.444081614698430532e-05
-1.550332239603717521e-02 1.000218758515401207e+00 5.184557464789059465e-05
1.392389297675133975e-02 1.001026649171456562e+00 5.434877778400729330e-05
1.938752262315214525e-02 1.003230137869724814e+00 5.442519509344521169e-05
-2.582046136541077397e-02 9.984831192883598661e-01 5.313629701340058292e-05
-3.577461546386526137e-02 1.001461779255493179e+00 5.089485885488851172e-05
-6.536089393812843928e-02 9.994429739606315310e-01 5.483509412510007453e-05
-2.838155232258179894e-03 1.000343275618525762e+00 5.265245168856048631e-05
2.604634954083935583e-02 1.003283235230017167e+00 5.571080309406022053e-05
-7.787554148134460952e-02 1.005010918317125190e+00 5.438047315608498887e-05
-5.869462449227924594e-03 9.971970220164442233e-01 5.570354569718928437e-05
-6.374066237301190263e-02 1.002712198645694830e+00 5.250541605652899775e-05
-5.232123506067276608e-03 1.002059190927516941e+00 5.152284859466006885e-05
1.629966560473015968e-02 1.003673152522505996e+00 5.383770612300637970e-05
-1.964400348628921045e-02 9.966930858343000521e-01 5.561075083571429277e-05
-5.241169890278003091e-02 9.977464718443053160e-01 5.521693040212994057e-05
-7.797326347942959424e-02 1.003465015265964322e+00 5.449157558805818369e-05
-3.493774913855127173e-02 9.994871450180893291e-01 5.222117467772680532e-05
9.940947475076830631e-03 1.002061498912064641e+00 5.322964372304153397e-05
2.832751846884747071e-02 1.004047233763186942e+00 5.611960112910135327e-05
-7.770374805306633215e-02 1.002614730548631705e+00 5.469681966401952549e-05
-7.118358605158321695e-02 9.994848930246583718e-01 5.572098219751374615e-05
-9.094729333493008216e-02 1.005558103446382523e+00 5.710333082063136532e-05
-5.584306929094565164e-02 1.001864920275949977e+00 5.194213216338946338e-05
-3.891877377566616003e-02 9.979472768608675937e-01 5.399499295953744761e-05
-8.789389517808468555e-02 1.004184892159475373e+00 5.638223743560346934e-05
-7.296687282641897698e-02 1.001558365198244260e+00 5.436952160618488774e-05
-6.613688967601527580e-02 9.996154225779245728e-01 5.478041502288739527e-05
-7.223517430741507872e-02 1.000810023560657402e+00 5.473746174238125646e-05
-4.477208920487954491e-02 9.974910200697025831e-01 5.492002401477992025e-05
-5.410804195807568384e-02 1.001341089326484912e+00 5.203751499760282776e-05
-7.114675610510858006e-02 1.001157624927933920e+00 5.431505710874621665e-05
-3.268434471663522745e-02 9.990134823322660562e-01 5.261657435962587199e-05
5.923297527951912333e-03 9.996077631520605689e-01 5.423371460795028184e-05
-1.462986963340009994e-02 9.968198539644798073e-01 5.563268572831543088e-05
-4.805069868381425108e-02 1.001785371040482042e+00 5.132650909889289423e-05
-9.557973480185479043e-02 1.007342176212945084e+00 5.879586482940223985e-05
1.579005334313526854e-02 1.001721616200999865e+00 5.428229489006950267e-05
9.859684122695139274e-04 1.000781162420714354e+00 5.274981421711673595e-05
-3.857507163708254888e-02 1.000873981144705605e+00 5.130158841274828343e-05
-2.156476956881576978e-02 9.973047957468987867e-01 5.466424577986194768e-05
-7.043811363827141847e-02 9.998011577654823956e-01 5.528279492623227161e-05
8.276043667981250462e-03 1.000409560238071371e+00 5.390710460725522837e-05
-5.002488910160490104e-02 1.001885435435704297e+00 5.142645410418103470e-05
-3.058594911182152543e-02 9.978157422294910983e-01 5.393086805869055521e-05
-7.632943697582378340e-02 1.000440780995745405e+00 5.576384507321615854e-05
-8.926116647901725931e-02 1.004979043804981043e+00 5.666084204092193663e-05
-9.910599038328696264e-02 1.008106113677485371e+00 6.013885334047526683e-05
-2.755692349496907667e-02 9.975845720369289626e-01 5.421250203189063654e-05
-3.769104088008173176e-02 9.966497333449205742e-01 5.576170533402864091e-05
-4.834784419716119108e-02 9.973690051040714488e-01 5.536302313244260823e-05
-4.329862451132596851e-02 9.973937312324145932e-01 5.495731442664895879e-05
-6.660859924387316222e-02 9.996112857938850293e-01 5.485525297173880793e-05
-1.290191532597724511e-02 9.986202469401730397e-01 5.341343351310858792e-05
-6.685091176492578835e-02 9.997003988835401200e-01 5.480648013426696325e-05
-3.145375593588681240e-02 1.000952207921806725e+00 5.108649216810058424e-05
-3.764592706329235317e-02 1.000588600596643341e+00 5.144954988416064088e-05
1.483395915343718729e-02 9.997368944424752657e-01 5.546757990438421306e-05
3.014859705947282864e-02 1.004578426771547628e+00 5.653615094684641439e-05
-3.155109755371213187e-02 9.998519948092692289e-01 5.184821768767903551e-05
3.373749954270834073e-02 1.004713362108992536e+00 5.738740320770272473e-05
-2.310610117878544867e-03 9.991031728141858137e-01 5.375184582840363565e-05
-9.134816682604925131e-02 1.006867498341648792e+00 5.756756289565794789e-05
-8.105398963856313976e-02 1.002446921528086898e+00 5.541056627013726002e-05
-8.352383524491985289e-02 1.003300393473480767e+00 5.561152098855059995e-05
-5.972762957967100994e-03 9.992117253605957705e-01 5.330988657284386009e-05
2.408495326396968561e-02 1.004081669736366811e+00 5.523545540889426603e-05
-4.638747877050362900e-02 1.000588746360104420e+00 5.188494503403868812e-05
-5.529633174235805415e-02 9.978402206960581555e-01 5.539638839560416056e-05
1.696655215349510137e-02 1.001824671502164588e+00 5.443546789130360592e-05
-5.872540853861565185e-02 1.001821436085251316e+00 5.226080607982348629e-05
-6.151995800407278336e-02 1.001742262616238666e+00 5.261980698232513940e-05
-6.706739679415305022e-02 1.001633957829997978e+00 5.340703029536316104e-05
-8.503256537712287899e-02 1.005118049880459052e+00 5.575435028382401604e-05
-8.034000919051309531e-02 1.003550225107603833e+00 5.491570289274177807e-05
-7.819361643060528111e-02 1.001556710028660202e+00 5.531361089237849606e-05
-7.726729527636760908e-02 1.003562282501589298e+00 5.434473720728131142e-05
-3.903869912747100213e-02 9.968354735245138487e-01 5.553505416480422960e-05
-1.336480236596586380e-02 1.001600080917008029e+00 5.114819885416579866e-05
-5.014674897399609699e-03 9.996588353117181747e-01 5.298917810936800370e-05
-6.946747218794825651e-02 1.000245972577095799e+00 5.472590975770701621e-05
-1.512093711692251430e-02 1.001352304313128050e+00 5.117493984728853801e-05
-7.110317258742297752e-02 1.003350748189874464e+00 5.336651152557477700e-05
