1.267376111108210746e-02 1.002120250796390444e+00 9.953097711266243111e-03
1.993130952910972253e-02 1.003020139181907799e+00 1.219278617955147845e-02
-7.557136296390316865e-02 1.002150300436552843e+00 7.937101956239011810e-03
-7.538772174719707286e-02 1.003328471648173625e+00 8.509948360186880140e-03
-5.277733990465624525e-02 1.001165102093537040e+00 6.825612914918197625e-03
-6.628987572056493915e-02 1.001636121591742201e+00 7.330038312466177590e-03
-4.840757857779877729e-03 9.997578547879387711e-01 7.569949168110557021e-03
-8.001627992862540839e-02 1.003883277290871678e+00 9.269997313792074228e-03
-4.179592884591398078e-02 1.000706288391316701e+00 6.654422455101619699e-03
-3.588183254226364610e-02 9.996372079379268749e-01 6.817593421324777414e-03
-5.122024502988661854e-02 1.000678696025506964e+00 6.794000330921220673e-03
-4.726159214251820367e-02 1.000916884450582245e+00 6.712538169792143551e-03
-6.582079840627388934e-02 1.000644526451766048e+00 7.360677548217313057e-03
-1.724673162509217372e-02 9.990214680137730063e-01 7.299078765167018798e-03
2.846850255557725751e-04 1.001204325945597384e+00 8.105325606421413115e-03
2.607872590074769570e-02 1.004291253899386449e+00 1.646221503709396558e-02
3.000419754836096062e-02 1.004818014260930426e+00 1.940382617798210377e-02
1.070386841289758251e-02 1.002432348836070242e+00 1.006435222547217255e-02
1.393074875417561753e-02 1.002433533322510950e+00 1.046061623912706781e-02
-6.848398726199671216e-02 1.002428293036573770e+00 7.645637405802481294e-03
6.949183729450874106e-03 1.001679462097226470e+00 8.953353720096613247e-03
-6.066031867167515079e-02 1.000273412033826803e+00 7.205078129929523047e-03
-7.232215835377711621e-03 9.983436515409302991e-01 8.117007120336316300e-03
1.203492422596945735e-03 1.000205928759331675e+00 7.927959018631197327e-03
-5.354926470523269089e-04 9.984197480863613583e-01 8.433559623433757937e-03
-8.091598778765098088e-02 1.003466428690880541e+00 8.955970243504380451e-03
-4.694694232861998384e-02 1.000049063652399539e+00 6.817820182366282275e-03
2.079330120983083341e-02 1.001564441097433145e+00 1.050593415852497416e-02
-1.212909121183240735e-02 9.995587994116809094e-01 7.263892569190082311e-03
-3.075192517367579537e-02 9.977671961128742328e-01 8.223461998625534314e-03
-8.239038792245015341e-02 1.004196035458240877e+00 9.766874793433433580e-03
-2.273723628290686902e-03 9.982093741406945497e-01 8.499361090413166953e-03
8.212540513470896822e-03 1.000809030494616003e+00 8.615799214466630593e-03
-5.524983107295987350e-02 1.000330760602753832e+00 6.969216106564141491e-03
-6.294301466242258059e-02 1.000937428410571872e+00 7.167015111158320934e-03
1.489779454504385273e-02 1.000058040048790620e+00 9.164111779558819365e-03
-4.404222139803230796e-02 9.977573311369887232e-01 8.550632933071729974e-03
-1.775156383350348643e-02 1.000080119577162030e+00 6.972382574058653970e-03
-4.680874993404054996e-02 1.000590019097040040e+00 6.715258633805059642e-03
2.075054846197420602e-02 1.002191808678452478e+00 1.111853925368529693e-02
-2.574591752414107093e-02 9.976518230569788592e-01 8.358268982996575058e-03
1.932469585711304311e-02 1.002641530860896246e+00 1.149277698082176551e-02
-3.986984658812834856e-03 1.000140501192301468e+00 7.586849347895525432e-03
1.240280905302786757e-02 9.997814867286269891e-01 8.909926896073698185e-03
-6.055444195457426737e-02 1.000793195422534421e+00 7.080643868612684563e-03
-7.000758808995984073e-02 1.001951713744119177e+00 7.567247776801316016e-03
-1.795131317737528112e-02 9.987200470085022541e-01 7.455352552858721636e-03
-1.181819885293471963e-02 1.000731186026217134e+00 7.231277265216180111e-03
-7.944603098065458613e-02 1.003576415316715487e+00 8.948511508301676062e-03
-6.658213851812803952e-02 1.002018521714850063e+00 7.420396604963589750e-03
1.259540284815343497e-02 1.001857629408847039e+00 9.694639850799347328e-03
-4.073018352726875957e-02 9.998247748853574812e-01 6.788449823516382042e-03
1.822867885345676869e-02 1.001308250692714008e+00 9.969963536138217244e-03
1.755367979688451929e-02 1.002729924077663926e+00 1.135818090813429590e-02
8.674075433040341274e-03 9.999469636800738526e-01 8.535521201518252513e-03
-1.447506394352392201e-02 9.990802765357144066e-01 7.355006378939482961e-03
1.094992503699136407e-02 9.995237373857641661e-01 8.809222636082417873e-03
-5.562831380592023200e-02 1.001317725315334917e+00 6.908711618800745559e-03
8.840378352353947533e-03 1.001423753763055702e+00 8.967147139113583465e-03
1.469683116937137157e-02 1.000590038961859829e+00 9.217776448357240665e-03
-3.125670101996894795e-02 9.999412022449817306e-01 6.738458097955213506e-03
-4.596530742455624818e-02 9.986118075594923038e-01 7.630249989706967828e-03
-5.089541860049928701e-02 9.992338819250329296e-01 7.311971428538967775e-03
7.548847857786339377e-03 1.001666542825834894e+00 9.002400060786092117e-03
1.012293286529826475e-02 1.001876125017361119e+00 9.433724810066136668e-03
-7.771437580614527774e-02 1.003113642090019741e+00 8.495162243494832482e-03
-5.084276784504205421e-02 1.000419534304169744e+00 6.819823111755768733e-03
-5.132847281293360930e-02 9.994237751177122986e-01 7.208967991818726259e-03
-4.970907242827252159e-02 9.996413278734004315e-01 7.041270506038431291e-03
-1.988878148489421627e-02 1.000252984001206435e+00 6.898025582458046541e-03
-5.209103857619322431e-02 1.000801907165630222e+00 6.805914647010979229e-03
-4.196261005253061616e-02 1.000547881645712955e+00 6.661300463329774928e-03
2.163983140161927429e-02 1.002144337522397510e+00 1.119876925567059658e-02
-4.929791227870444076e-03 1.000222443784262616e+00 7.532407219300188764e-03
-4.991262119397856661e-02 9.996251858461350226e-01 7.055100930578279278e-03
1.217163960945510590e-02 1.000300371683739975e+00 8.888816513477117501e-03
-6.537377018499981873e-02 1.001174076648005062e+00 7.264586643237219525e-03
8.358297886357314577e-03 1.002137304922250394e+00 9.485194843512722088e-03
-7.021498115141862340e-02 1.001945720757354108e+00 7.576802919445963479e-03
-7.845065985669211206e-03 9.980058621184150214e-01 8.394960791168597572e-03
-3.774443813721669455e-02 9.988410961313672898e-01 7.256114579150675474e-03
-8.119442755255676381e-02 1.003717922487057157e+00 9.188263212335434291e-03
-6.265384767255700871e-02 1.000579042713175548e+00 7.213186698407867033e-03
-4.691094727513400731e-02 9.996587618739085634e-01 6.958277354796341303e-03
-4.477439656863708983e-02 9.990248178836979021e-01 7.263173837194634302e-03
-6.057317235145638634e-02 1.000432685160161039e+00 7.153229334797449844e-03
-6.900601387587620983e-03 1.000499054035678625e+00 7.441985673675003722e-03
-1.752981816310504593e-02 1.000100713392644947e+00 6.977624903461315288e-03
9.372505864498819478e-03 1.000427475698826951e+00 8.629906817672202204e-03
1.473057076097088192e-02 1.000934961317418104e+00 9.341590083494805130e-03
-4.137728211605519457e-02 1.000270780834190409e+00 6.687622579686547733e-03
-6.510662555455139222e-02 9.996788802709397626e-01 7.742552275375720258e-03
2.378253289609995325e-02 1.002644405474519829e+00 1.221928210729064657e-02
2.437542359169944661e-03 1.000167536483173025e+00 8.017136448012288086e-03
-5.942401451081907870e-02 1.001378084842750482e+00 7.028509680252159782e-03
-4.137477522098410854e-02 1.000792356047690124e+00 6.652849747863363861e-03
-4.469677397334349128e-02 9.999183610032134073e-01 6.814546074842224750e-03
-2.667879441512957528e-02 1.000250146677194252e+00 6.747052633045366038e-03
-4.707988132598783793e-02 1.001031214649332979e+00 6.715548159720374950e-03
2.993482089455688083e-03 1.001198850014279662e+00 8.315213662781498205e-03
-7.151261749287135538e-02 1.001651214459745809e+00 7.604505968630113737e-03
-3.668015802264248948e-02 9.981957041624743843e-01 7.805202861621588981e-03
-3.814600519173360488e-02 9.993374705139363989e-01 6.960692446535212546e-03
-6.460105218383627862e-03 9.992600249904920462e-01 7.616916947846806736e-03
-5.100834888411455437e-02 9.999667818486623894e-01 6.944983221783007817e-03
-7.582831103120954430e-02 1.003405950555633641e+00 8.594162033832680389e-03
-2.421489687167089483e-02 9.983756557962947253e-01 7.600045757975592599e-03
-2.263350175956177837e-02 9.992461345411034479e-01 7.068839886286416158e-03
-6.850155819582700450e-03 9.991626229856083174e-01 7.635894803267309280e-03
-4.789259185998150092e-02 1.000450676386883897e+00 6.750217817344016449e-03
-1.349466890954683501e-02 9.988526003746177606e-01 7.507975878430187162e-03
-3.234610421518753498e-02 9.979759499399322165e-01 7.987570270659367574e-03
-2.471708003436787898e-02 9.974010955897347763e-01 8.706935796607426573e-03
1.296902058807699806e-02 1.001406211383424116e+00 9.394411673182596553e-03
-2.966581519412328505e-03 1.001330917559847933e+00 7.931636232940809592e-03
-6.533761381479266661e-02 1.000214197639188063e+00 7.473978215068558494e-03
-5.948557325685138730e-03 9.995190942558636049e-01 7.560645179210310173e-03
-1.467826218781425815e-02 9.980519366060158770e-01 8.089269715263197255e-03
-9.125671628524623102e-03 1.000682930334318765e+00 7.352603366186795386e-03
-3.665046865986518881e-02 9.990896717212088829e-01 7.081623300588302077e-03
-7.243896810106731365e-03 9.982821800891746866e-01 8.167534124787143024e-03
6.509000468738344175e-03 1.001653740095734157e+00 8.892689921549257540e-03
1.575017021931901171e-02 1.002547353285877074e+00 1.084653565234348048e-02
-1.005216718396963714e-02 1.000743066609734333e+00 7.317616363382051757e-03
-5.943476969347789851e-02 1.000846507499304927e+00 7.030034073039977821e-03
-1.028274238577311581e-03 1.000355632371800585e+00 7.782971981417392306e-03
-5.944870796507087385e-03 9.988716833658913830e-01 7.822500385365039818e-03
2.721839042615796511e-03 1.000457306105966726e+00 8.064825106468647559e-03
-5.743111556521213190e-02 1.000807965866290505e+00 6.961000315120614672e-03
2.928258679759352529e-02 1.004689879084858628e+00 1.868446783638773312e-02
-1.996092743728254681e-02 1.000487029624616886e+00 6.897598579296781128e-03
-6.975985832597475511e-02 1.002980922563390331e+00 7.993939190067378756e-03
-2.294782181639551388e-02 1.000032107746019916e+00 6.840328973177291043e-03
-1.125004708245971874e-02 1.000667730201220795e+00 7.246428303290060671e-03
-4.362958896547523835e-02 9.986992065746237435e-01 7.483439549203710003e-03
-5.894002696225724390e-03 9.989930979723393722e-01 7.761867437867875190e-03
-1.388420326745563350e-02 9.997815664561788829e-01 7.145682770944654025e-03
-6.802941540326956638e-03 9.998307581448593329e-01 7.452906420633256986e-03
-4.523603149022752123e-02 1.000930586680667256e+00 6.687905911939717382e-03
-4.202690290365734133e-02 9.996772138144484066e-01 6.857270832771267255e-03
-6.349215572715788403e-02 1.000754418876146357e+00 7.217715062492235760e-03
-6.484657217102364479e-02 1.000817204808854388e+00 7.274012246802118511e-03
-3.736826315962759465e-02 9.996074217405179763e-01 6.835909305366201331e-03
-5.111501076190880927e-02 9.997406992596349351e-01 7.038709130402598206e-03
7.519093725489606889e-03 1.000970226349511716e+00 8.610064734080631957e-03
-2.966006283047167152e-02 9.995956431292906119e-01 6.844313564679634088e-03
-1.164009952219745812e-02 9.985468103120507255e-01 7.772559150524815767e-03
-5.400006581800818189e-02 9.993401443268783435e-01 7.364713046067886647e-03
-4.207952477105890432e-02 9.989785265072727016e-01 7.232716198472324658e-03
3.112608264143677805e-02 1.004899675998687458e+00 2.007570922718159706e-02
-7.396864595108862406e-02 1.002121734174865608e+00 7.829725052529335969e-03
-1.560392032913272137e-02 9.994094758359560737e-01 7.183596790128457012e-03
-3.370788993415010926e-02 9.994960049003718261e-01 6.866909863011090576e-03
-3.387947222525233837e-02 1.000564810823903139e+00 6.654546226750031844e-03
-2.433474328725177341e-02 9.984421082563961214e-01 7.543317105087614730e-03
-1.304460838204880846e-02 1.000823551180944238e+00 7.194653142521649503e-03
-7.807133619728630347e-02 1.004122777265171740e+00 9.414355133894972485e-03
-6.790051288230457283e-02 1.002346458721291800e+00 7.586765615935841915e-03
1.209349956401525872e-03 9.990661268124388927e-01 8.156899525987811039e-03
-7.276497852194800664e-03 1.000449570184359205e+00 7.416149944558430955e-03
-5.306578797544306281e-02 1.000964115681324484e+00 6.825200020310611716e-03
-7.654964312930802317e-02 1.002175938444859415e+00 8.007856918871798790e-03
-5.756992343707358073e-02 1.000976602615052835e+00 6.954662455371270549e-03
-7.961189385383432571e-02 1.002836201492850909e+00 8.462605901380126569e-03
-5.879538941257041185e-03 9.995458499893244975e-01 7.557374190501947066e-03
-1.606605335062362416e-02 9.982359149078042782e-01 7.876564191078428215e-03
-5.311662750152408574e-02 9.984809645919598964e-01 8.065620207441715622e-03
-1.070934012614756931e-02 9.983939966797015231e-01 7.924049614664066890e-03
-8.228682354674449195e-02 1.004561784466946994e+00 1.023126705594200846e-02
-5.331497830980924668e-02 1.000983130801687881e+00 6.831356617140934076e-03
-2.926042836577590761e-02 1.000150691917344403e+00 6.721114708980699924e-03
-1.479616228581406845e-03 1.001318154427957685e+00 8.029476933457060581e-03
9.382950033937929868e-03 9.997800384935885409e-01 8.614628989518237356e-03
-7.254601379717924570e-02 1.003420826554101364e+00 8.440496365740336043e-03
-5.903418794296123873e-02 9.992629582664505072e-01 7.665888153643539774e-03
-6.333126288213485056e-02 9.998261139011382914e-01 7.543308886824262767e-03
-3.474704652802742405e-02 9.993788595008912257e-01 6.918916524580737137e-03
-6.614301192008771590e-02 1.002695675487300431e+00 7.679935498284506251e-03
-2.639238684112271693e-02 9.979085697167459079e-01 8.045502109485196465e-03
-5.959408333640359157e-02 1.001060787065839230e+00 7.022906158353907878e-03
-1.267159884121802325e-02 9.978552076477248400e-01 8.359402576445067179e-03
2.717795744938546199e-02 1.003623166780918563e+00 1.480848444961158430e-02
8.743644810026852954e-03 1.002242215691546701e+00 9.632525613723214031e-03
-6.142885370242474885e-02 1.002228985049519183e+00 7.300749794544481898e-03
8.754495494784873821e-03 1.002076680698139377e+00 9.468616440886189548e-03
-6.006057572817291579e-02 9.999282434660482499e-01 7.314143649741900420e-03
-2.767687125475656526e-02 1.000528476363049979e+00 6.723515392403421609e-03
-4.039054597718340356e-02 9.993285079810465543e-01 6.992155941545739710e-03
-6.742308060251327173e-02 9.999861877284615952e-01 7.714508410505101395e-03
7.546852991978676879e-03 1.001573798407537019e+00 8.937035164500672924e-03
-2.606580606097669284e-03 9.992123529581095065e-01 7.848965674618945190e-03
-3.572085537330782490e-02 9.991327136575629542e-01 7.049369218945212429e-03
-2.749899995126794255e-02 9.992117504999201705e-01 7.017926045992950619e-03
3.398806483825553282e-03 9.987882877508793555e-01 8.459110113647390697e-03
-6.064158235611637193e-02 1.001004568448318643e+00 7.064809491516972975e-03
1.999902216647364214e-02 1.003013061523594596e+00 1.219141051782901206e-02
4.889387986299842392e-03 1.001938281494079153e+00 8.959797536427019371e-03
-7.495248349220137718e-02 1.002753445655687470e+00 8.124165710319307745e-03
-4.985850030172306324e-02 9.986657735484124609e-01 7.725190683925616496e-03
-4.458942479287400507e-02 9.997912416989659379e-01 6.856045903109951253e-03
6.181869674984512286e-03 9.992233592651798002e-01 8.470513231252420686e-03
-5.004972216283604808e-02 9.990265906010344921e-01 7.427815233560569261e-03
-6.570265819919966777e-02 1.002214898187599568e+00 7.445779013626628064e-03
-6.447586281811987230e-02 1.000793079702009925e+00 7.259374602484699145e-03
-4.896320382852192843e-02 1.000572367123765183e+00 6.755649767847211884e-03
-3.962334170861159244e-02 1.000321511968304655e+00 6.668064233356953141e-03
-7.309319147711829112e-02 1.001182802211256773e+00 7.710054953835674546e-03
-4.323422265018855848e-02 1.000176223000598830e+00 6.724867716893200009e-03
-7.380720157828436767e-02 1.001675601045985742e+00 7.747625654868329874e-03
-4.245654384178711854e-02 9.977108085383660230e-01 8.556051825762123891e-03
-1.659136718017675816e-02 9.987119301895761581e-01 7.496783149088705710e-03
-4.541005730247504868e-02 1.000942665365537554e+00 6.690353607145049959e-03
9.171296900791233928e-03 1.000052132428806750e+00 8.579066539128809080e-03
-6.033970466519146536e-02 9.997449261762610950e-01 7.421694988100035334e-03
-1.031047588973296042e-02 1.000483713386020712e+00 7.266377179125811485e-03
-5.778996763089364053e-02 1.001318888416364850e+00 6.970637627568214423e-03
-5.916129750103126667e-02 1.001222800828149628e+00 7.009052460185603156e-03
-3.089415325455779904e-02 1.000542778213291406e+00 6.679950753148392213e-03
-7.488383211610379064e-02 1.002021801230824627e+00 7.864206571296487869e-03
1.403503798573236920e-02 1.001266553523972869e+00 9.429824809641338193e-03
3.154619656543070777e-03 1.000873939736609541e+00 8.198658597289158398e-03
1.204970953351842261e-02 1.001259644929337389e+00 9.203964187620129744e-03
2.105262241930358144e-02 1.002312043852533474e+00 1.131093558915351183e-02
-7.673586388844401418e-02 1.003130966491061482e+00 8.446830648600453517e-03
8.766299101753666223e-03 9.998121622928225483e-01 8.554151664251833515e-03
-6.042353686362008508e-02 1.000992536727996596e+00 7.056913152724768323e-03
-2.153865790402819530e-02 9.975632717034035313e-01 8.505934533612705822e-03
8.693043376642261774e-03 1.002196621323321768e+00 9.580093733557391508e-03
-5.194371894963585590e-02 1.000603240474462030e+00 6.819591568073459648e-03
1.818764766432974522e-02 1.003241678291907357e+00 1.231563751783404208e-02
-5.870938364695234279e-02 1.001225819580992438e+00 6.993894095142140326e-03
-1.122925085176399752e-02 1.000937431868731853e+00 7.305695223838279580e-03
-4.131197555826714163e-03 9.983395686165542626e-01 8.280765067068684634e-03
-3.240565754382582209e-02 9.997741410063889500e-01 6.774010228135954152e-03
-3.566043257837298724e-02 9.979590611752149343e-01 8.051025065703532740e-03
-7.898726121088665841e-02 1.003081037191822622e+00 8.556459410740261881e-03
6.874162283469442865e-03 9.989718088801100571e-01 8.638596793159864298e-03
5.700422763242549151e-03 9.992850261547796542e-01 8.408483573222285193e-03
7.887613586781510450e-03 1.002177005301756463e+00 9.474907906473793023e-03
-2.230099771363470290e-02 9.994513407761420609e-01 6.994058422119572849e-03
-1.273609038400518381e-02 9.994375854878676524e-01 7.275720527031398835e-03
-5.546292605016563126e-02 9.994201086148216673e-01 7.377055923588067554e-03
-6.042841437197239707e-02 1.001592541411610693e+00 7.090213097966441974e-03
2.123321835615138778e-02 1.003223322439438459e+00 1.278504931084217464e-02
-8.852006199829551281e-02 1.005684862660118695e+00 1.272481301381285339e-02
-9.068417404668006193e-03 9.989940482062477090e-01 7.608150852499745431e-03
-3.074431190310689815e-02 1.000498733248520011e+00 6.681621855727873545e-03
3.762599591061149829e-03 9.990511074184309503e-01 8.349620585812596654e-03
-2.232169315071233159e-02 9.985005186459087190e-01 7.523213233453734591e-03
-3.148031101225579054e-02 9.998919781514774563e-01 6.748034063452141955e-03
1.183042435822685701e-02 1.002007501373349596e+00 9.743051876420208077e-03
-4.614793384997875614e-02 1.001132380198982652e+00 6.713610229346279011e-03
-1.317848539213273794e-02 9.977080682560441893e-01 8.511582026108504423e-03
-1.905301670288905846e-03 1.001281566952509250e+00 7.981711647691543468e-03
1.758602957884630724e-03 1.000909541909248190e+00 8.101023845982179006e-03
-3.128402805517596641e-02 9.985205403903277821e-01 7.450682469849211759e-03
-1.894390505299671512e-02 9.993234309501650703e-01 7.117981667865627173e-03
-2.997126542744882327e-02 9.998927249190225908e-01 6.758872959470749349e-03
-7.375798068025786469e-02 1.001541155155150076e+00 7.738006398851103584e-03
-2.791207456501854783e-02 9.976580253993611036e-01 8.349293701181861524e-03
1.630917360855972664e-02 1.001097646568113175e+00 9.605624103218872792e-03
-7.331399156607666667e-02 1.003565168525496709e+00 8.600330561693875220e-03
2.340258197329285732e-03 9.987527399800203431e-01 8.402025712882016037e-03
-5.658985772223462662e-02 9.998346296305649084e-01 7.198435154299603032e-03
-3.783799415432811952e-02 9.984876895087010373e-01 7.541558253369315401e-03
-3.290635178030171942e-02 9.997641459367002659e-01 6.775296370603220951e-03
6.760778663652006019e-03 1.001581093073127704e+00 8.866310167863248118e-03
-4.063821131581308796e-03 1.000106440187757295e+00 7.582751296025294109e-03
-3.024646191484614555e-02 9.993918402053124650e-01 6.917597757629337027e-03
1.960735505619894820e-02 1.002271946885081810e+00 1.104362347416456593e-02
1.617724884206241109e-02 1.001306206372598373e+00 9.708696370234307788e-03
-1.435649880556486707e-02 1.000624573457161270e+00 7.105085960171287664e-03
-4.056546367265062569e-02 9.985831130045991211e-01 7.509097441503526614e-03
-6.321130332689502140e-02 1.001425401502124890e+00 7.173766253870094908e-03
2.104296732653786889e-02 1.002269543783605998e+00 1.125656904272174033e-02
-1.385315900133048464e-02 1.000176565101056791e+00 7.103402960987987950e-03
-6.555069195603398235e-02 1.000262285225176795e+00 7.467097643834687618e-03
-3.668377393900047745e-02 9.979385046112856372e-01 8.094344696098789566e-03
-5.888588540400392646e-02 1.000670832188871540e+00 7.031753411411282607e-03
-2.982835229488259993e-02 9.975967211645214716e-01 8.439888524346121634e-03
-4.266439029312506237e-02 1.000232177851923199e+00 6.707075988928123261e-03
-5.367097359564189374e-02 1.000278490823150124e+00 6.930492381364182324e-03
-4.235877890095081366e-02 9.990451343481300261e-01 7.193412030395271092e-03
-6.988808637904934951e-02 1.001881146572986214e+00 7.546538567727668033e-03
-1.411038170604434275e-02 9.993045426670088549e-01 7.271760112552423487e-03
1.045466484509161367e-02 9.996618242416669409e-01 8.733216673892804649e-03
-7.063518309351576874e-02 1.003270577809276087e+00 8.235734468745750311e-03
-2.948971053527037894e-02 9.991157293635655190e-01 7.052535634433328322e-03
-7.185915737607004306e-03 9.994898973118948593e-01 7.504884772831722957e-03
-1.622177829299545349e-02 9.996030839963178094e-01 7.104983176420312865e-03
-4.826802825983717710e-02 9.996133422319211093e-01 7.013553428293572978e-03
-7.416273871161024878e-02 1.002905045066182721e+00 8.161527744288066960e-03
-1.824396508358898730e-02 9.994487980027840779e-01 7.091137269721285198e-03
7.259952050815646901e-03 9.994183397192689666e-01 8.497329575554418007e-03
-1.885275376213441448e-02 9.984645631039650304e-01 7.616513176414973878e-03
-3.751155740000226141e-02 9.991340465324943798e-01 7.063851756944941086e-03
-3.001959695131181660e-02 9.979138530554005904e-01 8.042180000420728891e-03
-2.077035262001714760e-02 1.000374152279771112e+00 6.871626574159154718e-03
-6.329862711517861285e-02 9.992610094470333326e-01 7.929968949335924888e-03
-3.897190136650752201e-02 9.995024059799271221e-01 6.891980432054536920e-03
-2.953003686874917239e-02 9.988944222330707889e-01 7.180698995772865321e-03
-7.290553026191841368e-02 1.002190965603527273e+00 7.785713337672884975e-03
-3.051800903971433471e-02 9.978320596749892246e-01 8.141772733908798562e-03
-1.317821900518573175e-02 1.000614589127410525e+00 7.152601131058916942e-03
-4.834631807648487323e-02 9.980409854458986985e-01 8.352874435176852602e-03
-7.458669616539530256e-02 1.003427079448092174e+00 8.545192980017506448e-03
2.477099070030366890e-03 1.001842345347398799e+00 8.666923260415716757e-03
-2.295922596144653327e-02 1.000429126583426642e+00 6.816184421193634962e-03
-6.579605096921950502e-02 1.000359556432460106e+00 7.444830969660099981e-03
-5.264983423410149466e-02 9.998848879359159003e-01 7.027357723394019734e-03
-3.253152507444322106e-02 9.998059429827430566e-01 6.764721561728046471e-03
-7.448965419506457797e-02 1.002434117580393691e+00 7.957781070331584883e-03
-4.834212181080459192e-02 1.001256348087546266e+00 6.755814306826053890e-03
-1.427219361643069367e-02 1.000686229796938553e+00 7.117318137285924898e-03
-5.381669870205713774e-02 1.001533710697461110e+00 6.897973942581867544e-03
-4.610029554702857468e-02 1.001052557243768071e+00 6.705294090227278438e-03
-7.050611861955587145e-02 1.000349695602165356e+00 7.753161214042438888e-03
-5.487869077634899284e-02 1.001336106361618183e+00 6.891483456005115943e-03
-2.480167736511595250e-02 1.000623279141032773e+00 6.782486974954957809e-03
-7.092230778663841106e-02 1.000961811447536709e+00 7.598442245381669367e-03
1.511295667850894725e-02 1.001838498503650143e+00 9.980201114671556281e-03
-3.504219935604856173e-02 1.000320612689089783e+00 6.662050939804353353e-03
-6.673777482856821375e-02 1.001527068936909570e+00 7.339331205591934255e-03
-1.814396410378282462e-02 9.994905657162479473e-01 7.080247474896816766e-03
-4.045240805893607350e-02 9.988906107794206513e-01 7.263001728083824833e-03
-1.777671769115163336e-02 9.984433024822195746e-01 7.658382102620811191e-03
1.677818601825858957e-02 1.003011567123796466e+00 1.168871734343394572e-02
-1.619742525154948404e-02 1.000213065479662600e+00 7.015647617445527721e-03
9.250400550991241116e-03 1.000735437980351694e+00 8.690925469990312680e-03
-2.076774477752755393e-02 9.986976297274682279e-01 7.407390072011254406e-03
-5.704902538446274263e-02 9.987981942294490434e-01 7.954858895589882184e-03
-6.197630025005836096e-02 1.000846063756033688e+00 7.134308558252716419e-03
-4.078081613298471103e-02 9.993546941105003745e-01 6.984288503499633434e-03
2.066062561421959376e-02 1.003659024226178031e+00 1.361309693868648779e-02
-9.182083943221140687e-03 9.983844915661731489e-01 7.995147282887211243e-03
2.159287989789364370e-02 1.003128691158601704e+00 1.266647618220955590e-02
-4.043826067964187421e-02 9.999063299688378814e-01 6.760568584924415113e-03
-8.102341835717549734e-04 9.986624371620446139e-01 8.243562790267128931e-03
-1.238173046081920622e-02 9.980188310896105364e-01 8.197266558122216773e-03
5.464301255668185808e-03 9.992911610333971018e-01 8.387128704361429196e-03
-5.301153711077614267e-02 1.001442315364288849e+00 6.864302962297248040e-03
-1.711425629165872625e-02 9.992769175675364490e-01 7.186377182612381682e-03
-2.840073859796930084e-02 9.997801692054243405e-01 6.801084086411903450e-03
-1.019567526150341741e-02 9.992101588572448456e-01 7.461067039955785254e-03
1.381669754604072931e-02 1.000579674269034047e+00 9.117021126580818202e-03
-6.095841959454689762e-02 1.001945784868850886e+00 7.188407143676793509e-03
-5.535242283548222342e-02 9.990088939570724857e-01 7.673089561842630704e-03
-3.541302313870933749e-02 1.000559373398131058e+00 6.647249377747907646e-03
-5.234755426887727908e-02 1.001147576465748257e+00 6.814910625585830946e-03
-6.248418582488605988e-02 1.000299067999608882e+00 7.285443917812947125e-03
-4.037738824693365425e-02 9.980251499081228550e-01 8.077396042476387567e-03
-5.554222530097639721e-02 9.992384795857894852e-01 7.503882695878525723e-03
-1.175065742372905647e-02 9.991779783901018064e-01 7.410462060458235245e-03
1.379349206191289590e-02 1.001036204017685449e+00 9.280615933600439016e-03
-3.811763278835510887e-02 9.986290490431248834e-01 7.424640948516282590e-03
-3.922951283714373738e-02 9.987317316815329526e-01 7.360490133374138905e-03
-6.857796728043140388e-02 1.002211625529651151e+00 7.568471108956128200e-03
-5.023077450718584774e-02 9.983728056565254194e-01 8.041840377141357826e-03
-4.815662032237105761e-02 9.979729034439058788e-01 8.433663762187239635e-03
1.161890132350401617e-02 1.001206892916608915e+00 9.128516611251729501e-03
-5.559061639776387287e-02 1.001561408456003388e+00 6.944027829167270620e-03
-3.786324719857579041e-02 9.980474924246852675e-01 7.990288033097939224e-03
-3.193661416817837606e-03 9.985278997560016467e-01 8.189860894497597715e-03
-4.859935369785170489e-02 1.000397774202613110e+00 6.772572677252665548e-03
-2.009778487621718263e-02 9.997067680709889048e-01 6.967878592702972905e-03
-2.303379761963352153e-03 9.996553451839431670e-01 7.737694327470436874e-03
-8.046234608531271926e-02 1.003378415898762865e+00 8.857557908790125029e-03
-5.275583453745638640e-03 9.992280470764117739e-01 7.691202829981395525e-03
9.214381341282856797e-03 1.000101991054317851e+00 8.583732090214377802e-03
1.900074155775276219e-03 1.000950510182073705e+00 8.126060948564101452e-03
1.117671531217742133e-02 1.000753798294726105e+00 8.887801102012078333e-03
1.303311984709644433e-02 1.000529915881209098e+00 9.019898260327695316e-03
-8.929626566700168966e-03 9.986418561513338288e-01 7.818677981245351905e-03
-4.013761016463148618e-02 9.990020819471611135e-01 7.180732746903688637e-03
-1.863706110440418312e-02 9.977205249337066650e-01 8.353407466842687965e-03
-3.790085030635523961e-02 9.984114897552190948e-01 7.612396473300152115e-03
-1.926130549451279123e-02 9.982045235979017939e-01 7.828411906417155272e-03
-3.611212542645574237e-03 1.001275705750388267e+00 7.862319903689919329e-03
-8.079951504644272697e-02 1.003739027794081862e+00 9.181125194277963558e-03
-6.248133757550553002e-02 1.002038018660832863e+00 7.266924978843862862e-03
-2.665435970829926893e-02 9.982696426998415307e-01 7.674571478474378865e-03
-2.230008087053730881e-02 9.994418660833532808e-01 6.997438976110852658e-03
-7.334724192451529123e-02 1.001894621195899449e+00 7.744934516870874419e-03
-5.154229810928857847e-02 9.993651618745902354e-01 7.251763467821485155e-03
-6.492400850950599822e-02 1.000607854044100575e+00 7.321177585328650025e-03
1.280113520316553816e-02 1.000816132971397598e+00 9.079703877857647418e-03
-3.491493287045262933e-02 9.992035470269408082e-01 7.005883197552132714e-03
-7.994388139248528868e-02 1.004403300051420755e+00 9.869485695779845955e-03
-6.276240056144288815e-02 9.996682048366232198e-01 7.602244372774931772e-03
-3.520575786724139400e-02 1.000523969722799889e+00 6.648751462589716152e-03
-5.431048366897277963e-02 1.000045489941706389e+00 7.023403518785277001e-03
-2.213635417695935387e-03 1.000916192286606110e+00 7.817462242725536567e-03
2.657637453119048379e-02 1.004122692140946738e+00 1.604841232167335263e-02
-8.227076718703567326e-02 1.004564878513480641e+00 1.023457792780285008e-02
1.346155270002404036e-02 1.000752415089434244e+00 9.129278489400248844e-03
8.721234008843940788e-03 1.002066288934791327e+00 9.455232813957209839e-03
-2.075599625230405143e-02 9.997994350004990594e-01 6.930617396346496449e-03
-4.114792604992603686e-03 1.000469280645221115e+00 7.598551192721745944e-03
-3.684844527812347614e-02 1.000402152517914534e+00 6.652357611638326160e-03
-3.203246052678751857e-04 1.000054621650641407e+00 7.820739570589397074e-03
-8.529159432689484288e-02 1.005238183057262757e+00 1.154745439279857705e-02
-3.965693263420373010e-02 9.994475750529037139e-01 6.924130420267887026e-03
-1.514937710182854419e-03 1.001036448186247485e+00 7.906326195139066343e-03
-5.110272172310405953e-02 9.984850748928990605e-01 7.960788865334536557e-03
-5.373047646585971115e-02 1.000928338124674077e+00 6.842372784912399176e-03
-1.672679852032345899e-02 1.000291691304932895e+00 6.995914908846900294e-03
-5.471106959167139350e-02 1.001541747858792908e+00 6.919366381946689265e-03
4.712401188305403998e-04 1.001089916464556584e+00 8.070299807148384116e-03
-1.344287261569783801e-02 1.000324253302390165e+00 7.118869833529183934e-03
-1.156798030535431850e-02 9.998109436382263127e-01 7.232303789250948273e-03
-2.873859283400337361e-02 1.000003637008161750e+00 6.749082036590172730e-03
-2.393871437003840252e-02 9.976760510503166479e-01 8.336515378396512979e-03
1.239131138549429655e-02 1.001681974105485651e+00 9.525738052663051611e-03
-7.931607339635646237e-03 9.987410148034513435e-01 7.800797088845648659e-03
-6.669618764877795203e-03 9.990148242956052860e-01 7.711686717147606639e-03
-7.524091820244449558e-02 1.002634738377759405e+00 8.084602604759683064e-03
4.023419471931299896e-04 9.992126728518149203e-01 8.040413946415502985e-03
1.745049585518363908e-02 1.001368137862112428e+00 9.908488638303172488e-03
-5.738737317699471596e-02 1.001017831002546599e+00 6.947560046801734557e-03
-5.407995487692717623e-02 1.001423822970301636e+00 6.884421243379166590e-03
-5.164660999671983471e-02 1.000563171824978337e+00 6.817249013241779253e-03
-1.937690047991650830e-02 9.991389293892983803e-01 7.186384851161629547e-03
-4.249130101053825298e-03 9.989290871313508680e-01 7.882702883483274497e-03
-6.586693152347720959e-02 1.001211765338331228e+00 7.287482391761209051e-03
-3.695871228330483566e-02 9.980201789804116208e-01 8.003378179670941547e-03
-3.724228111666741392e-02 9.993345849853212393e-01 6.953998856110761573e-03
1.274142764777426787e-02 1.002026580724534321e+00 9.867746378139849450e-03
-6.468951984780126063e-02 1.000502682238539665e+00 7.336717238847462186e-03
-5.942196876602191813e-02 9.998897472901104866e-01 7.301081833084609174e-03
-6.732652860643806303e-02 1.001153023857946467e+00 7.364648039897353331e-03
7.090514991653709687e-03 9.995551602197549901e-01 8.447916951555571943e-03
-2.169431182186329354e-02 9.986685706147595543e-01 7.410158620741227539e-03
1.858493712668597350e-02 1.003224620458603278e+00 1.234694506132366816e-02
-7.118702409589892921e-02 1.001233931139461131e+00 7.581515729995445645e-03
-6.135612300433714028e-02 9.997025448507782519e-01 7.500605139729599885e-03
-1.693505172052481647e-02 9.979895569038691461e-01 8.090492953653724909e-03
-5.294142920772797190e-02 9.992379070839338961e-01 7.388993605835849320e-03
-3.985622857952737796e-03 9.984794388187080427e-01 8.180052323295267450e-03
1.887105749090087561e-02 1.002235621397765453e+00 1.089307333370944687e-02
-7.580762390626301361e-02 1.003957448191491242e+00 9.108706781121043983e-03
-4.419900640076548926e-02 9.983660624866430577e-01 7.812234705075641467e-03
-3.790525198543441554e-02 9.991984302309045995e-01 7.031394326318927447e-03
-1.339638571852472260e-02 1.000826984044573376e+00 7.180031550090248439e-03
4.692275591243175170e-03 1.001263585860051597e+00 8.490137572142694364e-03
-9.491833843509586699e-03 1.000076547420568396e+00 7.295827562017792936e-03
-3.102046522876492768e-02 9.990501022533861963e-01 7.083801155592831834e-03
-7.255833595530994384e-02 1.001299209298354143e+00 7.664371654474033679e-03
-7.201046607259616039e-02 1.001493143448568324e+00 7.625834636193224575e-03
-6.549225961927025719e-02 1.000488798391665934e+00 7.384860992932826274e-03
1.093839234674407607e-02 1.001826731222154931e+00 9.480752886018430775e-03
-3.075580695710541240e-02 9.981169677829851983e-01 7.823090771756779568e-03
-5.762001775944364246e-02 1.001885503623393125e+00 7.074308976057905145e-03
-4.459922286675892938e-02 9.984292066283950717e-01 7.760849174386977301e-03
-3.679046150710476269e-03 9.987698322554056096e-01 8.003550215664709949e-03
-8.142751595412387952e-03 9.999927924658194023e-01 7.366883992430806223e-03
-5.572213024876367798e-02 1.001569000883102856e+00 6.948732695175060745e-03
-3.243533519138043497e-02 9.979800688740033676e-01 7.983740839334249259e-03
-4.293979855880778601e-02 9.983193441665977330e-01 7.821882357039232000e-03
5.212991621983711216e-03 9.988206602975198134e-01 8.581728082971445959e-03
1.197969172615229172e-02 1.000637093940882405e+00 8.935763733647204832e-03
1.152806529348873038e-02 1.001997470483463548e+00 9.698928472025091646e-03
-7.770751771638076399e-02 1.003430661597508600e+00 8.721462659211630733e-03
1.285472442779312524e-02 1.000935486969287913e+00 9.131993922483582285e-03
2.540337538104793513e-02 1.004194445621497289e+00 1.600412886475089183e-02
-6.111553575141718403e-02 9.999132365181856441e-01 7.374911429750532522e-03
-2.640169748833469388e-02 9.981003183584200578e-01 7.839804884665209708e-03
5.969121349898812157e-03 1.001571966141749925e+00 8.785769746651522424e-03
-1.827997398066841250e-02 9.994342900655328599e-01 7.095062016799193183e-03
-4.385405317121440077e-02 9.979072389274019628e-01 8.337690437142095123e-03
-3.374013775867085174e-02 9.985548622157407461e-01 7.434888795910420643e-03
-4.955309680602961592e-02 9.997864326471105345e-01 6.972494733249847212e-03
1.838405807916355938e-02 1.002628386092257129e+00 1.133262547012138868e-02
1.178272354259850968e-02 1.002022757856896984e+00 9.752105313935119715e-03
-2.528718400359545454e-02 9.992457714743996355e-01 7.026945162288637976e-03
-1.502752557029120306e-02 1.000184749784989835e+00 7.058536278458845195e-03
-1.547365532595248311e-02 1.000455419224195452e+00 7.045369328453240411e-03
8.883221622897143760e-03 1.000307679918720938e+00 8.567006327360454990e-03
-2.152215585113840743e-02 9.974863647825776836e-01 8.610267337544410399e-03
2.318493585188874384e-04 1.001504527924259813e+00 8.256756221329625278e-03
-4.210568038039304295e-02 1.000542622556912287e+00 6.662771053364139988e-03
1.042132989536608337e-03 1.000624762382373856e+00 7.969249336212947538e-03
-4.067969990910190459e-02 9.979455875746515714e-01 8.182970246443269785e-03
-6.513935099159683106e-02 1.001190586418498896e+00 7.252845628052168384e-03
-1.805938111755064218e-02 9.997555707856088381e-01 7.012195491255441421e-03
1.164845787005370364e-02 1.000353446626757625e+00 8.842270158139715897e-03
-6.287883751117460951e-03 1.000486782166559951e+00 7.474326707135662412e-03
3.570797714018136837e-04 1.000073886454196703e+00 7.866669293095747070e-03
-6.562489163484061527e-02 1.002150464630226168e+00 7.420425381459126897e-03
-3.368458991443929601e-02 9.987288476491609224e-01 7.298876851018948168e-03
-4.526573098788276572e-02 9.998862613113692621e-01 6.835291608269141936e-03
1.148621097679530106e-03 9.999980528565469706e-01 7.924561534269874974e-03
-4.399664965634049463e-02 1.000968859971592906e+00 6.678505198732831785e-03
9.381719459524387461e-03 9.996799337569934885e-01 8.628673299816707817e-03
-2.370166398368707406e-02 9.988570070211211238e-01 7.255447785650044959e-03
-4.449767228392888935e-02 1.000314431259488934e+00 6.715669486026591001e-03
-3.796907625185670654e-02 9.988839626263886773e-01 7.228775421379174393e-03
-5.977885033529411335e-02 9.993117786105090161e-01 7.671177018939149238e-03
1.230008946825628981e-02 1.002394114423325711e+00 1.020961492418736606e-02
-6.979220493613717997e-03 1.000432857579963031e+00 7.430507245272117110e-03
-3.943385120367305652e-02 9.983844115577426015e-01 7.667662117680951357e-03
-1.456421197274533966e-02 9.981730231528046504e-01 7.977139824965891884e-03
-6.862583990782888943e-02 1.002275504417719176e+00 7.592704498383861557e-03
-2.350722265546362905e-02 1.000276274561583856e+00 6.806256482239305024e-03
-6.367799104090732243e-02 1.002338333028811146e+00 7.418758543219116514e-03
-4.295698306715174664e-02 9.985598666868744644e-01 7.587551698033089334e-03
-7.765759700351072825e-03 9.979035891201328834e-01 8.504595839861602349e-03
-1.937410551040250409e-02 1.000098581144847065e+00 6.922322129372741537e-03
-5.050262830433797923e-02 9.982522893648767548e-01 8.193888269192586490e-03
-1.159737433841156323e-02 9.997138014944364492e-01 7.249015394605652987e-03
-2.328998842592838736e-02 9.983403188588890753e-01 7.641150981556969583e-03
-4.850889954357013450e-02 9.986329520789847258e-01 7.701875525912815421e-03
-7.542242940248390648e-02 1.002812331173374316e+00 8.181663038870044813e-03
-2.805262775900202801e-02 9.995537846728269615e-01 6.872504306589012624e-03
7.192797141144364331e-03 9.991951266368189755e-01 8.566860090352457213e-03
3.593015788700221202e-03 9.990469915444561977e-01 8.338614703331033440e-03
-3.505508553032898877e-02 9.995672779262566587e-01 6.841042876554621725e-03
-8.126948272012077257e-02 1.003982425113407295e+00 9.453470653736089843e-03
-7.745993559096607528e-02 1.003738082274580501e+00 8.974507030873681707e-03
2.650547260009385175e-02 1.004454754707472919e+00 1.710983308813304390e-02
-3.728181232316621352e-03 1.000737998220372793e+00 7.670304873417726349e-03
5.521446363557334577e-03 1.000512098825439677e+00 8.299652818190889417e-03
-6.190729276966386307e-03 9.997287549473438117e-01 7.501327532664749456e-03
-3.169295992365693537e-02 1.000190221039999106e+00 6.693337891162352837e-03
-7.120188763818993682e-02 1.001693651904482563e+00 7.590603500706677963e-03
-2.469758589098592499e-02 9.988654839850286127e-01 7.236873264694492457e-03
-2.438376862398064504e-02 9.986468537836237225e-01 7.385965770360823288e-03
-2.600712081261671513e-02 9.990061110796687460e-01 7.139235674104842978e-03
-5.838777074566485481e-02 1.000916984420608946e+00 6.985684762778608323e-03
-3.619063546575946883e-03 9.990983414687536479e-01 7.836926819920909948e-03
-1.452097527176920977e-02 9.979981262166630618e-01 8.148088496077727019e-03
-7.269187757430017882e-02 1.003107127526133624e+00 8.211905623756090428e-03
-1.845735013521858370e-02 9.980950824477239358e-01 7.949097576871063525e-03
-7.979395476989802061e-03 9.988668572187390238e-01 7.725018878951812537e-03
-3.334958354026868604e-02 9.976145169981397443e-01 8.454936781415902172e-03
-2.296153257627143313e-02 1.000596489739422612e+00 6.823244118224107597e-03
-3.180294513635002762e-02 1.000081916909494995e+00 6.708237792450102641e-03
8.308197510660838073e-03 1.002252478434468630e+00 9.596407944892840561e-03
-5.718301029838869509e-03 1.001106171070906603e+00 7.658663461070572796e-03
-2.457124413406547650e-02 9.988718069093940333e-01 7.234594009551643772e-03
-4.716654113208249705e-02 1.000533005708768908e+00 6.726705006290981115e-03
1.727699831958175170e-02 1.002832218382036400e+00 1.147289544238860176e-02
-4.213113032439588790e-02 9.984569763736880210e-01 7.661628801620456834e-03
-3.680444442002193950e-02 9.996144222622493913e-01 6.829982908101886289e-03
-6.955499118369870559e-02 1.002857170642606821e+00 7.908777205671964350e-03
-5.516184271807513667e-02 1.000927705175524096e+00 6.881649511840623804e-03
1.788074907239403655e-02 1.002343066208756905e+00 1.088106891921964553e-02
-6.390071598051276502e-02 1.001807119852385908e+00 7.257825756939111951e-03
1.510590737903112074e-02 1.002787011769328718e+00 1.109489105830272979e-02
1.890129791027428396e-02 1.003451673510239672e+00 1.284964765500542713e-02
-4.194086564894536351e-02 1.000074554225577561e+00 6.732087246925993855e-03
-9.070595043198416071e-03 9.994013609714027524e-01 7.441242046555515341e-03
2.510124121586342766e-02 1.003170545567758198e+00 1.338176726133176626e-02
-3.375588295004119943e-02 1.000465540174990897e+00 6.657402322374465428e-03
-3.022626793936964221e-02 1.000148263066990895e+00 6.711261064993170183e-03
-3.742235692021508159e-02 9.982012800084451021e-01 7.812520532845014520e-03
-3.097798286539089896e-04 9.989844004768572150e-01 8.093012937657042410e-03
-7.203094357567808859e-02 1.003369926438705262e+00 8.375381231206856930e-03
-7.025781863830921070e-02 1.000567837449025221e+00 7.653832911815966651e-03
1.074437518999256554e-02 1.001733074358550857e+00 9.383091384668995963e-03
-1.296361705530518771e-03 9.994897509451968753e-01 7.839148582997420081e-03
-1.151069148323461550e-02 9.999976767170406511e-01 7.210646315265935129e-03
-3.592972053876002797e-02 1.000287475735880838e+00 6.664101012933599036e-03
-7.122825643278780927e-02 1.001169612203636872e+00 7.589526244027739073e-03
-3.711623999689912801e-02 9.980667422133813194e-01 7.953263421258908311e-03
-5.183076089961602406e-02 9.994652131856980315e-01 7.202995993840765991e-03
3.417399463171058582e-03 1.000696963844309728e+00 8.167938647928004239e-03
-4.315385661867014028e-02 1.000416839515337442e+00 6.684394203812117977e-03
-5.165470375649763857e-02 1.000878615659493986e+00 6.792991895632385924e-03
-2.195804184524986422e-02 1.000592616916198940e+00 6.848611176652741155e-03
-1.086358160818609239e-02 9.978559890618138306e-01 8.424472369536441935e-03
-3.502249154239785167e-02 9.975474560446290218e-01 8.579962777165118723e-03
-2.042607916203230400e-02 9.998916335813057277e-01 6.921213753759974420e-03
-6.543488343159845066e-02 1.000450137059679889e+00 7.393590539911665087e-03
-6.274211969368434505e-03 9.987836254068366282e-01 7.855878195117757187e-03
2.622019978674186569e-03 1.000059126681552835e+00 8.030193878958235762e-03
-8.274062873775193949e-02 1.003866269087611451e+00 9.436497923357769005e-03
-6.629531436972008196e-02 9.998594650725448618e-01 7.710046279740508449e-03
1.876354223197528384e-03 1.000568065583861577e+00 8.019688062550807059e-03
-6.210525197098080985e-02 1.000990480715092223e+00 7.125716972365584573e-03
-2.765210514387899873e-02 9.979423326388520143e-01 8.005027069770354053e-03
1.330048820728828990e-03 9.993032763270210950e-01 8.071129653782276384e-03
-5.174800100695892136e-02 9.999602253035881905e-01 6.969524244029931190e-03
2.065254468375523136e-02 1.002142617119554657e+00 1.104674154403125462e-02
1.309818432636003505e-02 1.001473978895067951e+00 9.454002018406728811e-03
-2.903926493936662134e-02 1.000355091020487031e+00 6.706069429720023720e-03
-1.428956830986761323e-02 9.986771375406813256e-01 7.589320547471605470e-03
-8.333263510562743601e-03 9.980148315501790046e-01 8.363692679767754934e-03
-1.718297881908317087e-02 9.976649736161877779e-01 8.452416249765157263e-03
-1.772064350692827833e-02 1.000229565866314729e+00 6.964196478721281121e-03
-7.389653362507828116e-02 1.001592535525732464e+00 7.748686482061739773e-03
-3.207216827552374083e-02 9.975331226165253806e-01 8.551484415636906658e-03
-4.638641906874361315e-02 1.000638364007278902e+00 6.705121843039044474e-03
1.539041490254821481e-02 1.001772011905826432e+00 9.956427279504282898e-03
-5.748349289351203234e-02 9.990444268004169404e-01 7.755337827374528432e-03
-6.009792502419946530e-02 1.000925350681103554e+00 7.048657565409985164e-03
-4.394883825964346347e-02 9.988913594491950487e-01 7.338581661038592191e-03
-9.630734915126788753e-03 1.001014048816903035e+00 7.407683173681679258e-03
-3.229800606653030620e-02 9.973965628875263167e-01 8.757477803131175770e-03
1.336833856775947876e-02 1.002399295111300548e+00 1.034779771204385329e-02
-4.731405081233852616e-02 9.992097909497804631e-01 7.209776249134931640e-03
2.021451053764309475e-02 1.003586121018171351e+00 1.336662312062509607e-02
-7.289571618828098037e-03 9.999170168030966366e-01 7.417100989422375883e-03
-7.348672601279705729e-02 1.003161635434296262e+00 8.288920691146962547e-03
1.070451554110795483e-02 1.000033488949847449e+00 8.725380165508347940e-03
-4.721100731684636787e-02 9.996300016569362734e-01 6.978436921590968657e-03
1.151418276160257048e-02 1.000261864311851934e+00 8.817322045349591103e-03
-6.180774774000039051e-02 9.997681861007320370e-01 7.488211858955507241e-03
-2.534482334870043901e-02 1.000025674437369894e+00 6.794403463618827431e-03
2.597974808421163809e-02 1.003844124272841976e+00 1.512225058346142702e-02
-9.466757220855031435e-03 1.000326543183239325e+00 7.295680021857813002e-03
-1.182115963254770467e-02 9.986374912896848199e-01 7.702751765325405349e-03
-3.425391122516674436e-02 9.986346199459468220e-01 7.374577813792360971e-03
-3.564249256539337579e-02 1.000297671141968436e+00 6.663264155586014897e-03
-2.073092555413806604e-02 1.000035844784153527e+00 6.892275530599740151e-03
-4.150539654763051034e-02 9.982296487107683580e-01 7.876132595362737507e-03
-5.853687588284518795e-02 1.000577943994681585e+00 7.034559299829256165e-03
-4.764594872554989841e-02 1.000637214032844113e+00 6.725267890335400942e-03
1.249337782763068269e-02 1.001244611910218962e+00 9.243898279422011963e-03
-8.217439369840376373e-02 1.003739371645805400e+00 9.275801057751210249e-03
7.342060996517123239e-03 9.993560232097807861e-01 8.523119453263415524e-03
-5.770570510748948556e-02 1.001517574148509837e+00 6.992719737580854571e-03
2.408946060236570597e-02 1.004135021223889312e+00 1.553888344402908767e-02
1.188466775233661121e-02 1.000999034329981274e+00 9.055129190974035500e-03
-4.379830953312407321e-02 9.981252700448977055e-01 8.064352367643161032e-03
-7.578355244533988705e-03 9.984352128779602209e-01 8.028173812541556167e-03
-7.747029613207330467e-02 1.002239196621540485e+00 8.086747242900418561e-03
-1.571628380970791286e-02 9.983059595870235059e-01 7.825376370997370185e-03
-4.102944292482516020e-02 9.998812354806331237e-01 6.774087592731085385e-03
-1.663494192598524712e-02 9.986500043473071075e-01 7.536745874600902194e-03
1.611579125229235104e-03 9.992691843911897243e-01 8.102870166699208121e-03
-5.517450736354583690e-02 9.994420076726715507e-01 7.350492281805891259e-03
-2.522820637256129039e-02 9.975845096313080695e-01 8.448426989127878761e-03
-5.223494022039210788e-02 9.991191868032562873e-01 7.444454031010559227e-03
8.646832298139568718e-03 9.996555058976319685e-01 8.565339843180122884e-03
-6.416404988254036101e-02 1.000712355670663189e+00 7.258614856435025367e-03
-1.433224837922291578e-02 1.000304685759742851e+00 7.083271591231106966e-03
1.635900001047361357e-02 1.003253676687091200e+00 1.205382755108706794e-02
-5.300747850900859592e-02 1.001259944465862306e+00 6.839134803319244643e-03
1.107063479795751537e-02 1.001028321735886184e+00 8.982838961766079905e-03
-3.590916823221546039e-02 9.980481659422631990e-01 7.952478052565579297e-03
5.814245130110348714e-03 1.000352225484174129e+00 8.299778268776373397e-03
-3.834851173483134340e-03 9.984854109146484857e-01 8.184102195084691847e-03
-5.938896999635369378e-02 1.000166079909111438e+00 7.183894121634843387e-03
-2.401342948397769059e-03 9.995849750802999756e-01 7.746671708211711610e-03
2.282965256242156654e-02 1.002129695290323363e+00 1.136810186878782145e-02
9.005354441723237985e-03 1.001930054588930030e+00 9.361233188400411645e-03
-5.280599321400334528e-02 9.999475855636057453e-01 7.008003537156822990e-03
-6.190594600958945759e-02 1.001216005546166077e+00 7.110967946242972154e-03
1.153555930298428775e-02 1.000954249599383283e+00 8.999140972078812500e-03
-4.471788402297044440e-02 1.000182678523693580e+00 6.744260551894312554e-03
-7.025196292596871950e-02 1.000371769030391045e+00 7.725956769411048732e-03
9.079920961643306657e-03 1.002386203555589494e+00 9.825924260424714549e-03
-4.580186128424285075e-03 9.988062581326143663e-01 7.931900589077856348e-03
-2.884369614614641641e-02 9.990021237193807968e-01 7.118728801129437476e-03
-7.245341416825634706e-02 1.002634939476499953e+00 7.929173637104743391e-03
-6.858085723038057080e-02 1.000058460799535309e+00 7.755635557856151337e-03
-1.055528135994108357e-02 9.984309708649251602e-01 7.901284490442408645e-03
-3.066218634044512448e-02 9.989986870473065439e-01 7.114206194496231275e-03
-2.410163212187142051e-02 9.974319413548218272e-01 8.664886879413875170e-03
-2.944705317616909401e-02 9.975678533554662719e-01 8.476938056801372467e-03
-3.417780755454978558e-03 9.987055156573499959e-01 8.057772340140033698e-03
-8.566324064361659218e-02 1.005327247784168820e+00 1.174643559653852816e-02
7.569300573269711375e-03 1.000362626959171886e+00 8.453787599578307943e-03
-2.903830789161259210e-02 9.979371611790703867e-01 8.012009554546421428e-03
2.676123067371431394e-02 1.003995354249018312e+00 1.571360467107783473e-02
-2.228712683998981467e-02 9.994747343941778883e-01 6.986188946401568171e-03
-1.814500107479177088e-02 1.000442566505694630e+00 6.951576805383631423e-03
-3.870359349377713865e-02 9.981381285496977451e-01 7.906506814799915683e-03
-3.579837569759920096e-02 9.975326849424357434e-01 8.618119515639822981e-03
-3.446130354316137567e-02 1.000269893336959370e+00 6.669109356540145819e-03
1.550707416463284125e-02 1.001042352162371030e+00 9.481451014667869465e-03
-1.791306198233285144e-02 9.989401293880599830e-01 7.324275760834752722e-03
-3.575948949191796317e-02 9.985462587197512230e-01 7.461328293721321281e-03
-3.133610958092745286e-02 1.000440392507222276e+00 6.676740345189335901e-03
-2.390072064337709842e-02 1.000314887717599799e+00 6.796141304251531422e-03
-9.924182563531121215e-03 1.000165652639041447e+00 7.272166329060418717e-03
-3.943366534470481993e-02 9.995003937959592299e-01 6.897722023110635162e-03
-3.344954178180511301e-02 9.992644973396229702e-01 6.970049338311870568e-03
-2.227972709316878436e-02 1.000361937914088450e+00 6.832487852094804373e-03
-7.496384526611532539e-02 1.002846169568051504e+00 8.173240806380783346e-03
-5.488871929416187789e-02 9.989826611958250169e-01 7.671980894480242598e-03
-1.457857067425841376e-02 1.000598593101713174e+00 7.092923126791259025e-03
1.446422300056691979e-02 1.000271597231996212e+00 9.130620000390419350e-03
-2.812747426329945122e-02 1.000278893738075991e+00 6.722959254122034753e-03
-1.947467370623043662e-02 9.988768840080730627e-01 7.321977368902031665e-03
-2.794606362555002166e-02 9.985323919018860295e-01 7.443537301344223950e-03
-6.314613119722800594e-02 9.999686202324207240e-01 7.458219363915015616e-03
-2.860032561393957562e-02 9.993317204007829968e-01 6.953885119707211085e-03
-2.829195625863989080e-02 9.977144315262805874e-01 8.277532426184014067e-03
-5.216870583838051356e-02 9.984788771674454333e-01 8.019266277653808520e-03
-6.623414780647769728e-02 1.002600911795764160e+00 7.633266994295057409e-03
-1.553032742194442734e-02 9.989624194406453439e-01 7.380270245629578715e-03
-1.677870120184443703e-04 1.001098965857749823e+00 8.026681984595811920e-03
1.034420429371334799e-02 1.002395320342760465e+00 9.979371845726123583e-03
-2.372690212912056257e-03 1.000795500550817785e+00 7.771953740132079604e-03
-6.072354243362700771e-02 1.001645095412219355e+00 7.109338047404432578e-03
-1.491260633574726865e-02 9.991660220306125550e-01 7.301197115329173017e-03
-3.468339489372530837e-02 9.983560796923600655e-01 7.618399965121185752e-03
1.447172909067695121e-02 1.002501564225117159e+00 1.061594996756353056e-02
-1.023449747559607506e-02 9.980403259555299389e-01 8.257155820649108094e-03
-6.962095163034623391e-02 1.000282725062962452e+00 7.719816368739427885e-03
4.191206394125929213e-03 1.000396574967101326e+00 8.171617699692454093e-03
-6.322001992233147738e-02 1.000058854156750332e+00 7.419896509324252522e-03
-7.414966954967008861e-02 1.001787175830392229e+00 7.780182635609112288e-03
-4.391908480390221275e-02 9.990310903211784277e-01 7.237586938825836362e-03
1.368366587400711432e-02 1.000151613210146229e+00 9.034695896951796396e-03
-9.544419988344675365e-03 1.001022587368563199e+00 7.414813304879848931e-03
-6.557042372428840971e-02 1.002370754584754664e+00 7.501204661140865176e-03
-4.386410298151403181e-02 1.000957296266949514e+00 6.676645133705344688e-03
-5.264084302467126469e-02 9.990499539170318855e-01 7.513870737281898478e-03
1.601342633496997958e-02 1.001809614559032280e+00 1.006782530288463477e-02
1.534725948873860019e-02 1.001177900193863213e+00 9.532912875377878847e-03
-2.560126987569635165e-02 9.980628226615789744e-01 7.882432440360954279e-03
-5.330444796930900592e-02 1.001582840607845304e+00 6.897584015403903854e-03
1.578491789989344696e-02 1.000686317038989470e+00 9.371076460051766532e-03
-6.826030541044771083e-02 1.002830878790041291e+00 7.838893881317034532e-03
1.872442457784227743e-02 1.001844416539272364e+00 1.045923666390037934e-02
-3.932315857995692665e-02 9.995668831079493888e-01 6.868207341482177909e-03
-4.741811817764876591e-02 1.000024252840326922e+00 6.835027697078967929e-03
-1.598135970716469192e-02 9.995496405952399854e-01 7.127454290241458552e-03
-4.310389674834911450e-03 9.988847908847202639e-01 7.902803857170986879e-03
-6.709175541323716963e-02 1.000048777062387595e+00 7.659529314044425004e-03
1.196074354327272306e-02 1.001862845718677786e+00 9.626254650987285666e-03
-5.249708777238681900e-02 9.997514347410436653e-01 7.079530832791865527e-03
-2.211337727185622160e-02 9.994062311704899892e-01 7.014122419356562735e-03
-1.264041822714658675e-02 9.984270523128229158e-01 7.825241012199580029e-03
-7.524134677058712251e-02 1.001591483081806677e+00 7.839331321489294985e-03
-6.254815990962385441e-02 9.998754625892654069e-01 7.471632335571553804e-03
-2.646834705016524666e-02 9.990451990424961126e-01 7.112892370338038013e-03
-7.885795568310199899e-02 1.003984444821173438e+00 9.304779661553031975e-03
-5.195704281525659329e-05 9.988140251394497238e-01 8.200468650785009903e-03
-6.580395613645806385e-02 1.002441721865610091e+00 7.540896166914737297e-03
-2.873841104881241781e-02 9.989897188866704303e-01 7.126481249771323030e-03
-4.346408124434655851e-02 9.982477146887587249e-01 7.914569884205033615e-03
-2.664476335269096163e-03 1.000614281624006008e+00 7.711849734803741079e-03
-5.224729225028647284e-02 1.000799504363206083e+00 6.809811237296263184e-03
-6.276201504853996804e-02 1.000715019433477515e+00 7.190037401414390260e-03
-2.193870925226524757e-02 9.986312474422230911e-01 7.432147994923368577e-03
-2.620997368117401749e-02 1.000402788398469411e+00 6.748319394791348069e-03
-2.772408996953107038e-02 9.979498544481317790e-01 7.996579791357729533e-03
-3.886550599449922760e-02 9.993979540810056239e-01 6.938582705132603778e-03
-1.544475119018850345e-02 9.990078325798157355e-01 7.359278142086940651e-03
-6.143878675420495761e-03 1.000979368847080941e+00 7.589766003394290451e-03
-2.184561353595800004e-02 9.982583857486239109e-01 7.733467355053383341e-03
-3.384053944140573422e-02 9.990318656126225827e-01 7.097888909909644273e-03
-4.424953838516353100e-02 9.998444508652376550e-01 6.831183216851909046e-03
3.283353120702270367e-02 1.005368409065350965e+00 2.290703005600981321e-02
-9.623746502886368695e-03 1.000153962332962942e+00 7.286566898101628185e-03
-2.955073517225116977e-02 9.979321595183119342e-01 8.019220894518272469e-03
6.206543479274426699e-03 1.001845746487482147e+00 9.008832450336956565e-03
-7.614062232623586279e-02 1.002201819088769597e+00 7.987275506848920750e-03
-4.680992027435619540e-02 9.983578491015737688e-01 7.912763054577644228e-03
7.359812687250728847e-03 1.001591903791843485e+00 8.931233919541210764e-03
1.415377749829292708e-02 1.002265993465258020e+00 1.029160424620158103e-02
-7.359816978038613566e-02 1.002134724847539182e+00 7.810785879319480721e-03
-1.729748394780734541e-02 9.986759844147063969e-01 7.501314036344247302e-03
-6.244474757940622622e-02 1.002039840704031182e+00 7.266244994595807451e-03
-5.579621285385508861e-02 1.000249188489493291e+00 7.010750314993872620e-03
-5.547084917105219587e-02 9.998765911817033558e-01 7.133614623988773773e-03
2.360823336250424814e-03 1.001803875088670193e+00 8.627992124814283167e-03
-7.570438180870386891e-02 1.003374904386059363e+00 8.562945976914169977e-03
-3.556170393839982319e-02 9.990815292613459686e-01 7.077820827445775384e-03
-6.636131813813725411e-02 1.000341810287625588e+00 7.484746655126953141e-03
9.180978271252880629e-03 1.002201750413873382e+00 9.638133797009290279e-03
-3.779026566586226460e-02 9.993558342948490880e-01 6.948302022259747815e-03
-4.537586331944905294e-03 9.993179703975514361e-01 7.698569057594285836e-03
-3.106475190207946824e-02 9.982718923695681479e-01 7.670317065980215496e-03
6.141777629543071493e-03 9.988843373078077903e-01 8.622329721586035473e-03
-4.664208861927360977e-02 9.994108182958004738e-01 7.073034766950102130e-03
-6.748610854926120894e-02 1.001846724758217455e+00 7.420523700889259007e-03
-2.977645616167996778e-02 9.996148249343674852e-01 6.837087999766163458e-03
1.692992651049804453e-02 1.001896448375022786e+00 1.026627508475089039e-02
-2.659868769328767313e-02 9.999889332158479194e-01 6.779881665648358237e-03
6.676195471158559436e-03 1.001372472159959282e+00 8.727734649860083294e-03
-2.006705528066295499e-02 9.998399593329485580e-01 6.939835994946558402e-03
-6.704996529145262896e-02 1.000808484819292188e+00 7.393279826422645591e-03
2.048868859363450756e-02 1.001595826763890473e+00 1.048792462601392216e-02
-6.411591355165903450e-02 1.002498778179912842e+00 7.506417841275721432e-03
-5.603161689509914695e-02 9.993683715266465928e-01 7.436810968970819676e-03
1.036715073458693154e-02 1.000455528747722367e+00 8.730982276334273151e-03
-3.785438538349918114e-02 9.994139916766187071e-01 6.921233292540738755e-03
7.222040073291881995e-03 1.001554080075143904e+00 8.892306533867900403e-03
2.072704543092340410e-02 1.002705857794147670e+00 1.180697308776099824e-02
-2.161504375391703342e-02 1.000281376408717948e+00 6.850798291062024266e-03
1.875141437884461637e-03 1.000718961993782630e+00 8.053509960632932937e-03
-2.456462830483468335e-02 9.979321946964695433e-01 8.028927113796236262e-03
2.061771151040635297e-03 1.001123324061046427e+00 8.206395933208213839e-03
-1.516469601843443982e-02 1.000483767626781484e+00 7.058951913830599674e-03
-1.648925778174591128e-02 9.989593761263964034e-01 7.353101612122222609e-03
-4.677976100292254025e-02 9.998614751763233999e-01 6.874582129309671219e-03
-1.457004855639869659e-02 1.000643376584736899e+00 7.099019709457305219e-03
-4.829270500251772735e-02 9.988258770230946659e-01 7.522980274423130345e-03
5.103578592837561267e-03 9.989077509193426962e-01 8.525075722810061818e-03
-1.656095996333561970e-02 9.975699594082025889e-01 8.587618035127253524e-03
-1.287470107092440058e-02 1.000327942220635480e+00 7.142317165807273750e-03
-3.635330482838582122e-02 9.978448033277863560e-01 8.203300571200337205e-03
-4.253720351730562454e-02 9.983323931861980416e-01 7.796596827181589973e-03
-4.602430762956881416e-02 1.001090797123296516e+00 6.707929227153822289e-03
-1.774166750891403160e-02 9.995205243858459321e-01 7.082312553283139252e-03
-2.101216115534170620e-02 1.000601720483203838e+00 6.875157886900695042e-03
-2.304660386634616726e-02 9.976265777852280081e-01 8.407021233898772511e-03
-5.230551576174114620e-02 9.983585543424500219e-01 8.160781761785716737e-03
1.304114263122890804e-02 1.000107063348082415e+00 8.964030994896111243e-03
1.792767136787135410e-02 1.001735137845495283e+00 1.025220422923860293e-02
-6.849373493274009406e-02 1.000098014531440427e+00 7.729161251783021533e-03
-1.610461147808012194e-02 9.999843466670517156e-01 7.035944493294291405e-03
-5.028535185149030085e-02 9.987657401139895530e-01 7.651388772283611479e-03
-1.976948217199194641e-02 1.000684533426439371e+00 6.920420662634598277e-03
-4.122756974044163719e-02 1.000070120617889913e+00 6.725629185206911768e-03
-4.890240089570235815e-02 1.000724815231473386e+00 6.742059864493312772e-03
-2.899673982023741325e-02 9.977249530175398284e-01 8.266475807041449853e-03
-4.238282739360785256e-02 9.990074847690577631e-01 7.219184024282537804e-03
-2.352190508244373854e-02 9.977975461541137570e-01 8.191352756857003120e-03
-6.185985994431993790e-02 9.996446242396862525e-01 7.563881357201775700e-03
-2.678833923999564964e-02 9.985777240412682110e-01 7.414578072816482672e-03
-7.326418639293516555e-02 1.002210270614262155e+00 7.811927519159956104e-03
-8.294932918666769739e-02 1.004100513231691805e+00 9.696470420244197516e-03
-7.334853282575489603e-03 9.994724126298261124e-01 7.502419059893781529e-03
-6.296675191661452176e-02 1.001737445025600692e+00 7.207386859803415619e-03
-1.852302712355063941e-02 1.000381939621455274e+00 6.937647186738215947e-03
-5.949244570893630346e-05 1.001431018757593661e+00 8.192791645011061538e-03
-6.637817373361534767e-02 1.000473092903972905e+00 7.440387134364198282e-03
-3.379977244020546112e-03 9.987724589992056368e-01 8.019105070288690129e-03
-1.146620124821086557e-02 9.987542759652442426e-01 7.641258765757680087e-03
-3.617074228030917049e-02 9.995463988611862360e-01 6.853105447106595631e-03
-7.149948179494450273e-02 1.002064589985256493e+00 7.673232101449873992e-03
-4.317118819125938256e-02 9.981918016304437424e-01 7.967222551094695418e-03
-6.877096952660576024e-02 1.002994936874006981e+00 7.961824469126644807e-03
1.890380062929672422e-03 9.990245157537904763e-01 8.223962599193331696e-03
-5.287494282707948245e-02 1.000468348006183339e+00 6.864982311444523325e-03
-5.204145457421738286e-02 9.997578603140557796e-01 7.061162817149263353e-03
-1.742839261241883875e-02 9.999621009372876568e-01 6.995563099039648659e-03
1.125303005572371451e-02 1.000347789569900669e+00 8.801463706740331877e-03
-4.700592552958502562e-02 9.991593206539474137e-01 7.233440764278936848e-03
-1.594240188455790797e-02 1.000284290950516297e+00 7.023332259858002490e-03
-3.538004721281004517e-02 9.980961918015782697e-01 7.890787880736450585e-03
-3.278303945631155097e-02 9.976692660948935920e-01 8.372066332355833015e-03
-4.024955710187182178e-02 9.988995544960233008e-01 7.252984262478356405e-03
-6.547944431069031845e-02 1.001050387293015431e+00 7.276989832485045509e-03
-1.763058608631032365e-03 9.984741602142406247e-01 8.314615858611054677e-03
4.719866190452809418e-03 1.000759885369304492e+00 8.291426715696386882e-03
-1.077640703602784043e-03 1.000974647374727189e+00 7.914835632400642543e-03
-7.106758554499217895e-02 1.003063739460259063e+00 8.106026367809245417e-03
-2.139722381887591146e-02 1.000442659787699418e+00 6.855758728093988737e-03
-2.922732387414391647e-02 9.980322073305235575e-01 7.907486924554419164e-03
-4.947943851703487383e-02 1.001066670446339124e+00 6.754020196594255968e-03
-6.091332887505682830e-02 1.001274843857804964e+00 7.074158066284236442e-03
-2.289591129161695077e-02 9.982994089877972321e-01 7.681987643194759970e-03
-2.418334237442037321e-02 1.000611653078768981e+00 6.795380443882739763e-03
-1.642579444132322847e-02 9.992843018820087853e-01 7.203874442550108406e-03
-5.159864142126832642e-02 1.000370241567392293e+00 6.848794522294892294e-03
-2.965355357687644855e-02 9.973515382312335698e-01 8.794866144064614547e-03
4.213583457401068322e-03 9.989207400525658143e-01 8.448101949099005512e-03
-6.513085575711968778e-02 1.000539110146052790e+00 7.350344951145421947e-03
-3.267826913257933230e-02 9.973900195558358384e-01 8.773543055376697986e-03
-3.374983851715887551e-02 1.000277553719577384e+00 6.671014507840862529e-03
-5.878288422228883370e-02 1.000770865134413157e+00 7.013704684135860755e-03
-4.131745434955506197e-02 9.990611376739541027e-01 7.162690760646390695e-03
-1.028186090231367200e-02 9.998776332807070011e-01 7.278145562450119219e-03
-6.165747410889273195e-03 9.981161855163270813e-01 8.368841346723648184e-03
-8.367943023198037844e-02 1.004515117674735558e+00 1.026088416232857903e-02
2.769456803972011882e-02 1.004274235134603011e+00 1.678623533083144562e-02
-3.966018077665008079e-02 9.976860011037634868e-01 8.497901788993693709e-03
-3.434604956902573281e-02 9.998337662374657819e-01 6.753313638083326131e-03
-5.729963504885809966e-02 1.001791209150256101e+00 7.039596100248962304e-03
-4.605505195784979910e-02 1.000973787202158682e+00 6.699264412229845658e-03
5.502890586928085859e-03 1.000430848302843678e+00 8.284274674529207988e-03
-4.947413465876473321e-02 9.991943079411945705e-01 7.288109411010917221e-03
-6.004614937733647462e-02 1.000920397163572062e+00 7.047027630945655076e-03
-2.630807550822299168e-02 9.999707375991447877e-01 6.787423895319736646e-03
-2.451731148481284955e-03 1.000514990334436360e+00 7.708723076172665188e-03
5.332189912897114005e-03 1.001315835792941034e+00 8.573799966720229912e-03
-6.590577763686072954e-03 1.000435020638698269e+00 7.451903851368773396e-03
-4.298550778086229068e-02 1.000234197097420896e+00 6.710402562964651318e-03
-4.956103179093496874e-03 9.999567360137975314e-01 7.538967069846289927e-03
-2.035428596447294569e-02 9.982577120055333708e-01 7.759017320467974203e-03
1.215764474041684806e-02 1.002605562416891027e+00 1.045541787304670595e-02
-1.162003568300697467e-02 9.995849168447511479e-01 7.277671641184552814e-03
-5.032547118230340510e-02 1.001124875184397300e+00 6.773009969361630869e-03
-3.423614912403422084e-03 1.000453932057611794e+00 7.638994151078493111e-03
-7.440312073454925790e-02 1.002705845467310786e+00 8.069239709979223601e-03
-6.240413507481185063e-02 1.001211575119772546e+00 7.131198326759063434e-03
-5.576033167002572566e-03 1.001127041916838101e+00 7.675138130829397415e-03
-5.901356824593929906e-02 9.992066819332997563e-01 7.708234983074728833e-03
-4.400293842493432916e-02 9.985092694647613731e-01 7.664255339622082219e-03
7.238567936421427818e-03 1.000785952340551344e+00 8.518617719403605293e-03
-1.157193507631036622e-02 1.000690503644499074e+00 7.235337069415924069e-03
-1.688941855830664723e-02 9.999238048948115853e-01 7.017960118471385650e-03
-5.897614626842067470e-02 1.001366098468389865e+00 7.012544025673657540e-03
-9.823876416407875678e-03 9.993213466632394626e-01 7.434685526950699126e-03
5.984848383635112470e-03 1.000024837598872507e+00 8.297553003593888254e-03
-4.869619589967504047e-03 1.001102235668793528e+00 7.709407952072015562e-03
1.270587763561056849e-02 1.000744079351328919e+00 9.044647031830705883e-03
-4.068381837663776618e-02 9.993816649113758110e-01 6.969249351799586267e-03
-6.491886705242484734e-02 1.001520906553384105e+00 7.254989317549279289e-03
1.167316553644755575e-02 1.001388712579206475e+00 9.240076414505487071e-03
2.276723929345648989e-02 1.003393723678196903e+00 1.340515682783404577e-02
-6.145150297313628496e-02 9.992956457827718575e-01 7.782817901496034106e-03
-1.362424327116901202e-02 9.993669561994592554e-01 7.266303225609719273e-03
-7.931969915948678534e-03 9.980034782997453391e-01 8.393351261980708244e-03
-3.396664364036326711e-02 1.000686709102555527e+00 6.656069269461327084e-03
5.784609938344637686e-03 9.998883442268086119e-01 8.287554409391363619e-03
-5.295130873506166680e-02 9.985259984623178209e-01 8.008421160273691830e-03
2.564268380105796941e-02 1.003871681929392468e+00 1.512452307345078621e-02
-8.807533711834784895e-03 1.000464720876111047e+00 7.338071663350058740e-03
-5.173068041486895974e-02 9.990569302547950281e-01 7.470405675647471405e-03
-7.477414270788589057e-02 1.002027712662029169e+00 7.858407117991768678e-03
5.696624456063448250e-03 1.000206858899350904e+00 8.276936986047483610e-03
2.286695265931403681e-03 1.000785060511711899e+00 8.102985516198289023e-03
-6.875931358652753386e-03 9.999792750087308502e-01 7.432647404868230646e-03
-5.971922003246089156e-02 9.992577891620286756e-01 7.708731777611496812e-03
-5.625914994465391200e-02 1.000058005539057548e+00 7.091464459064973982e-03
-4.551915737810573875e-02 9.999631973246304595e-01 6.815349229984700614e-03
-1.761559736890324149e-02 9.989991946771881182e-01 7.300501763409718292e-03
1.124301571808589660e-02 1.001154079373528960e+00 9.061080453618849950e-03
-2.624825877653491971e-02 9.996128020945661552e-01 6.874578648788061581e-03
-3.831565142261105644e-02 9.995520329698996953e-01 6.864881021683141155e-03
-4.521330666930223341e-03 9.988246467940613549e-01 7.924568209529360766e-03
-2.150534495959747702e-02 9.980962590352623343e-01 7.891861919550312646e-03
-5.512721656182736213e-02 1.000018093954738507e+00 7.063024857744617732e-03
1.085880091271493667e-02 1.000250575975405010e+00 8.750684644964664902e-03
-2.536911652295520403e-02 1.000571464831754964e+00 6.767378915071768468e-03
-5.028996234352353656e-02 9.992613589139456298e-01 7.272237045165393099e-03
-3.525027175484145292e-02 9.988564858858574036e-01 7.218940590753081081e-03
-8.091740320867119030e-02 1.003345920949920034e+00 8.865076215450563152e-03
3.188343161177524532e-02 1.004917763423980759e+00 2.038018975317451575e-02
-5.049208878189951483e-02 9.999212085148379003e-01 6.946511227870822737e-03
5.009762007300015696e-03 1.000314679657980488e+00 8.228565200669739690e-03
1.883503622421970475e-02 1.001434762856035610e+00 1.013601315799683017e-02
6.996630947288931535e-03 9.997636535931664348e-01 8.402962533992993852e-03
-1.518478749429503193e-02 1.000030928381000939e+00 7.063044001381428919e-03
-5.175029927980721173e-02 1.000837843905022284e+00 6.796327892178074051e-03
-1.015649548986968104e-02 9.998721497651631429e-01 7.284525081695710121e-03
1.836937650075608219e-02 1.002620536087454051e+00 1.131926743162923674e-02
-5.655224368081592651e-02 9.987349227542386965e-01 7.988701620248738616e-03
-2.987605925384107658e-02 9.984311366488167749e-01 7.523522238565519271e-03
-6.691972926895238538e-02 1.001554137090262753e+00 7.350535094144595820e-03
-5.562371430299413444e-02 1.001299307547909967e+00 6.906722107722165944e-03
-3.863396042998881036e-02 9.988186088153352404e-01 7.284986403868329644e-03
1.362436797193786707e-02 1.000180815673207269e+00 9.030252440958511789e-03
-9.909879818017310049e-03 9.983097744174437294e-01 8.025154093055564611e-03
-4.511888945944803747e-02 9.988228946363244543e-01 7.423253010669274808e-03
1.132448780821251715e-02 1.000917266465989997e+00 8.962053714819165004e-03
-2.437192520800828162e-03 9.991155200749878285e-01 7.898920057362533373e-03
-1.055982383871278962e-05 9.994496120667052397e-01 7.933927519371103756e-03
-4.582856469082895179e-02 1.000471577445526838e+00 6.712296855692583171e-03
-1.959097336714004864e-02 9.997581695111583677e-01 6.969073948801422086e-03
-4.969058925129458959e-02 9.982033151055402787e-01 8.213251693282838661e-03
-7.789362455710152622e-02 1.003871080272541016e+00 9.130149378229970511e-03
-2.525928504641301864e-02 1.000016367698817854e+00 6.797290527322401125e-03
-1.445696564543443724e-02 9.992740071485676223e-01 7.271535352973547937e-03
-2.882026012478730581e-02 9.993789853683090474e-01 6.932063490146472481e-03
-6.044620975814858285e-03 1.000754546324718941e+00 7.534571202369856439e-03
8.616369770310557119e-03 1.001787665592897447e+00 9.201766269797448383e-03
-6.246966148353155779e-02 1.000247680808151962e+00 7.302859752280628503e-03
-2.192573247645011186e-02 9.995811913773878787e-01 6.959426108840138618e-03
-2.837804410717532227e-02 9.983592021830303143e-01 7.587432863313739798e-03
2.735734383602927283e-03 1.000457969063422325e+00 8.065992524595048951e-03
-6.955186839913339580e-02 1.002992704498258281e+00 7.992694842431532359e-03
1.674130436857685462e-03 1.000334907684852448e+00 7.970969779982527842e-03
-1.597461112917681475e-02 1.000630747647674790e+00 7.043001185106883069e-03
-5.218869559339736619e-02 1.001175724112218335e+00 6.813636157565855847e-03
-7.956335591605517843e-02 1.002925047464604980e+00 8.505386989778524962e-03
-8.769821281202072605e-02 1.005436774615367623e+00 1.212024687359917162e-02
1.688263949803200242e-02 1.001326511764073501e+00 9.809216570464310281e-03
1.557296176138078109e-02 1.000850264692362046e+00 9.404582061785522751e-03
-3.734989287310870598e-02 9.983702703692348690e-01 7.641961497732330244e-03
-3.825194401497985369e-02 9.982597966342877660e-01 7.767667260020011399e-03
-3.454534380554934864e-02 9.982893623899082858e-01 7.680517520175626084e-03
-1.358354950409021607e-02 1.000087960276356602e+00 7.118454153195358063e-03
-6.303378476481763526e-02 1.001424513717774190e+00 7.166433955296750390e-03
-6.396128547783548612e-03 9.980279306661741234e-01 8.442534507202656413e-03
-5.677766260444552099e-02 1.000489870651848801e+00 6.986254271655239004e-03
-7.896613790694692603e-02 1.002650685884810988e+00 8.331860409970992878e-03
-4.697898088223648703e-03 9.983552774976343080e-01 8.236922847496054925e-03
-2.861259621567493333e-02 9.977703985226814565e-01 8.208265690848046484e-03
-7.242358945815628724e-02 1.001031629982955584e+00 7.685760870560584372e-03
-4.339444299913461367e-02 9.997915264406370683e-01 6.835459790818628791e-03
-6.989191763187328765e-02 1.003092126300132003e+00 8.073803991664347049e-03
-6.289027364023125344e-02 1.001640103092464429e+00 7.186945702533586132e-03
-5.317905182838417871e-02 9.985074771065265420e-01 8.040076161960927476e-03
-1.330462349463616689e-02 1.000766928902053987e+00 7.171884254620290028e-03
-6.653689498541590086e-02 1.001469414682121917e+00 7.325296585252363303e-03
-7.372734492693593100e-03 1.000198629538906925e+00 7.398069021500751873e-03
1.148973191624578713e-02 1.000334468920210718e+00 8.823501467920413441e-03
2.179019383791722803e-02 1.002648513267255792e+00 1.189158120173514598e-02
-4.798254967956242997e-03 1.000502963050522665e+00 7.562008923413037279e-03
1.485067759217834071e-03 1.001364466502469019e+00 8.276637992620112724e-03
-5.368790393917269310e-02 9.992219069594843184e-01 7.431684437953409682e-03
-5.779117176652245891e-02 9.990833823635989486e-01 7.739616792060249363e-03
-5.450373371476743833e-02 1.001286463007031724e+00 6.876743727615131606e-03
4.606428557063273199e-03 1.001962846406310836e+00 8.954089024521062409e-03
-1.280897291586324468e-02 9.987978315469964175e-01 7.564431514504892616e-03
-5.466540243101929847e-02 9.995519899796734276e-01 7.263491560529263154e-03
5.719374738755902965e-03 9.993186511021060481e-01 8.398595607335159613e-03
-6.405665011346903248e-02 1.001399330289669098e+00 7.207536409462643977e-03
3.104089884966676309e-03 1.001764319768861933e+00 8.662784948012251796e-03
-2.080989589596489095e-02 9.980073661639927707e-01 7.992869036199692218e-03
3.797614443736330170e-03 9.999208135375994289e-01 8.125730689127873968e-03
1.661967501918612533e-02 1.003019137175534814e+00 1.167791162544466570e-02
