-2.527430757399558026e+00	7.497981048731268139e-01	0.000000000000000000e+00
-5.720052794141720076e-01	1.941809310098541741e-01	1.692093331555881264e+00
-2.078190597410731755e+00	7.184051461120559701e-01	0.000000000000000000e+00
-1.511291033003616002e+00	2.898904386617572326e-01	0.000000000000000000e+00
-2.002174483488456058e+00	-5.635982008552253841e-02	0.000000000000000000e+00
1.711919330876868539e+00	3.948320384250934567e-01	0.000000000000000000e+00
8.506425464862455987e-01	7.945392857287876254e-01	1.433101502738474364e+00
-1.698909840145981232e+00	7.210084357936824562e-01	0.000000000000000000e+00
1.085167903353261742e+00	5.548587656682537617e-01	0.000000000000000000e+00
1.685787579364226296e-01	2.074926382223597210e-01	1.566838140563763693e+00
1.949065422683987636e-01	6.048689663685216100e-01	1.278544530326062301e+00
9.316801017187250622e-01	5.506781585863680384e-01	1.381891922691781183e+00
-8.587256123275375241e-01	7.060466958216299327e-01	1.450622653399060491e+00
3.303750550759059212e+00	4.345009647222496385e-01	0.000000000000000000e+00
-3.159167723370233105e+00	-1.843670034077360409e-02	0.000000000000000000e+00
-8.268812681739491355e-01	7.962236529430312126e-01	1.492947453552840864e+00
-1.389239596659494147e+00	4.170305023233929487e-01	0.000000000000000000e+00
-9.131032242356351691e-02	3.433377675895836756e-01	1.405308234372330878e+00
3.043226368472752519e+00	7.219305258354192789e-01	0.000000000000000000e+00
3.944470621569223789e-01	3.447649393554284014e-01	1.404269652042664740e+00
-2.440854125295873533e+00	1.756374280360731011e-01	0.000000000000000000e+00
1.469896353128686828e-01	7.301060451838088383e-01	1.307049529066063753e+00
1.057706374391046422e+00	7.362379075703768816e-01	0.000000000000000000e+00
-7.916808080329068575e-02	6.929296744508017802e-01	1.298455499349937092e+00
8.118323909693069274e-01	4.987810518547536320e-01	1.367154179858492968e+00
-4.825628050525503920e-01	8.487751969970008803e-01	1.449025932529359517e+00
1.295971842413838893e-01	1.005052324579127077e-01	1.774671456479337328e+00
2.624992437188433669e+00	6.016707777311338656e-01	0.000000000000000000e+00
-2.530287456054130857e+00	4.897965682361615780e-01	0.000000000000000000e+00
-7.842121026460935340e-01	5.295679605162820769e-01	1.419947548130216175e+00
-1.255661693036864257e+00	3.676411622417832259e-01	0.000000000000000000e+00
1.958567399917932716e+00	3.439540225897861347e-01	0.000000000000000000e+00
-1.045795324354005906e+00	6.764053821976974135e-01	0.000000000000000000e+00
-8.719835718070323427e-02	-3.228071391398157353e-02	2.176710778711780314e+00
-2.162418238344956833e+00	-7.715643103974934025e-03	0.000000000000000000e+00
-9.399058285910691923e-01	7.636546499736126536e-01	1.509083631735352871e+00
-7.270883504209511017e-01	7.882898810395135847e-01	1.456241911050914828e+00
3.415300388516820718e+00	6.457129776979029234e-01	0.000000000000000000e+00
3.300566953265354542e+00	6.858292695291721142e-01	0.000000000000000000e+00
-1.898468981659006793e+00	4.295844391580253552e-01	0.000000000000000000e+00
-2.284435547499251928e+00	6.809316856436200549e-01	0.000000000000000000e+00
-9.154120098009665973e-01	4.875224464976340988e-01	1.479983202169720569e+00
-2.419269148813346648e-01	3.085995148134176302e-01	1.457500414565510605e+00
-1.169272104350953523e+00	3.739157466540148356e-01	0.000000000000000000e+00
-2.939006553307290659e-01	6.939603838941994507e-01	1.319004794668826142e+00
-1.388596844239329497e+00	4.121514584890819677e-01	0.000000000000000000e+00
8.239347175725543204e-01	3.571166231451720630e-01	1.458954704319568751e+00
4.316421687866566437e+00	8.975216822682489104e-01	0.000000000000000000e+00
1.251229979160131123e+00	4.440021172019132378e-01	0.000000000000000000e+00
1.593959175050194466e+00	8.728134369151687721e-01	0.000000000000000000e+00
-7.514021460700021082e-02	4.138239745353445298e-01	1.346793425002964506e+00
8.816618361555004224e-01	8.152493123072023229e-01	1.458350217314880126e+00
-5.483744517347440839e-01	1.535144002481006464e-01	1.764332027003816528e+00
-4.350701896636813282e-01	4.399409569932416497e-01	1.375573798192918362e+00
1.608028015563009561e+00	3.305795103302254234e-01	0.000000000000000000e+00
2.847604102872197451e+00	1.935867095906524948e-01	0.000000000000000000e+00
-3.112196486685272934e+00	3.645070723059899986e-01	0.000000000000000000e+00
9.874325781193772356e-01	7.598159096214205377e-01	1.445141318093396521e+00
9.694871985439998952e-01	4.980462808533919206e-01	1.405986357014860078e+00
-7.954029554195246599e-01	2.308597991578651420e-01	1.702762280779353654e+00
-1.078134533811514029e+00	9.048593865881207621e-03	0.000000000000000000e+00
-2.016543029026717448e+00	-6.609355339052203071e-02	0.000000000000000000e+00
2.958712815147737984e+00	1.818983087957585787e-01	0.000000000000000000e+00
-3.324647960547594927e+00	5.444206352634236579e-01	0.000000000000000000e+00
2.713377511536456232e+00	2.169817895159177890e-01	0.000000000000000000e+00
2.244326877236001661e+00	1.543082038001258871e-01	0.000000000000000000e+00
4.202128330579674165e-02	7.518277514674430728e-01	1.318744272996650535e+00
-2.266330065043737907e-01	1.613286181924260265e-01	1.677123286995097384e+00
1.557637428431039694e+00	4.031998507563468448e-01	0.000000000000000000e+00
3.209463601222896090e-01	4.343155174644664496e-01	1.331457373901816066e+00
-3.249233458966866106e+00	7.112393830186638510e-01	0.000000000000000000e+00
-1.262919981704491601e+00	7.019546911120090327e-01	0.000000000000000000e+00
-4.591536891516045493e+00	4.089695755303038305e-01	0.000000000000000000e+00
1.296076741270197896e-01	7.609775618888861004e-01	1.323072334228249103e+00
2.631421768014067242e-01	7.129305225687412317e-01	1.302680994677562154e+00
-6.549096706688117830e-02	6.108382479280418664e-01	1.283570031796529509e+00
1.025214328768484506e-01	3.274641409070341291e-01	1.411734202349125278e+00
1.649464701041199799e+00	8.893371878357148042e-03	0.000000000000000000e+00
7.742195529372568608e-01	6.948964084762916382e-01	1.359163552958152277e+00
1.359507029692203384e+00	5.954429767522479988e-01	0.000000000000000000e+00
3.504220050189997160e+00	1.694222037598812625e-01	0.000000000000000000e+00
-4.359303354406592668e+00	6.376809780459240518e-01	0.000000000000000000e+00
2.903492950812877726e+00	4.444824144535373112e-01	0.000000000000000000e+00
8.366256870677204471e-01	5.646563416168615124e-01	1.356975963015818021e+00
-1.246883831100723761e+00	8.487640986819734445e-01	0.000000000000000000e+00
3.379588320096418297e+00	6.078512243962574946e-02	0.000000000000000000e+00
7.276390033941193547e-02	8.605371780769731638e-01	1.402543463072093211e+00
-1.295464306417817846e-02	8.059601790690074097e-01	1.355992154424634499e+00
4.688759260930208672e-02	-2.426378743448731612e-02	2.134596875099828761e+00
-3.312638342655287449e-01	1.355689743327742058e-01	1.748087204232764647e+00
4.387473991473616053e-01	3.760445195834070109e-01	1.380797482985554936e+00
1.199519990941192438e-01	5.579047303223383381e-01	1.281209739843958584e+00
-1.665118778885745554e+00	3.331780393436181709e-01	0.000000000000000000e+00
4.247922726574864249e+00	2.652836639663587182e-01	0.000000000000000000e+00
3.741502593639757235e-01	-6.185542682893735433e-02	2.278450320342550128e+00
1.484139865917242673e+00	7.472747892847013684e-01	0.000000000000000000e+00
2.434067024854792649e+00	2.672871268429828362e-01	0.000000000000000000e+00
1.520457505426957123e+00	2.365724369884141809e-01	0.000000000000000000e+00
-2.127986186028067994e+00	1.752946072046412951e-02	0.000000000000000000e+00
4.595293650545361430e+00	8.589743424315371412e-01	0.000000000000000000e+00
-2.226731895122442406e+00	4.824224339107017756e-01	0.000000000000000000e+00
-6.929256005965956922e-01	4.641924427979698398e-01	1.420935928606408272e+00
2.770844112072365473e+00	2.111649921672453800e-03	0.000000000000000000e+00
-1.824829946595841079e+00	1.950674609511172108e-01	0.000000000000000000e+00
1.758732697739382900e+00	3.805547660090783380e-01	0.000000000000000000e+00
2.089095626917274906e+00	7.844256898353300089e-01	0.000000000000000000e+00
-4.024532641677075473e-01	6.561020378115149931e-01	1.325197092001066279e+00
-2.062137048555028329e+00	6.075646099923319721e-01	0.000000000000000000e+00
2.611830279535187760e-02	6.571103433807140570e-01	1.284593405675413580e+00
-1.406939985242590785e+00	8.426594971013102731e-01	0.000000000000000000e+00
2.910470355688831168e-01	2.979917775513559186e-01	1.446303180099704822e+00
-1.591156659157378028e+00	7.650020328715463336e-01	0.000000000000000000e+00
2.790631417305907469e+00	1.669949228501055316e-01	0.000000000000000000e+00
-9.224859250167479763e-01	2.106139010852919879e-01	1.791346354713846845e+00
-1.059338160374854620e+00	2.683900476440254645e-01	0.000000000000000000e+00
1.386141911834303908e+00	4.958770979420539793e-01	0.000000000000000000e+00
2.197052319633874706e+00	-1.640060123622443800e-01	0.000000000000000000e+00
-1.346997009375758836e-01	5.340546490524726853e-01	1.296627503986368390e+00
-4.754860164980765913e-01	7.614244714310998141e-01	1.378630112355694326e+00
-2.330273318071244937e+00	3.921102503441075138e-01	0.000000000000000000e+00
2.500281065242755396e+00	4.933446853487485351e-01	0.000000000000000000e+00
2.229071274469776931e+00	3.128871305063948838e-01	0.000000000000000000e+00
-2.040840123916388471e+00	4.374953501547454437e-01	0.000000000000000000e+00
2.284618373338491715e+00	4.503944500574805776e-01	0.000000000000000000e+00
4.459545841738610794e-01	2.428985483762680087e-01	1.528111213175615823e+00
6.580239437555162052e-01	8.214403273584146570e-01	1.414388494423271636e+00
2.037482954871128626e+00	3.483352513131797168e-01	0.000000000000000000e+00
-2.919234424764947100e+00	2.250351145307659673e-01	0.000000000000000000e+00
2.430934034170084690e-01	5.606070339050602813e-01	1.282660988762289067e+00
-1.129971206587526700e-01	7.263331476942141984e-01	1.313441212018285231e+00
1.410951756081348041e+00	4.853422279799318728e-01	0.000000000000000000e+00
-5.503370694275750985e-01	4.575845649502661705e-01	1.388947947883034884e+00
6.573076156009554083e+00	5.907855125709415844e-01	0.000000000000000000e+00
3.656909152038891886e+00	8.258488713123737224e-01	0.000000000000000000e+00
-5.615677145018364014e-01	8.703085749069807697e-01	1.488879930094648918e+00
1.648467670859398826e+00	3.570641802988238633e-01	0.000000000000000000e+00
1.175694908258758664e+00	8.598883165310549082e-01	0.000000000000000000e+00
4.294574979038290330e+00	5.586711400677339956e-01	0.000000000000000000e+00
-2.158980921832884370e+00	1.861535385476520421e-01	0.000000000000000000e+00
-2.822658655058355448e-01	6.578776611679616471e-01	1.308285097893889803e+00
1.573117873637665642e+00	4.003501738083069528e-01	0.000000000000000000e+00
1.260541515962152248e+00	6.317650497188572745e-01	0.000000000000000000e+00
2.925166497241509678e+00	7.889255805442293434e-01	0.000000000000000000e+00
-9.455338440700739033e-01	8.840802602642783281e-02	2.085896283491818881e+00
2.895202285278235976e+00	3.250580896156297084e-01	0.000000000000000000e+00
1.848486281990914248e+00	2.670373570554440690e-03	0.000000000000000000e+00
-6.129210805887639335e-01	4.910721732003016093e-01	1.387174033761378045e+00
9.894322792782491716e-01	1.801167836604470884e-01	1.746692192482769856e+00
3.160528263161564433e-01	5.504368489203901316e-01	1.287488213519893510e+00
2.947948100678781547e+00	3.463903411546238043e-01	0.000000000000000000e+00
2.181015255476379533e+00	2.247609909813808038e-02	0.000000000000000000e+00
-2.238762502113234021e-02	2.160612739183464248e-01	1.559388300922120107e+00
3.567178930425443095e-01	3.847379868504106210e-02	1.940446555941569118e+00
-4.528830436966076789e+00	8.026608129127932312e-01	0.000000000000000000e+00
2.977415525110973959e+00	7.197968847652422841e-01	0.000000000000000000e+00
-3.838847297927523439e-01	8.270831693643021509e-01	1.410737776885070183e+00
-1.410202193068607945e+00	7.498441285028969450e-01	0.000000000000000000e+00
1.180142128459457318e+00	4.448530210367256932e-01	0.000000000000000000e+00
-1.532264440983803766e+00	4.047851231259309568e-01	0.000000000000000000e+00
2.603798252247118694e-01	3.371694924631378210e-01	1.403706897182243063e+00
-1.186550696600125132e+00	3.533649018695296240e-01	0.000000000000000000e+00
-9.825241966992541709e-01	8.618033089877443764e-01	1.613761295152329023e+00
6.730140918013869378e-01	4.549924890239381292e-01	1.359510369978807143e+00
3.466129945910145227e-01	-1.489624616297452464e-03	2.060515559200512214e+00
3.758055711198937665e-01	4.709044413513628347e-01	1.316052961215031791e+00
1.175758094336081250e-01	5.889294385764762829e-01	1.278169717986263221e+00
-1.906695959759714398e+00	6.006949002806193372e-01	0.000000000000000000e+00
8.518211780669273647e-01	4.364089834460085915e-03	2.145687852709404542e+00
7.760447753793917602e-01	4.910560736488344125e-01	1.362511433472583411e+00
2.272301699145061971e+00	2.377005984020734153e-01	0.000000000000000000e+00
2.791371772834070786e+00	1.103553395627878131e-01	0.000000000000000000e+00
1.827277372136657529e-01	6.719294370807751271e-01	1.286947215458696281e+00
-2.720168922022453417e-02	4.573574168808287599e-01	1.318214491907863106e+00
-6.926168712641259662e-01	5.238843753886108789e-01	1.395421302805987862e+00
-3.313754342242446693e+00	8.957729321355000218e-01	0.000000000000000000e+00
-8.549187857821882730e-03	3.909910241552164156e-01	1.359208279789732465e+00
3.922589035572271676e+00	6.573462490306302142e-01	0.000000000000000000e+00
-2.256207656216865587e+00	6.328247781807005978e-01	0.000000000000000000e+00
4.013606486851586830e+00	3.190796554626843529e-01	0.000000000000000000e+00
1.752204490227797340e+00	6.215377449491767958e-01	0.000000000000000000e+00
6.594441086544886588e-01	5.823079785234415162e-01	1.321165823953030616e+00
2.503630341849044649e-02	6.203022222360687898e-01	1.279990822085823821e+00
2.572426446265972722e+00	6.949758415562448111e-01	0.000000000000000000e+00
-4.445213488127493839e+00	5.334304383045103126e-01	0.000000000000000000e+00
-1.837992748490757111e-01	4.222525867047708936e-01	1.350553696037757767e+00
-2.213744527763000125e+00	8.309762474068437266e-01	0.000000000000000000e+00
-1.337902887154529763e+00	5.694371012771616281e-01	0.000000000000000000e+00
2.989832436251644410e+00	4.802773657244374661e-01	0.000000000000000000e+00
9.048183512960261687e-02	5.140779736986591519e-01	1.291424086180482211e+00
2.437827851341670460e+00	5.742180023371206143e-01	0.000000000000000000e+00
2.678153198504714450e+00	-1.679328976330901613e-02	0.000000000000000000e+00
6.891374809173740346e-01	4.918488523992464723e-01	1.345817191691622838e+00
-3.379038284344442200e+00	5.604585307612582890e-01	0.000000000000000000e+00
1.554872092651170989e+00	5.064259431216285856e-01	0.000000000000000000e+00
-1.133643636606436633e+00	7.071118243995161423e-02	0.000000000000000000e+00
4.965263377647610721e-01	2.848607279274573134e-01	1.478581955037632012e+00
1.027762123391144700e+00	7.042999984592704932e-01	0.000000000000000000e+00
-1.407919772587105545e+00	4.496755989799255393e-01	0.000000000000000000e+00
5.821527603626481806e-01	3.681151092556779747e-01	1.404333544997356853e+00
2.230912662064046259e+00	4.382541007311925862e-01	0.000000000000000000e+00
3.002207560253145502e+00	8.246814378296880577e-01	0.000000000000000000e+00
-2.086161808586474820e+00	-1.236791061721638219e-01	0.000000000000000000e+00
-1.566894348377453561e+00	5.979698205258618948e-01	0.000000000000000000e+00
-9.335697414661744409e-01	8.674330743229536900e-01	1.600694653536756773e+00
1.800510808097014470e-01	2.619593440388226502e-01	1.487513085939409452e+00
-1.339020937986898030e+00	6.831789629583761014e-01	0.000000000000000000e+00
1.433905087603942752e+00	8.780559900753455160e-01	0.000000000000000000e+00
6.069480470340500311e-01	3.925986120055129924e-01	1.388376636297407041e+00
-1.549845038096018257e+00	7.382085422255104667e-01	0.000000000000000000e+00
-1.974555123375820953e+00	7.821980994294569500e-01	0.000000000000000000e+00
-1.198157908856019249e+00	1.522572586479928325e-01	0.000000000000000000e+00
2.859861938045998309e-01	2.051152875965721600e-01	1.573489801921260423e+00
-2.125172728429436830e+00	4.431478001752660600e-01	0.000000000000000000e+00
1.411750578581445259e+00	-5.970597278274527575e-01	0.000000000000000000e+00
-4.547846437796777552e-01	8.418017157475458090e-01	1.436788650267417866e+00
8.410680840515172285e-01	6.937460379096823671e-01	1.373421503091131868e+00
2.540450961663878626e+00	3.575329728772974613e-01	0.000000000000000000e+00
-1.918019064129527163e+00	-8.896247375888299835e-02	0.000000000000000000e+00
2.505247186560076944e+00	8.952584927859678077e-01	0.000000000000000000e+00
2.029793567390354880e+00	5.018613493650626589e-01	0.000000000000000000e+00
-2.879500826888293785e-01	1.600000965589634949e-01	1.689904363657292574e+00
-2.089644933965122853e+00	2.367855350254316482e-01	0.000000000000000000e+00
6.497146481661129069e-01	3.590459384853587066e-01	1.422673049206580664e+00
1.940678187741778249e+00	7.730716467274301174e-01	0.000000000000000000e+00
6.435198600592046070e+00	8.662861838365738532e-01	0.000000000000000000e+00
3.576014780463677711e-01	7.896174606756342085e-01	1.350740332311289871e+00
2.771501321333403656e+00	9.010088807817803191e-01	0.000000000000000000e+00
4.340996992933487952e-02	7.361904777317006543e-01	1.310664406873001786e+00
-9.589479556169682173e-01	7.047597594184529246e-02	2.145681855422403306e+00
-1.260344472768303525e+00	3.230052417923653385e-01	0.000000000000000000e+00
-3.067215434178868882e+00	7.778046771370394907e-01	0.000000000000000000e+00
8.168338237889152254e-01	-4.195219371891834026e-02	2.298700831183255300e+00
3.137620167342379141e+00	6.475065728878859339e-01	0.000000000000000000e+00
-7.665788990765916022e-01	7.035278835583874679e-02	2.048459914978682406e+00
-2.027000643814198533e+00	6.835821695685201371e-01	0.000000000000000000e+00
3.075301724975787465e+00	8.887763811499131972e-01	0.000000000000000000e+00
-9.562126030430965207e-01	5.771529240662138793e-01	1.467855892788737293e+00
-4.200019048113383668e-01	2.917253988950299637e-01	1.507297170058575109e+00
-6.584570045990342235e-01	3.190637879340902927e-01	1.533093371683218686e+00
-1.650497448423762226e+00	5.308077954479294425e-01	0.000000000000000000e+00
1.134474029074473256e+00	4.388666552213680294e-01	0.000000000000000000e+00
-1.347521792603476043e-01	7.879529285663381399e-01	1.350047217063867766e+00
-3.202619092917464272e+00	6.608643665337898820e-01	0.000000000000000000e+00
-4.318775007021717016e+00	5.225651582151968899e-01	0.000000000000000000e+00
9.100672852869413632e-01	8.077427027836490137e-01	1.459391127556721068e+00
-2.772257864517077230e+00	7.371045781473473113e-01	0.000000000000000000e+00
-1.969294674817360757e+00	-1.100455200432919889e-01	0.000000000000000000e+00
1.222569504844509547e+00	7.552276934183965729e-01	0.000000000000000000e+00
1.240160406101664003e+00	8.243557369368644805e-01	0.000000000000000000e+00
-2.596024604724458396e-01	7.097621042290740423e-01	1.320380252289904632e+00
1.414959788247809991e+00	4.930976281191365440e-01	0.000000000000000000e+00
8.604500276419977389e-01	4.841695814186095514e-01	1.383715396319755486e+00
6.048029150521806452e-01	4.939199567569257932e-01	1.331575882816685041e+00
2.328422516163129452e-01	1.749952110845671704e-01	1.622961902716896443e+00
-1.296270441589896683e+00	1.705185831891868897e-01	0.000000000000000000e+00
2.053063671492852738e+00	1.990427326743199332e-02	0.000000000000000000e+00
1.374893651099639846e-01	6.434824228347675312e-01	1.280880775089978219e+00
-6.505658868831005748e-01	6.213079241902730310e-01	1.371985470390617134e+00
-1.264532907176555976e-01	4.270115541088898015e-02	1.941914808404755499e+00
3.271418644092630945e+00	4.633422840372702911e-02	0.000000000000000000e+00
-1.547936884594617091e+00	7.675366663851236337e-01	0.000000000000000000e+00
2.803618027786171751e+00	2.982799486779071918e-01	0.000000000000000000e+00
2.050882239315791722e+00	6.776296363400319267e-01	0.000000000000000000e+00
1.299532193832576343e+00	8.023882025634418991e-01	0.000000000000000000e+00
1.224757478013669965e-01	5.260700058022576009e-01	1.287766623094700247e+00
7.332905316612203794e-01	1.013962278156857466e-01	1.838986656958887744e+00
5.476657153876997697e+00	8.341209142498803297e-01	0.000000000000000000e+00
3.648005712828563674e-01	3.928002937085744439e-01	1.361727906148736622e+00
-1.721336370627151169e+00	1.174553625490356579e-01	0.000000000000000000e+00
3.880093286881771242e+00	2.646549310281727796e-01	0.000000000000000000e+00
2.784190411617413763e-01	4.074228650345803060e-01	1.346450142127439964e+00
-3.245379336242063761e+00	6.468650473412345114e-01	0.000000000000000000e+00
2.432542834069960858e+00	1.497511732469845591e-01	0.000000000000000000e+00
-1.749238088569708305e+00	6.112088543993536849e-01	0.000000000000000000e+00
9.278053801780636878e-01	6.477421842594082158e-01	1.381949575533359509e+00
-1.428670815637144376e+00	5.080146155842943934e-01	0.000000000000000000e+00
2.549742536850607699e+00	5.484270687118439902e-01	0.000000000000000000e+00
1.290266124050023278e+00	2.157171745377678418e-02	0.000000000000000000e+00
-4.397123316183756403e-01	-2.326248591095930740e-02	2.224826402791129087e+00
-1.256275088915365101e-01	8.534487816204472388e-03	2.044149740080341005e+00
-6.358782128532878275e-01	2.155525522766311708e-01	1.673632704744140831e+00
1.545252084006785598e+00	4.016352968306959870e-01	0.000000000000000000e+00
1.709573156436448027e+00	4.518394780919636755e-01	0.000000000000000000e+00
1.246917778437065305e+00	2.061648656453098916e-01	0.000000000000000000e+00
1.938151289386957909e-01	7.678358585773999989e-01	1.328082532345305822e+00
-5.781703784851839334e-01	8.386933787693667819e-01	1.460044063857385721e+00
1.685932345321213610e+00	4.772099696917074807e-01	0.000000000000000000e+00
-8.032100248205154003e-01	7.686338870272040324e-01	1.465420456280478678e+00
4.248643637946059926e+00	7.741324571961687440e-01	0.000000000000000000e+00
-4.853865363257658938e-02	2.932672406050139124e-01	1.455538966099131581e+00
-1.095448494693243013e+00	1.021905209261773639e-01	0.000000000000000000e+00
1.293135122385644653e-01	4.333528050092131378e-01	1.327068117138411996e+00
-1.504365323148556532e-01	5.325982268066978831e-01	1.298301056802072972e+00
-3.606457244713901389e+00	7.279431242298174398e-01	0.000000000000000000e+00
-2.219110322960530457e+00	9.135849225002916629e-01	0.000000000000000000e+00
3.461873509588212716e+00	6.276668428352571993e-01	0.000000000000000000e+00
-1.025714414203895419e+00	2.730398072243467866e-01	0.000000000000000000e+00
-7.861206152275151959e-01	5.840769189902014213e-01	1.409917510100801241e+00
9.650774069338985406e-01	3.526490201663764479e-01	1.499554723586361549e+00
2.358403264233806418e+00	1.779671936842112667e-01	0.000000000000000000e+00
6.582074119434659920e-01	5.014373918949234232e-01	1.337138358140453231e+00
2.741270117905433956e+00	1.980898842738144650e-01	0.000000000000000000e+00
8.643502385371353292e-01	3.362753649934219213e-01	1.488727376262798385e+00
-4.490266173909679637e+00	5.761109752132202999e-01	0.000000000000000000e+00
-3.395932832783435273e+00	3.956269279887847379e-01	0.000000000000000000e+00
6.788045236253670289e-01	7.818578086437486530e-01	1.386754825251607981e+00
8.014533177103977390e-01	4.606037250250920034e-01	1.381255922956062365e+00
-1.452638354053668923e+00	5.137389138265159305e-01	0.000000000000000000e+00
-4.795731260884185332e+00	4.446656285800726360e-01	0.000000000000000000e+00
-2.241984992027648893e+00	4.039744481489397909e-01	0.000000000000000000e+00
1.280129975006095044e+00	3.642769674067178887e-01	0.000000000000000000e+00
2.156536623262490959e+00	5.737855450687213699e-01	0.000000000000000000e+00
1.862882874127060884e-01	1.324904113853334897e-01	1.704334106316100828e+00
-7.011207164972346195e-01	4.516301932903972749e-01	1.430336591783178291e+00
-5.561650331481984288e-01	2.511656727769603914e-02	2.099790749346795327e+00
3.417629353133228687e+00	4.683055870859941794e-01	0.000000000000000000e+00
-8.827583364372693087e-01	8.570824445086072663e-01	1.569702418868249127e+00
-3.307392036824775339e+00	2.934019029891321573e-02	0.000000000000000000e+00
2.768356327246769943e+00	2.046370434646520575e-01	0.000000000000000000e+00
5.520692155248274613e-02	4.745870375925814733e-01	1.306849038588822287e+00
-3.959737711155092432e-02	3.340313557940050027e-01	1.410727980061687870e+00
1.740280762776121870e+00	4.207272246773204882e-01	0.000000000000000000e+00
-7.303389665621946580e-01	-1.013060220750251067e-02	2.294155521815384624e+00
2.346210513578057100e+00	-1.865398293310119859e-01	0.000000000000000000e+00
8.464004376417566533e-01	3.345814393675662357e-01	1.486045335436481096e+00
7.444240705488354148e-01	4.175689975668530618e-01	1.394509383796742608e+00
-1.410150212442665918e+00	7.233251149215141895e-01	0.000000000000000000e+00
-2.237155378676842332e+00	-1.059690112943511009e-01	0.000000000000000000e+00
2.127526120066229431e+00	7.052699117710401477e-01	0.000000000000000000e+00
2.091781127066666413e-01	3.828493158923281792e-01	1.362323938226502218e+00
1.605614087219550123e+00	8.777178140047467991e-01	0.000000000000000000e+00
3.372851582967880679e-01	2.207023046444501202e-01	1.551764566211566887e+00
1.226284122470513660e+00	7.898541918349160085e-01	0.000000000000000000e+00
2.066113529735036369e-02	3.030320604690976971e-01	1.440360782393350414e+00
1.695264009236360891e+00	6.175795359857905176e-02	0.000000000000000000e+00
-1.557816321698088036e+00	6.290958748982899973e-01	0.000000000000000000e+00
2.632298698410266979e+00	2.650103689924233064e-01	0.000000000000000000e+00
2.540399578103492040e+00	1.622441518413944017e-01	0.000000000000000000e+00
3.696887714914025569e-01	4.254642803855070987e-01	1.339867718268566099e+00
2.210739762059959368e+00	3.991882665656378282e-01	0.000000000000000000e+00
-2.073234709681419208e+00	3.523844666186369268e-01	0.000000000000000000e+00
8.269267508236766151e-02	6.722448594570009650e-01	1.286727553347394970e+00
2.074305171024779515e+00	3.971865363030194773e-01	0.000000000000000000e+00
-1.971609834446703680e+00	1.259441497706425828e-01	0.000000000000000000e+00
1.274629778270026659e+00	3.956059193661856099e-01	0.000000000000000000e+00
2.246427448892543310e+00	4.690208133609026220e-01	0.000000000000000000e+00
-2.459962505294200907e-01	4.864700833318603146e-01	1.323330690444139091e+00
-1.109764965364715028e+00	5.479020448395954812e-01	0.000000000000000000e+00
-2.926787203933712611e+00	4.200890012665724205e-02	0.000000000000000000e+00
5.601736767031838538e-01	2.871599601258107426e-01	1.484037092832439342e+00
-1.853000121282444290e-02	1.334314807903494993e-01	1.709275447010531801e+00
-3.018123036056063135e+00	7.739653956682261970e-01	0.000000000000000000e+00
-2.064088135297506454e+00	5.294882616666662933e-01	0.000000000000000000e+00
1.198393995059311989e-01	7.978782351650730575e-01	1.347374895981426679e+00
-1.988039586788017177e+00	8.057937852629493136e-01	0.000000000000000000e+00
-7.105007328663086597e-01	6.771240223131421709e-01	1.396470122160578642e+00
7.258334948120611640e-01	1.048400634691362687e-01	1.829098204460695598e+00
3.717199093915086738e-01	3.764447764304206245e-01	1.374896172025081187e+00
1.555838767788516042e-01	5.671241919109297758e-01	1.280032040959121042e+00
-3.436467229884192953e+00	5.078799099036465092e-01	0.000000000000000000e+00
-9.310250325279084693e-01	2.096460739828464037e-01	1.797042943440246843e+00
2.160667987200377560e+00	2.225748971101925155e-01	0.000000000000000000e+00
1.767725563335043493e+00	2.493907295917712486e-01	0.000000000000000000e+00
1.269790984306688575e+00	3.884200980212721976e-01	0.000000000000000000e+00
2.836069179803247575e+00	2.806800061474497010e-01	0.000000000000000000e+00
-3.627688671999036885e+00	4.969724033405024666e-01	0.000000000000000000e+00
7.945556293704633122e-01	8.420029960835540006e-01	1.462015067206328789e+00
7.522058017665191887e-01	4.589363468723966499e-01	1.371988768401095626e+00
2.984528766884813944e+00	-6.969024711986659959e-02	0.000000000000000000e+00
-4.913153289035037119e-01	8.742716132074236368e-01	1.477830417939202334e+00
2.924242144085881456e+00	8.841491098020123340e-01	0.000000000000000000e+00
6.315188783775895764e-01	2.033861078252754417e-01	1.614530006732348033e+00
8.729537208075813792e-01	2.073422726017894735e-01	1.662554235297667882e+00
8.064272315524366741e-01	8.713541658443683113e-01	1.496515876574756820e+00
2.359596995919666096e-02	6.477936775243109402e-01	1.283044374578632185e+00
1.389974855862912140e-01	4.573864733491741497e-01	1.313908173013127012e+00
3.792433033049061208e+00	7.633197905638622327e-01	0.000000000000000000e+00
5.848274753587923147e-01	4.829497200918486666e-01	1.333006209505865458e+00
-3.281248240478952027e+00	3.485769228660862140e-01	0.000000000000000000e+00
1.543172160684611161e+00	6.004070183558520846e-01	0.000000000000000000e+00
-1.422318314860446797e+00	6.386758450832867862e-01	0.000000000000000000e+00
-7.204400839614280017e-01	5.430398240739141569e-01	1.397730888240718228e+00
2.212758565527604304e+00	5.093174001838665088e-01	0.000000000000000000e+00
-9.996456616892462899e-01	3.380431829036399938e-01	1.634518902313787159e+00
-3.995189213294066732e+00	6.571721428976137203e-01	0.000000000000000000e+00
-1.861125111846657409e+00	7.585266428691894713e-01	0.000000000000000000e+00
3.929474241361337050e-01	5.156030557582952367e-01	1.300735659434107738e+00
-1.274806797443778228e+00	6.058327185692427008e-01	0.000000000000000000e+00
2.134985986915652667e+00	2.472184239451134524e-01	0.000000000000000000e+00
5.188204909197202674e-01	7.987260870811644375e-01	1.374116760665080150e+00
2.298461936111098503e+00	7.603567408610684142e-01	0.000000000000000000e+00
-1.997260024221803487e+00	-1.388293772703571849e-01	0.000000000000000000e+00
1.971318093079031719e+00	-3.390939675487081306e-01	0.000000000000000000e+00
-2.771066913725967140e+00	6.317732311464527850e-01	0.000000000000000000e+00
2.930193263107576662e+00	5.721044151852561210e-01	0.000000000000000000e+00
-3.265297894577203763e-01	5.279499436898220655e-01	1.319553191058332242e+00
-2.587866676995138171e+00	3.445154958545812440e-01	0.000000000000000000e+00
-1.313223933444868319e+00	5.091191396837327909e-01	0.000000000000000000e+00
2.727641268619325210e-01	4.440508491765293719e-01	1.323617058337646757e+00
-9.453203129144779338e-01	4.375173278756927520e-02	2.221760738266455260e+00
1.005649317300415735e+00	7.209495042708513601e-01	0.000000000000000000e+00
-1.451156799494856209e+00	7.324602075276293034e-01	0.000000000000000000e+00
1.523891878611011608e+00	7.931673536833678817e-01	0.000000000000000000e+00
-2.070945761706460164e+00	5.470810119883180445e-01	0.000000000000000000e+00
1.472266076605686536e+00	1.134271676539694435e-01	0.000000000000000000e+00
1.765297642413798940e-02	3.913667466101451997e-01	1.357751983946648977e+00
-6.900651762223249941e-01	8.806694118371852786e-01	1.534213735516883448e+00
-7.913441963855545325e-01	4.420567927571852351e-01	1.463275251851833048e+00
-1.016705869047041938e-01	4.834309471909015166e-01	1.310773307023198386e+00
-1.703839099855462669e+00	5.593602654675898789e-01	0.000000000000000000e+00
3.468847102832123275e-01	8.359071114948283254e-01	1.387545474760152109e+00
-4.118669298770147869e-01	3.813267467106871700e-01	1.413388751693270606e+00
1.226947982622829780e+00	8.318540337808163487e-01	0.000000000000000000e+00
-2.259683289711841958e+00	-1.999189466935775705e-01	0.000000000000000000e+00
-3.941992967850186158e+00	6.709011957138539817e-01	0.000000000000000000e+00
-1.867196822046592430e+00	-1.849245003085520089e-02	0.000000000000000000e+00
2.184838244030286258e+00	7.717276101346869366e-01	0.000000000000000000e+00
1.081319779612561538e+00	6.230150313974967824e-03	0.000000000000000000e+00
-2.211957417697458350e+00	6.008457223447966067e-01	0.000000000000000000e+00
1.820857834259186792e+00	1.573188955875000905e-01	0.000000000000000000e+00
-1.310215556910413692e+00	5.990138802553708341e-01	0.000000000000000000e+00
1.394190018661622288e+00	3.828486982861348253e-01	0.000000000000000000e+00
-1.334928963634789856e+00	1.242049928662775082e-02	0.000000000000000000e+00
-7.691985288610855842e-02	5.727745916575245344e-01	1.285764185649222791e+00
-2.964341007107160753e+00	3.347919765472762155e-02	0.000000000000000000e+00
2.017754617620165725e+00	6.715061824682244662e-01	0.000000000000000000e+00
3.832468596032034824e-01	6.785392866297085268e-01	1.298405489496527787e+00
3.012516310421101906e+00	7.492606776919068512e-01	0.000000000000000000e+00
-4.240633339179812333e-01	8.803894460807404343e-01	1.471649350694110181e+00
-2.656088688938166076e+00	9.007497790170443386e-01	0.000000000000000000e+00
-2.135199458675189899e+00	3.760117357489014545e-01	0.000000000000000000e+00
-7.407018996976283409e-01	-4.725667163464519760e-02	2.445497913772904042e+00
-3.516615725765153577e+00	2.214292481797093259e-01	0.000000000000000000e+00
-5.164444920751634083e-01	1.982370896211774203e-01	1.669401864540422276e+00
1.719279076171890130e-01	-1.428102732037876965e-01	2.634004767114300094e+00
-3.575047506398397745e-01	8.164964539568576596e-01	1.397503859836945139e+00
3.029638150913482320e-01	2.506273133399116726e-01	1.506362977345569121e+00
4.254256374189605006e-01	6.023655232128785619e-02	1.887503174079584234e+00
1.998378620329148925e+00	7.034848712612210564e-01	0.000000000000000000e+00
2.936419769831897231e+00	8.882416657216946065e-02	0.000000000000000000e+00
-1.212625928238466599e+00	8.428793149645363858e-01	0.000000000000000000e+00
1.639282201463509114e+00	5.796176632676994789e-01	0.000000000000000000e+00
-8.509413001101338025e-01	2.302436125061323446e-01	1.725633062210299329e+00
2.239680527387223119e+00	3.277284216251954430e-01	0.000000000000000000e+00
1.439649812868100121e+00	2.439960003746904360e-01	0.000000000000000000e+00
-1.436394472132719757e+00	-6.758750752539738338e-01	0.000000000000000000e+00
-2.723652731454742515e+00	7.364737556667239060e-01	0.000000000000000000e+00
-2.612356949545557416e+00	-5.486238272862953291e-02	0.000000000000000000e+00
3.057487318929439368e+00	5.948309265914064614e-01	0.000000000000000000e+00
1.035933698781847934e+00	6.012630226576051173e-01	0.000000000000000000e+00
-2.734641952465612480e+00	1.563857205583039922e-01	0.000000000000000000e+00
4.261666092641577808e-01	7.157620097813732762e-01	1.315067778902056617e+00
6.438041796975269015e-02	6.663142800237669139e-01	1.285604418899810586e+00
5.723923170724728449e-01	8.730785222162141812e-01	1.451586779834559637e+00
-1.104296489763414435e+00	3.450535064627469062e-02	0.000000000000000000e+00
3.958177852723862244e+00	7.922851326212523304e-01	0.000000000000000000e+00
-2.806064593077261193e+00	7.512525250841799451e-01	0.000000000000000000e+00
7.792930158870031709e-02	8.037641218949825861e-01	1.351980044742925546e+00
1.488885278188868178e+00	1.660639310400604807e-01	0.000000000000000000e+00
-6.364932952178238956e+00	6.758022825250663557e-01	0.000000000000000000e+00
-2.478353246723799419e+00	7.026004749987884157e-01	0.000000000000000000e+00
2.794047621609270782e-01	7.246558386779428096e-01	1.308397550302115020e+00
2.217165361462567930e+00	-4.411384358869685496e-02	0.000000000000000000e+00
3.588993357713847754e-01	4.713335815414191332e-01	1.314671486884231300e+00
-2.733794720469147066e+00	-9.325632920254539604e-03	0.000000000000000000e+00
-2.814833255308779592e+00	6.830797117732820833e-01	0.000000000000000000e+00
-1.991524319172888191e-01	4.857383526873528812e-01	1.318431810020588735e+00
-3.755230511847201136e+00	3.848167370286947886e-01	0.000000000000000000e+00
3.822833242346120874e-01	5.924430741229012032e-01	1.287640581283111096e+00
-4.322262545881541129e+00	2.179112944887281744e-01	0.000000000000000000e+00
1.557573381773213139e+00	1.468182911687998526e-02	0.000000000000000000e+00
-5.637501584857451675e-02	3.132971089126049824e-01	1.433406239205899491e+00
4.463418343057692361e+00	4.953142408442779421e-01	0.000000000000000000e+00
8.637366389802517697e-01	3.012298015367975701e-02	2.067962809617163167e+00
-2.657857845011501574e+00	-1.647041215416429338e-01	0.000000000000000000e+00
1.079869633962076803e+00	6.863304332189912316e-01	0.000000000000000000e+00
-8.242826528600254443e-01	2.241601181387364305e-01	1.725372910163911699e+00
-7.815561511531758931e-01	2.917694325249172715e-01	1.606375547373891877e+00
4.675800183074541039e+00	2.450053929154142329e-01	0.000000000000000000e+00
7.037075826668035550e-01	5.199469546832007349e-01	1.339145516980149830e+00
8.818946494197801300e-01	7.880975003256320832e-01	1.436004739673589103e+00
-7.971463568225118923e-01	7.985252288010868948e-02	2.035470741465794653e+00
-7.755451615286006462e-01	6.364103311048405764e-01	1.407248599303101866e+00
1.210768531494050171e+00	6.243763899871275225e-01	0.000000000000000000e+00
-1.492863123857797181e+00	4.872045174600952988e-01	0.000000000000000000e+00
-2.487401534541440196e-01	4.633398448524433944e-01	1.334245338070388476e+00
-2.350859288918279333e+00	7.592612306678370171e-02	0.000000000000000000e+00
9.458122715771690725e-01	3.721315690392701381e-01	1.476408400491778794e+00
-2.568945496565096409e+00	8.082666179061541722e-01	0.000000000000000000e+00
-1.419049847653352181e+00	1.344790425524822197e-02	0.000000000000000000e+00
1.786312475580412951e+00	7.290644006928719278e-01	0.000000000000000000e+00
7.852620989017713438e-01	6.210696333754825993e-01	1.345018391309470207e+00
1.031543971808368321e+00	8.899348334723089504e-01	0.000000000000000000e+00
7.707686185384411415e-01	2.657770001559166262e-02	2.050075591471631764e+00
-2.226180336274123484e+00	6.202792781447061810e-01	0.000000000000000000e+00
-1.383491757863988258e+00	8.258372724423352906e-01	0.000000000000000000e+00
6.975744021668268680e-01	6.482006764870779092e-01	1.331740667113201715e+00
-2.375754590118982712e+00	6.325531036079096170e-01	0.000000000000000000e+00
1.276899108433642294e-01	5.873670506639550037e-02	1.878134421548604216e+00
8.168794170427778889e-02	6.919715911297091848e-01	1.292301198832574105e+00
-3.883286938943793842e+00	5.392196491316503248e-01	0.000000000000000000e+00
1.603681236393650344e-03	1.592500916332162952e-01	1.656376280662580802e+00
9.233674651581464943e-01	3.173233454125817810e-01	1.524276720338040292e+00
3.702499436241837749e+00	1.331134982827790192e-01	0.000000000000000000e+00
2.787391829010517963e+00	5.322756934652008720e-01	0.000000000000000000e+00
3.090041623011272609e+00	8.238860008381271305e-01	0.000000000000000000e+00
-3.636418577377467543e+00	4.963564442157815115e-01	0.000000000000000000e+00
-2.977876317624791325e-01	7.889469999317625382e-01	1.367882867477105080e+00
2.716528875737842963e+00	1.822973905574207798e-01	0.000000000000000000e+00
4.265828936503192281e+00	6.778166991967211619e-01	0.000000000000000000e+00
-9.970456070907193213e-01	1.260684928134441218e-01	2.013118490417981743e+00
2.029693856703258525e+00	7.058931019200372914e-01	0.000000000000000000e+00
2.629592299237582864e+00	8.066734875119941917e-01	0.000000000000000000e+00
-6.110460833669677516e-01	3.410184677866689995e-04	2.203268266743769743e+00
-2.382439493118171825e+00	6.041363523505355326e-01	0.000000000000000000e+00
6.719619282259481352e-02	6.412962911579610514e-01	1.281052023875050017e+00
1.245923488302092874e+00	7.465492058092877414e-01	0.000000000000000000e+00
-3.643442591093554839e+00	6.754511175151454161e-01	0.000000000000000000e+00
-1.794082203319657509e+00	-3.591984831931454014e-01	0.000000000000000000e+00
-7.039290562023853282e-01	3.317890902873674164e-01	1.532199905288491149e+00
1.543831867510649936e+00	1.439568573285280317e-01	0.000000000000000000e+00
5.317637712919229820e-01	4.789344040484260212e-01	1.327739801777627626e+00
-3.892990123012368464e+00	5.308418084493633504e-01	0.000000000000000000e+00
5.937059579651113417e+00	4.461891083939179548e-01	0.000000000000000000e+00
-8.492151061057950923e-02	6.809008599530326222e-01	1.295236120528477031e+00
1.738826160917886110e+00	5.202375665695937457e-01	0.000000000000000000e+00
1.769600419959453497e+00	5.398559186548705924e-01	0.000000000000000000e+00
1.506307253488840869e+00	6.705500403858306591e-01	0.000000000000000000e+00
-1.794629698480725510e+00	3.222093380829027520e-01	0.000000000000000000e+00
3.982585701516192511e-01	6.153111977400576027e-01	1.289201414153702485e+00
1.918364725639019053e+00	7.275592064866471809e-01	0.000000000000000000e+00
-2.011908562355556818e+00	8.759091571736056236e-01	0.000000000000000000e+00
-6.084508874405269996e-01	2.127756902765126357e-01	1.670005029026292664e+00
1.939921094609288410e+00	2.073867463421935065e-01	0.000000000000000000e+00
9.079032829791726655e-01	7.309291687229435563e-02	1.960362136300322522e+00
4.468019138098282550e-01	5.673870473309003959e-01	1.294928424786956356e+00
1.579646063375133469e+00	-2.579757690175304985e-02	0.000000000000000000e+00
1.618040551184682485e+00	5.276687344425932125e-01	0.000000000000000000e+00
2.887536098535101736e-01	-6.536430203606674594e-02	2.285667375737546081e+00
-3.039654335955938258e+00	7.971973739159772254e-01	0.000000000000000000e+00
-2.490654245271961553e+00	1.151939271606498005e-01	0.000000000000000000e+00
1.695268352767730358e-01	7.434482641458060037e-01	1.313846747899794165e+00
-1.485829941700503642e+00	6.366373876499358264e-01	0.000000000000000000e+00
5.140235121379269634e-01	4.970960707502156684e-01	1.318531323218551821e+00
-1.703198412823276886e+00	1.375409881752007735e-01	0.000000000000000000e+00
-5.402009746692385539e-01	4.613886503992432608e-01	1.384640379242170649e+00
-3.146307362213571768e+00	8.287252066109598303e-01	0.000000000000000000e+00
1.205355312175804938e+00	8.819639302909447753e-01	0.000000000000000000e+00
3.467961878142337806e+00	6.273769935671823506e-01	0.000000000000000000e+00
2.802320007785912725e+00	4.854009914111426238e-01	0.000000000000000000e+00
3.355080365161733358e+00	6.237043080229475178e-01	0.000000000000000000e+00
-1.017797903433305784e+00	7.821817634296560628e-01	0.000000000000000000e+00
2.322971630836277779e+00	5.225464388912216818e-02	0.000000000000000000e+00
1.074391422050457123e+00	3.496014084619093465e-01	0.000000000000000000e+00
1.606052367748854515e+00	3.933214262149438145e-01	0.000000000000000000e+00
-1.713786074236323120e-01	3.873269357455542683e-01	1.374280352194604982e+00
-2.116821562580223137e+00	1.113471379126769190e-01	0.000000000000000000e+00
6.916433226989858740e-01	8.349073037793380836e-01	1.433038961623724239e+00
-9.414275565979774926e-03	6.449479489138001398e-01	1.283775697189317944e+00
-3.562321455464167119e+00	2.735218615736774161e-01	0.000000000000000000e+00
-1.794306862273825853e+00	4.582097412705584683e-01	0.000000000000000000e+00
-4.863626127700417356e+00	3.924929589134931174e-01	0.000000000000000000e+00
-3.844890674331303604e+00	3.941621275838078642e-01	0.000000000000000000e+00
2.757929228748059014e+00	3.642469531483720768e-01	0.000000000000000000e+00
-3.033252525630663499e+00	8.108306222080083892e-01	0.000000000000000000e+00
3.008306469120086923e+00	1.326505863287444908e-01	0.000000000000000000e+00
-1.231384988408917192e+00	5.401317080094262257e-01	0.000000000000000000e+00
6.797482971692289100e-01	5.219042425781681427e-01	1.334435038705164667e+00
-3.791561877925746948e+00	4.218875243591720392e-01	0.000000000000000000e+00
-8.584843234637782317e-01	6.304802443977801651e-01	1.432593484120118887e+00
1.821292156754975800e+00	8.662936543132991885e-01	0.000000000000000000e+00
3.795995493783554497e+00	6.570796920363721760e-01	0.000000000000000000e+00
-1.797154156882766030e+00	1.490755102322016690e-01	0.000000000000000000e+00
6.044457240116812846e-01	7.799803344765767754e-01	1.372795437315976752e+00
3.237087313757677887e+00	8.478146833114339476e-01	0.000000000000000000e+00
4.228438994683857644e+00	8.575425851410383160e-01	0.000000000000000000e+00
-8.230277108269757891e-01	6.720282774562188477e-01	1.428167282035066599e+00
-1.968961823736907757e-01	7.447794581021618399e-01	1.329402308585725168e+00
4.103089249209013190e+00	8.570212033318846956e-01	0.000000000000000000e+00
3.214364783056771202e-01	2.444650528553166946e-01	1.515924792891616413e+00
1.570380175128515576e+00	6.799378870063941260e-01	0.000000000000000000e+00
2.489735312111013066e+00	8.624752325104405593e-01	0.000000000000000000e+00
4.468434611482764440e-01	1.298420383688581037e-01	1.725333254390438942e+00
1.754172246597015761e+00	1.437539051925080802e-01	0.000000000000000000e+00
-2.678319732734896208e-01	8.419853288417387116e-01	1.407591165157740409e+00
3.000043961025241623e-01	7.504687673634699019e-01	1.322297234112203013e+00
2.331799900277502502e+00	5.419524342649262305e-01	0.000000000000000000e+00
-4.668399549622371802e-01	3.157744682055099728e-01	1.488584948508615335e+00
-2.033841155865724559e+00	2.225286404158074438e-01	0.000000000000000000e+00
1.044140408221990501e+00	4.224644250481885965e-01	0.000000000000000000e+00
-1.261066646387798862e+00	6.757993431252824479e-01	0.000000000000000000e+00
-1.263518466386593708e+00	5.255046675428155512e-01	0.000000000000000000e+00
3.308709441802149875e+00	5.908548374072750686e-01	0.000000000000000000e+00
-3.308391498473544967e+00	4.215765045443567449e-01	0.000000000000000000e+00
2.829486069154588890e+00	8.237804569092971319e-01	0.000000000000000000e+00
-1.090089660700886420e-01	4.450975468900677523e-01	1.330028387197748962e+00
-2.903727920513615501e+00	1.688545060626988059e-01	0.000000000000000000e+00
2.154591086449904047e-01	6.832913619104464820e-01	1.290752260660117390e+00
-4.525423105329053008e+00	3.842599963126452911e-01	0.000000000000000000e+00
-2.855854569819103794e+00	8.973175404316546810e-02	0.000000000000000000e+00
-2.828475645443034647e+00	1.923470196734489157e-01	0.000000000000000000e+00
4.097412839355791814e-01	1.771437725989580825e-01	1.629654109501567749e+00
-1.407632505272396362e+00	5.825267861047316309e-01	0.000000000000000000e+00
-1.018081835462409490e+00	6.939885763278890174e-01	0.000000000000000000e+00
6.531945770291806008e-01	7.687174427259630960e-01	1.373298996356689727e+00
1.729669278480042038e+00	6.332159608282066365e-01	0.000000000000000000e+00
1.144638086041763092e+00	2.466995724412819335e-01	0.000000000000000000e+00
1.545176034680424193e+00	3.188319236161241133e-01	0.000000000000000000e+00
1.919169016873795819e+00	7.064804592705357100e-01	0.000000000000000000e+00
1.662655438374156525e+00	2.524315492924809057e-01	0.000000000000000000e+00
-2.426225856220358967e-01	3.116933812218644073e-01	1.454125155877780129e+00
6.731949462938024986e-01	4.005471584035803501e-01	1.393178845933927157e+00
-2.091145321977841975e-01	6.527291328675597359e-01	1.299111543112394296e+00
2.983266491982729196e+00	4.207623826775774845e-01	0.000000000000000000e+00
-1.426677514781157452e+00	5.742217120065785663e-01	0.000000000000000000e+00
7.070410247107152824e-01	6.833822089075165529e-01	1.342135636085544981e+00
-4.915978258474406060e-01	6.958303056169375944e-01	1.351319099094580478e+00
8.832739313822545180e-01	1.319411165343705450e-01	1.810445314341145417e+00
2.601765561364818069e+00	3.371922685645405426e-01	0.000000000000000000e+00
8.842676176335859672e-01	3.224723211844229831e-01	1.508213321696335374e+00
1.504086848840735291e+00	8.866529548457433574e-01	0.000000000000000000e+00
-4.415188778620685595e-01	3.132726232598317950e-01	1.486094815992534013e+00
1.232038309716416258e+00	4.184533322392317567e-01	0.000000000000000000e+00
3.661198570185840162e-01	4.554913302943142672e-01	1.322742676161345887e+00
-4.768837082546064643e-01	3.830911731236977258e-01	1.424634116212714297e+00
3.512949783081175337e+00	7.218378401658461785e-01	0.000000000000000000e+00
1.364560269033185946e-01	1.883783471057544068e-01	1.598704387997537557e+00
-4.609972606974779286e-01	8.686681337927589786e-01	1.465505985205255435e+00
-2.546902681059470819e-01	1.971834832585583897e-01	1.616219119725954778e+00
-2.497335292059857714e+00	4.018286961212735875e-02	0.000000000000000000e+00
8.524275613657836814e-01	1.194075949599753272e-01	1.829117067079499837e+00
-2.800243959819338269e+00	7.306019645101923254e-01	0.000000000000000000e+00
-2.025856747248643508e+00	-2.859912023181652163e-01	0.000000000000000000e+00
-1.686340917542744622e-02	6.357280178913549129e-01	1.282878743232970242e+00
1.053770139951411888e+00	1.956370737069992316e-01	0.000000000000000000e+00
1.029703258462064674e+00	7.717678823176051806e-01	0.000000000000000000e+00
1.500689031607491675e+00	-5.909061264582993189e-01	0.000000000000000000e+00
-7.880615537076973709e-03	6.384624513709469262e-01	1.282834007277590116e+00
-1.567249023975772371e+00	2.815549481007116883e-01	0.000000000000000000e+00
9.430600552076047194e-01	3.274295168015855517e-01	1.518766553344216952e+00
-1.649844328300380525e+00	2.073373407858490891e-01	0.000000000000000000e+00
-1.021951609893264057e-01	2.384013019474613415e-01	1.531995456012262391e+00
-1.423721754581917187e+00	1.003015664085232794e-01	0.000000000000000000e+00
7.934835640505426557e-01	4.965157785281395508e-01	1.364068039047366510e+00
5.990525947053382261e-01	6.770692892224285941e-01	1.322387324566825617e+00
1.569972228512354517e+00	-4.298806903156291437e-01	0.000000000000000000e+00
-2.568350058097879085e-01	-1.324999370920385555e-01	2.643038726109236070e+00
3.296509045389453441e+00	6.744775808739882361e-01	0.000000000000000000e+00
9.604221801781563927e-01	8.793608665208071384e-01	1.548642260667119963e+00
-2.027784249254039217e+00	6.663133356489516768e-01	0.000000000000000000e+00
-1.064229660457548299e+00	4.066628818350281338e-01	0.000000000000000000e+00
-1.006990111401250498e+00	6.139133430011664005e-01	0.000000000000000000e+00
1.919708720534787805e+00	1.990779906383869369e-01	0.000000000000000000e+00
-3.529567407545353142e-01	3.382199918864533528e-01	1.442705999032456221e+00
4.716948845014742986e+00	6.980379868461613624e-01	0.000000000000000000e+00
1.101016015346208743e+00	4.161686359454054851e-01	0.000000000000000000e+00
2.310499794769123594e-01	5.941992817701453600e-01	1.279525292840674178e+00
1.319274103026000011e+00	3.846065977717825213e-01	0.000000000000000000e+00
-3.107518447614311619e+00	9.030531203815915786e-01	0.000000000000000000e+00
-8.298760822836163120e-01	6.034532824905700643e-01	1.422412730454818419e+00
3.524856346954428510e+00	4.775620540085320775e-01	0.000000000000000000e+00
1.022515034995047367e-01	4.675359196198423106e-01	1.309197555384620015e+00
-2.398697003643400771e-01	4.652091271150913809e-01	1.332258342537176121e+00
-7.456759667116032997e-01	5.389667513646567709e-01	1.405905127890912709e+00
-9.044361275191460381e-01	5.041325369476123974e-01	1.468637156384202447e+00
9.018504876178272678e-01	1.491087376881031212e-01	1.779671492110742603e+00
-1.294074181033392001e+00	5.671653160724652309e-01	0.000000000000000000e+00
-1.114114878943827103e+00	4.434971661205082682e-01	0.000000000000000000e+00
-5.046086285049160569e-01	7.543972348705758613e-01	1.380232021400913833e+00
-3.126182056912168772e+00	4.287631246697992671e-01	0.000000000000000000e+00
-7.531188856065866855e-01	-1.323788819052817978e-03	2.273188906443503576e+00
3.409854941424852015e+00	4.332170188223976037e-01	0.000000000000000000e+00
1.170745200598967362e+00	7.788909126747510792e-01	0.000000000000000000e+00
-2.064503959355235452e+00	5.210676729488714631e-01	0.000000000000000000e+00
3.074320564096313824e+00	1.170778343039009517e-01	0.000000000000000000e+00
9.934757695945721778e-01	1.785401341075969484e-01	1.751039307898504704e+00
-1.149767859290235839e+00	1.337173172562485801e-01	0.000000000000000000e+00
-2.639873082448224384e+00	8.729812970228160163e-01	0.000000000000000000e+00
2.746166396115756747e+00	3.396833053632987154e-01	0.000000000000000000e+00
1.334811882331430111e+00	6.525207852009234921e-01	0.000000000000000000e+00
1.224100345863266659e+00	3.999445595395771380e-01	0.000000000000000000e+00
1.359229476516746749e+00	3.107261160554136703e-02	0.000000000000000000e+00
-3.441507669614760623e+00	2.556751612957386954e-01	0.000000000000000000e+00
-8.390959787899253675e-01	8.118736315545591609e-01	1.509937297401897416e+00
2.605595500732411196e+00	2.324038750886787963e-01	0.000000000000000000e+00
1.170559987070112662e+00	3.552269025547803993e-01	0.000000000000000000e+00
-1.698151433964192325e+00	7.021205926165580147e-01	0.000000000000000000e+00
-7.907445516417879183e-01	8.189326233449281123e-01	1.500355209643194909e+00
-3.099179920976356861e+00	4.760735698735551469e-01	0.000000000000000000e+00
-4.522618965318730977e-01	2.135847892981480589e-01	1.627082302636581490e+00
3.146670724299494459e+00	4.189692678902808831e-01	0.000000000000000000e+00
1.271589753464365202e+00	-8.809801362782618828e-01	0.000000000000000000e+00
7.608885895317670789e-01	6.246312789178296576e-01	1.340395457301959414e+00
3.565742128004695921e+00	6.875236520065106660e-01	0.000000000000000000e+00
3.217357058461848052e+00	3.720974557051564546e-01	0.000000000000000000e+00
1.699598014058096407e+00	-1.297565920395062633e-01	0.000000000000000000e+00
1.126461266012204643e+00	4.812273783750775635e-02	0.000000000000000000e+00
2.425949134424438824e+00	-8.989251942925768901e-05	0.000000000000000000e+00
-1.020668574380354965e+00	1.307146866846166100e-01	0.000000000000000000e+00
1.630587363545013435e+00	5.001642565703263710e-01	0.000000000000000000e+00
-1.609447942578882795e+00	6.684384585518380328e-01	0.000000000000000000e+00
-1.260619076535079985e-01	1.532914881332319013e-01	1.679279287528311349e+00
-4.564727493334010511e+00	2.959786024511334990e-01	0.000000000000000000e+00
-3.072370379615694258e+00	4.069285125205446274e-01	0.000000000000000000e+00
-1.760751326228061631e+00	8.137952520514295518e-01	0.000000000000000000e+00
-1.888155496999563310e+00	6.602692971711766612e-01	0.000000000000000000e+00
-1.937740765419376787e-02	5.810308994414177253e-01	1.281939086764638969e+00
-2.626324946063290255e+00	3.283656996403595540e-01	0.000000000000000000e+00
1.028180114856827032e+00	7.860254670854222026e-01	0.000000000000000000e+00
-8.330482082582744141e-01	-4.584837895142579445e-03	2.326919806810908042e+00
1.056642949138971721e+00	2.212356310400753756e-02	0.000000000000000000e+00
-9.333607022861020175e-01	2.750499406875981934e-01	1.688882920612853500e+00
1.543453182431486770e+00	1.181677542510353174e-01	0.000000000000000000e+00
-9.936254872668546234e-01	1.314512926765735723e-01	1.997740113858742284e+00
-2.607864251616962115e+00	8.885026999441045792e-01	0.000000000000000000e+00
-2.343869876898302174e+00	2.238842706523745951e-01	0.000000000000000000e+00
1.514643299169856849e+00	2.388935299326436223e-01	0.000000000000000000e+00
2.143011002921209496e+00	6.698937373716762345e-01	0.000000000000000000e+00
1.414876897525117805e+00	2.963879935466143811e-01	0.000000000000000000e+00
1.199928224609080551e+00	6.876819182053710566e-01	0.000000000000000000e+00
-1.131039958972464454e+00	7.688877384355152778e-01	0.000000000000000000e+00
9.791182444192474410e-01	2.953636731812415150e-01	1.565991222717592724e+00
-2.713764501897527381e+00	2.010901358583946918e-02	0.000000000000000000e+00
-3.140385218311532611e+00	4.961808119676047735e-01	0.000000000000000000e+00
-6.731832941657162728e+00	5.805904787981993609e-01	0.000000000000000000e+00
4.638810038506782085e+00	2.533429546031885637e-01	0.000000000000000000e+00
-1.308289030950357201e+00	5.859871554158739837e-01	0.000000000000000000e+00
8.111111331326774643e-01	5.197128488356234088e-01	1.360324526349542040e+00
-2.396967219236549873e+00	-9.283486435403898174e-02	0.000000000000000000e+00
-1.775581376580331661e+00	1.863573763468086009e-01	0.000000000000000000e+00
9.976485374362336067e-01	7.371591995497959182e-01	1.434447815757208033e+00
1.237025762643075844e+00	7.390400814412526609e-01	0.000000000000000000e+00
3.021609059777427664e+00	7.468514178197396269e-01	0.000000000000000000e+00
-1.071904019324783741e+00	1.744537930598010211e-01	0.000000000000000000e+00
-1.015953616104897650e+00	6.408413362784474154e-01	0.000000000000000000e+00
-5.980728033931496102e-01	3.942489031036177094e-01	1.443156770737901162e+00
-1.855157179627509034e-01	7.513006368106803778e-01	1.331772867905233637e+00
-3.305089809945622736e+00	5.685980485544208651e-01	0.000000000000000000e+00
-2.280739428559085624e+00	4.778748727594928081e-01	0.000000000000000000e+00
-4.039164812661774073e-01	1.122944042950364540e-01	1.816202576343301622e+00
5.273068666291247375e+00	8.428290291895710329e-01	0.000000000000000000e+00
1.520725727482232337e+00	-4.922657140426192068e-01	0.000000000000000000e+00
7.684311480071781553e-02	1.139146739117101181e-01	1.745810693777439360e+00
4.529981133427339324e-01	-9.547462290838482080e-02	2.428530875768019737e+00
3.363912732686841878e+00	3.352220960900333391e-01	0.000000000000000000e+00
2.778513525215339230e-01	5.042481944046253162e-01	1.297309830015572762e+00
-5.046727465164330795e+00	3.673911108063636632e-01	0.000000000000000000e+00
1.321350686573788069e+00	6.580252452027374188e-02	0.000000000000000000e+00
2.622060663703837946e+00	3.844476522193000512e-01	0.000000000000000000e+00
-2.202678510634076825e-01	4.052379057288468256e-01	1.366170264572967863e+00
1.927063463922423558e+00	1.117374302550626641e-01	0.000000000000000000e+00
-5.444916899489137485e+00	5.524038405077809077e-01	0.000000000000000000e+00
-3.924244805529676361e-01	2.995108295878288196e-01	1.492423173152025440e+00
1.124643896135201437e+00	8.792276299932956229e-01	0.000000000000000000e+00
2.320555104926155465e+00	3.796705649265263993e-03	0.000000000000000000e+00
-6.527906046010727437e-01	6.036281158293823612e-01	1.372181104380374883e+00
5.403889280607729884e-01	8.825895316255647494e-01	1.457606624822407770e+00
1.727179299274699820e-01	3.092685115110985206e-01	1.430569116960385578e+00
1.472217488723655210e+00	2.409663389411110801e-01	0.000000000000000000e+00
-2.366902496497812258e+00	7.341885243013688278e-01	0.000000000000000000e+00
-1.571685235903482081e+00	4.073688875545896648e-01	0.000000000000000000e+00
3.463989919373377524e-01	6.840494982305189708e-01	1.297273447732793628e+00
4.644305163254537350e-01	8.880107416456769487e-01	1.453785406156873128e+00
-4.218377687067871307e-01	8.559328337663274500e-01	1.444688193025871925e+00
-7.856858526354775218e-01	5.280904915025903534e-01	1.420842089082625215e+00
6.919167279760647382e-01	6.725087326571220769e-01	1.336226818812169093e+00
-3.045927219130553976e+00	5.345499609159678478e-01	0.000000000000000000e+00
5.677184537406647635e-01	6.598145249340774399e-01	1.313626629637592025e+00
4.941184830242788983e+00	6.575900270668552094e-01	0.000000000000000000e+00
-3.769633267130481080e-01	7.024525973469113449e-01	1.333642508052427011e+00
-6.602117414653502214e-01	2.450910958221760305e-01	1.633204998509599548e+00
1.578104530474403910e+00	6.670749316571125132e-01	0.000000000000000000e+00
2.232641588569321822e+00	2.037921406624067511e-01	0.000000000000000000e+00
-6.714509741760632533e-02	1.158765616371243423e-01	1.751176069072902353e+00
-4.708650496162085641e-01	-4.967204901557442653e-02	2.336336373237535735e+00
-3.271689138259374019e+00	8.826664960452996755e-01	0.000000000000000000e+00
-1.713167565291365602e+00	7.629335715238378945e-01	0.000000000000000000e+00
-2.789700754622201906e+00	2.294467326720881495e-01	0.000000000000000000e+00
1.407797279308920846e+00	1.540195660479406481e-01	0.000000000000000000e+00
2.375918136135570791e+00	2.082376154030724236e-01	0.000000000000000000e+00
6.911020322689656603e-02	6.300627847498283529e-01	1.279715438347695855e+00
-1.348465578642864315e+00	5.630727939196634724e-01	0.000000000000000000e+00
-2.506068421233647481e+00	-1.834138587966288592e-02	0.000000000000000000e+00
3.013868271808647137e+00	2.080957639852121233e-01	0.000000000000000000e+00
-2.516985495019746111e+00	3.104538120775857113e-01	0.000000000000000000e+00
-2.016610295962328880e+00	4.636081677135451828e-01	0.000000000000000000e+00
-5.826322154916327989e-01	1.868117999794250972e-01	1.708797674521181920e+00
5.470668109545786528e-01	4.997243922740046695e-01	1.321621101608515980e+00
1.116872979917616915e-01	7.654333442621339412e-01	1.325687699968864486e+00
-2.382290367286013844e+00	5.213399305037974552e-01	0.000000000000000000e+00
-1.345025338267228587e+00	3.644905427841477752e-01	0.000000000000000000e+00
4.014915880099799494e+00	6.851262137184892520e-01	0.000000000000000000e+00
-4.153537503276917064e+00	4.925001226929589526e-01	0.000000000000000000e+00
1.912771063570689156e+00	1.913544301728544728e-01	0.000000000000000000e+00
-8.160287090537847732e-01	3.300366185605266289e-02	2.186621781695173627e+00
2.407879954897178987e+00	9.645892870854161361e-02	0.000000000000000000e+00
-2.645542413744942145e+00	-1.373596674118201522e-01	0.000000000000000000e+00
-1.953406146202112170e+00	5.261847688060113937e-01	0.000000000000000000e+00
1.938450266262635502e+00	6.467900779650632703e-01	0.000000000000000000e+00
3.918432210960638429e-01	2.143108708267220663e-01	1.565724855178770802e+00
7.818451827309824687e-02	3.451651959867118036e-01	1.394918709423879744e+00
-2.469400913850445356e+00	3.301291601007656507e-01	0.000000000000000000e+00
1.908171971752540941e+00	-2.483535085268544496e-01	0.000000000000000000e+00
-2.412825336971733403e-01	3.415797261638957583e-01	1.422661787690772561e+00
1.941304106642151028e+00	4.637260174827554926e-01	0.000000000000000000e+00
-1.022300256161843057e+00	3.022632076692945979e-01	0.000000000000000000e+00
4.525710326535579142e-01	8.752317825273285834e-01	1.437642378514611075e+00
-2.355798688586820955e+00	5.708290045776314159e-01	0.000000000000000000e+00
4.882156825416377743e-01	7.365378560315628542e-01	1.331132393628953636e+00
-3.789038256904250002e+00	5.336034766170130172e-01	0.000000000000000000e+00
1.473250075157379047e-01	6.207098300712923233e-01	1.278534035702259875e+00
1.751573328168322563e+00	8.837057704193251872e-02	0.000000000000000000e+00
-2.870730798024351493e+00	9.027541302712981386e-01	0.000000000000000000e+00
-3.206389031360128428e-01	6.960583442192482817e-01	1.323228954810719227e+00
-1.115112742859112105e+00	7.309464238885852172e-01	0.000000000000000000e+00
-8.089552617770202625e-01	7.622255377831173018e-01	1.463112199889962994e+00
-2.235928896904431085e+00	-1.601648475910585900e-01	0.000000000000000000e+00
3.457788223549262963e+00	4.775491615092150033e-01	0.000000000000000000e+00
2.387633442534836448e+00	4.811426526429780637e-01	0.000000000000000000e+00
-6.068127896072499361e-01	4.248061865706941331e-01	1.422504338457627027e+00
-2.340320736082894371e+00	1.481654968808704120e-01	0.000000000000000000e+00
5.998022746143685247e-01	1.085337408405755155e-01	1.794279782361962505e+00
1.684290278148202979e+00	8.989094659042813351e-01	0.000000000000000000e+00
1.620321309717598357e-01	7.441782294641984263e-01	1.314112719706921339e+00
-8.876881142179582351e-01	7.741815329004564372e-01	1.497278013247236972e+00
1.096922228558677714e+00	8.560812613874234644e-01	0.000000000000000000e+00
-1.763100935218145093e-01	7.279213949383285254e-01	1.319287410529610183e+00
4.399359942228966425e+00	3.973620058261254084e-01	0.000000000000000000e+00
-1.553642573204969235e+00	4.431465669779816041e-01	0.000000000000000000e+00
-2.666186622382035853e+00	8.244514811420589062e-01	0.000000000000000000e+00
-3.366081344311436796e-01	-4.305223139460390147e-02	2.267962567159229170e+00
-9.662168769898822340e-01	7.154384304533252248e-01	1.492679456937918037e+00
1.985571945257474491e+00	1.110413577055542333e-01	0.000000000000000000e+00
-1.309162567632099705e+00	6.477073089716225418e-01	0.000000000000000000e+00
-2.961974594776575653e+00	2.552345929641168243e-01	0.000000000000000000e+00
-6.340212206910962323e-01	1.977856718536835645e-01	1.704362223206324689e+00
-3.706500418404045760e+00	9.161153940925581551e-01	0.000000000000000000e+00
-1.455011102012373492e+00	6.575437071597896033e-01	0.000000000000000000e+00
5.255176339869933599e+00	8.667642643271846747e-01	0.000000000000000000e+00
-4.394134619077168402e+00	8.087362771189192667e-01	0.000000000000000000e+00
8.702836308963771694e-01	5.989122536214868120e-01	1.362836057927120814e+00
2.877558678116530544e+00	4.729042756764372246e-01	0.000000000000000000e+00
1.423141954330735537e+00	2.786274105505513465e-01	0.000000000000000000e+00
-1.318952343561213603e+00	1.536035096655598009e-01	0.000000000000000000e+00
1.979405880874667512e+00	-8.614919481526472911e-02	0.000000000000000000e+00
-2.138700772874465583e-01	7.611770659210046475e-01	1.340147843606845912e+00
-6.928554947836433886e-01	2.550508012843719641e-01	1.628415754562199114e+00
-7.514082969662323475e-01	8.196043153748956422e-01	1.488807997608397882e+00
-3.725779877079438140e+00	1.101946196881400941e-01	0.000000000000000000e+00
-4.336797602948657016e+00	8.433226481029090227e-01	0.000000000000000000e+00
-1.046016056396292804e-01	6.703400523346589868e-01	1.293828718365769515e+00
1.377108923811264818e+00	6.560764499332311095e-01	0.000000000000000000e+00
1.883337856048417358e-01	1.355669671076588090e-01	1.697999095683823789e+00
-2.454096051517440369e-01	6.282748603913242968e-01	1.299861030831937603e+00
-1.662866113301593174e+00	5.270268926833501233e-01	0.000000000000000000e+00
1.367168984467787674e+00	7.257605900769026341e-01	0.000000000000000000e+00
-2.083102036160196846e+00	2.606704230159395119e-01	0.000000000000000000e+00
-1.535129488569312306e+00	5.867121307734153302e-01	0.000000000000000000e+00
-7.085473404050834922e-01	9.454033875643755302e-02	1.957548897146345501e+00
-3.477218416685084357e+00	8.264133449305247625e-01	0.000000000000000000e+00
-9.690640751846393286e-01	2.111802798850740959e-01	1.811959446590548195e+00
-1.489478735585298974e+00	8.893647818089249757e-01	0.000000000000000000e+00
2.979947842210611597e+00	5.699094077877258080e-01	0.000000000000000000e+00
1.639998590918541277e+00	1.616328456783204803e-01	0.000000000000000000e+00
-3.403452388474661472e-01	2.038956265579279226e-01	1.619671749611913736e+00
7.968023734948482817e-01	6.222351367861069793e-01	1.347536611916751337e+00
2.225202985300039682e+00	8.524988501389597628e-01	0.000000000000000000e+00
2.549250605683849535e+00	8.547585250074141161e-02	0.000000000000000000e+00
2.770745204388149752e+00	2.679430310543493565e-01	0.000000000000000000e+00
1.558949980668540292e-01	2.528850815815650854e-01	1.499574334380968432e+00
1.475144921434580647e+00	-5.279606375568435261e-01	0.000000000000000000e+00
-2.167647995103480163e+00	5.187642620066078569e-01	0.000000000000000000e+00
-1.782289661822170412e+00	2.497585693039566235e-01	0.000000000000000000e+00
3.074817524267114521e+00	5.823285934330242331e-01	0.000000000000000000e+00
-2.346363020741938143e+00	8.718027005999997581e-01	0.000000000000000000e+00
1.720809642408883011e+00	7.191722469427295206e-01	0.000000000000000000e+00
-2.253894009395353226e+00	-9.042177173758203512e-02	0.000000000000000000e+00
6.847251954104288663e-02	3.853110908371246701e-01	1.360732529185318729e+00
-4.455813216277226263e-01	3.689505283931654445e-01	1.430511192930914444e+00
1.343839390115064480e+00	7.763537838584030348e-01	0.000000000000000000e+00
9.870212581414883335e-02	6.739051634430677229e-01	1.286987124359022294e+00
1.335853513757715438e+00	4.726085743323212851e-01	0.000000000000000000e+00
2.028411296525327145e+00	2.627527175189328656e-01	0.000000000000000000e+00
-2.565624300311363903e+00	8.479153086833918218e-01	0.000000000000000000e+00
1.698986271042240759e+00	2.578427399072730219e-01	0.000000000000000000e+00
-1.248238680515102450e+00	1.751103387999345395e-01	0.000000000000000000e+00
3.712957543486468559e+00	7.372662591883428762e-01	0.000000000000000000e+00
-1.572951384960733279e+00	2.789774839467175083e-01	0.000000000000000000e+00
-4.152368467265524998e+00	6.842461693918590049e-01	0.000000000000000000e+00
-3.191563719687625422e+00	3.304606837827855914e-01	0.000000000000000000e+00
2.442948496894182586e+00	2.236525016792254017e-01	0.000000000000000000e+00
1.379950636799603725e+00	5.903607125739939177e-01	0.000000000000000000e+00
1.202328630126836106e+00	7.619438837467416015e-01	0.000000000000000000e+00
1.811220339627103604e+00	4.011423601519813475e-01	0.000000000000000000e+00
9.024782869559240250e-01	8.935745165022576653e-02	1.916432731515708365e+00
1.834339599861515957e+00	7.263600310056741449e-01	0.000000000000000000e+00
-8.996941122833627125e-01	8.918263417236480528e-01	1.617935212795274191e+00
7.991747216773251727e-01	3.229348080418985578e-01	1.487143824160047423e+00
2.749621251131406652e+00	8.088275693120681176e-01	0.000000000000000000e+00
1.859014616449951918e+00	9.144349546917895921e-02	0.000000000000000000e+00
1.776034126289451898e-01	8.830420586008498329e-01	1.427415069316328333e+00
-1.679226753703258357e+00	4.176490629311326308e-01	0.000000000000000000e+00
-2.406032230052866261e+00	-1.644595978380677948e-02	0.000000000000000000e+00
4.478588996336294592e-01	8.325147494540434678e-01	1.393844623283283735e+00
3.740887469617052652e+00	5.683087432955246099e-01	0.000000000000000000e+00
2.164221263510669679e+00	3.804453859987715902e-01	0.000000000000000000e+00
1.013684051081975790e+00	3.740553466807936545e-01	0.000000000000000000e+00
2.260254943952161311e-01	3.825133298086052513e-01	1.362969578458391284e+00
1.916932529008476660e+00	3.552165402436355257e-01	0.000000000000000000e+00
7.732478819659496239e-01	3.178152003997977149e-01	1.486925359122247103e+00
3.381491619406191695e-01	1.930365871663673183e-01	1.596350187555694022e+00
-4.255801854664897022e+00	6.728719865270612610e-01	0.000000000000000000e+00
-1.987211368376394338e+00	5.996904908515550137e-01	0.000000000000000000e+00
-4.040812102011794860e-01	5.414724060199560540e-02	1.965462895612856586e+00
4.951456892929640974e-01	6.860546870123365171e-01	1.311447566112135643e+00
-2.808662060351492684e+00	1.945602874931078030e-01	0.000000000000000000e+00
7.316369242187192867e-01	7.665297323006581287e-03	2.098359731144903151e+00
-1.686844994820051014e+00	6.384153031220237695e-01	0.000000000000000000e+00
-6.977194065232076303e-01	7.700458308065271096e-01	1.435363831957028768e+00
-9.376759311990546797e-01	2.548555186096761460e-01	1.721760007075409327e+00
-5.947004161054270099e-01	2.553829577164482001e-01	1.598316372427733167e+00
1.107564504483674606e-01	7.351567444969777654e-01	1.309316969035818623e+00
-2.459153247684302102e+00	6.448160052972374823e-01	0.000000000000000000e+00
1.698162367966444375e+00	-5.013037414216156007e-01	0.000000000000000000e+00
2.218717106370325265e+00	9.142484864920985554e-02	0.000000000000000000e+00
-6.508431185774863348e-01	1.082691303100899172e-01	1.900585368705055123e+00
1.646146207265618999e+00	1.706391035708533233e-01	0.000000000000000000e+00
1.068455271501196568e+00	2.991959912722896853e-02	0.000000000000000000e+00
-1.314958818421159581e+00	7.161212136781984761e-01	0.000000000000000000e+00
1.635520585325592080e+00	-5.978378161299741089e-01	0.000000000000000000e+00
2.256102190275483643e+00	2.315234951250487727e-01	0.000000000000000000e+00
-1.136577896714393798e+00	5.653814100741701987e-01	0.000000000000000000e+00
-2.126211391925548533e+00	5.458049088371492719e-01	0.000000000000000000e+00
-8.323985314554319670e-01	7.356119864975714240e-01	1.455393452233040064e+00
-9.172264161185488263e-01	5.904227574634811626e-01	1.452372192568870179e+00
-5.296201154083277629e+00	7.279289560210824295e-01	0.000000000000000000e+00
-1.720401153715888087e+00	7.092746665822369234e-01	0.000000000000000000e+00
-4.961345395008624592e+00	7.117719455429323272e-01	0.000000000000000000e+00
2.161487216968010827e+00	2.461105713704337949e-01	0.000000000000000000e+00
-1.137778410390654971e+00	1.446844830258929293e-01	0.000000000000000000e+00
-2.046630133231893023e+00	-1.726309558660524546e-01	0.000000000000000000e+00
1.910523572268276737e+00	1.628522785351558255e-01	0.000000000000000000e+00
-3.207368503531371484e+00	8.259684206076587376e-01	0.000000000000000000e+00
-9.692870641984421276e-01	7.377703405752249477e-01	1.504766738673461113e+00
4.917356212571524776e-01	4.336005411053619474e-01	1.346009758042755022e+00
7.764526591940176248e-01	3.930754134294148217e-02	2.013771845129911586e+00
1.419877224227261259e+00	6.243190648097947104e-01	0.000000000000000000e+00
3.520085213772539134e+00	6.448005684787443403e-01	0.000000000000000000e+00
-1.112605217392959034e-02	7.301965290483332094e-01	1.309542375399571856e+00
1.526343127498047680e+00	7.939175664279014555e-01	0.000000000000000000e+00
1.319327627101489320e+00	6.719672149092208446e-01	0.000000000000000000e+00
-4.275096706962202564e-01	2.114294341325980708e-01	1.625024901669723354e+00
1.546988158759069698e+00	-4.102733126288992116e-01	0.000000000000000000e+00
-2.860902891586989405e+00	5.274941343310539654e-01	0.000000000000000000e+00
4.050473529766472680e+00	8.109804846597954420e-01	0.000000000000000000e+00
-9.379177166081303918e-04	1.215863825917813390e-01	1.733178331740520717e+00
-1.368763934473972821e+00	3.230473121446909013e-01	0.000000000000000000e+00
1.717987487097046628e+00	4.985470399714060363e-01	0.000000000000000000e+00
-1.729685736028242271e+00	5.794796423155150755e-01	0.000000000000000000e+00
4.994323809680017989e-01	8.097687088090804730e-01	1.380335214720063597e+00
-1.200530404094191650e-01	7.945966213818866919e-02	1.843015240723249848e+00
-1.786949616406728669e+00	7.114410506002873946e-01	0.000000000000000000e+00
-1.506479665244703670e+00	1.940623551802302948e-01	0.000000000000000000e+00
-7.301126874481334017e-01	4.707487062061810335e-01	1.427970316361896419e+00
3.163284774258192100e-01	4.680002075210859536e-01	1.313591843842783602e+00
9.939662826320209144e-01	4.339605492409281395e-01	1.444230752835655052e+00
3.914412941171153681e-01	7.384546725102104636e-01	1.322431610132079216e+00
2.137242489656283606e+00	3.728431812936706669e-01	0.000000000000000000e+00
-1.451344359352729319e+00	4.028228651254702752e-01	0.000000000000000000e+00
7.413777168364275028e-01	6.642906016390409674e-01	1.343317251764170273e+00
-2.285105641337739080e-01	-8.155324829777185758e-02	2.396791617953933695e+00
-2.646731054676451089e-01	4.011324742309211877e-01	1.374654986179900007e+00
-1.363467641378500517e+00	2.049954806603633828e-01	0.000000000000000000e+00
-2.106276103134375965e+00	8.190610649030176660e-01	0.000000000000000000e+00
4.097299595581668230e-01	8.593472781118299819e-01	1.415931395650423363e+00
-5.278544632995595398e-01	5.984396366036164316e-01	1.343816412278112660e+00
-1.889073597378105207e+00	8.514397551266904562e-01	0.000000000000000000e+00
9.889571308465586186e-02	8.579445377893706315e-01	1.399701596983464302e+00
1.737065643897313993e+00	5.638523429675027510e-01	0.000000000000000000e+00
-1.043181874915237728e+00	4.717764498541301421e-01	0.000000000000000000e+00
1.360421685271723691e+00	6.226114257694932430e-01	0.000000000000000000e+00
-2.077212464024130067e+00	1.485740965077567699e-01	0.000000000000000000e+00
-1.826600241612128750e+00	1.244892928160420409e-01	0.000000000000000000e+00
3.823476254186792378e+00	5.299803889162351123e-01	0.000000000000000000e+00
1.299477333143920665e+00	2.311599505401365495e-01	0.000000000000000000e+00
-2.634709338135947654e+00	9.286616297829819455e-02	0.000000000000000000e+00
-4.557944982264030553e-01	1.198467384792898383e-01	1.811940990088265924e+00
6.643174807032556917e-01	6.580518081671488106e-01	1.327936682670824542e+00
1.317203581623379360e+00	6.546152556826598801e-01	0.000000000000000000e+00
1.407054195928089779e+00	2.598851216360811844e-01	0.000000000000000000e+00
1.655763626261094856e+00	5.444617742136510508e-01	0.000000000000000000e+00
2.796492414297604423e+00	7.187346025842359376e-01	0.000000000000000000e+00
1.962047913461259840e+00	2.932343746465695400e-01	0.000000000000000000e+00
-2.428022431849341967e+00	5.321824547127459448e-01	0.000000000000000000e+00
1.222629537064015559e-02	6.743244270173914812e-01	1.288843058734670199e+00
1.608499249613432269e+00	5.983465072013973707e-01	0.000000000000000000e+00
-1.201045966121072478e-01	-1.332268608576483715e-01	2.614815176467707669e+00
-1.329303018022152116e+00	4.922339915614243333e-01	0.000000000000000000e+00
5.780084326916733461e-01	3.648263369758804608e-01	1.406558873565206369e+00
-7.752512726810155685e-01	8.067892174765678437e-01	1.485057002217986089e+00
