-5.955306083300831999e-03 1.000005183964856492e+00 2.437694032668597755e-05
1.232540765233287004e-02 1.001348643380418402e+00 3.206523799623112674e-05
-8.015391184620806672e-03 9.996780537912640652e-01 2.423476854913987201e-05
1.119672994831275373e-02 1.002197718701167028e+00 3.732137237378086895e-05
-2.661893809169931652e-02 9.998095732231643273e-01 2.289780973283942543e-05
7.351587999784376520e-03 1.001683579648273037e+00 3.211805966022830905e-05
-7.994846418385343628e-03 1.000288514794938077e+00 2.417201647590411166e-05
1.458993553611690787e-02 1.002773371092166466e+00 4.517997773962656899e-05
1.195675467804103304e-02 1.002293843346191649e+00 3.852064369308469155e-05
2.005713741711448103e-02 1.002399071573534473e+00 4.350767433758748740e-05
1.545875293506294990e-02 1.002475968303206511e+00 4.194686114176853777e-05
1.080507396510341916e-02 1.001021162097716521e+00 3.020865013607739561e-05
-2.172001667153473231e-02 1.000155893218726000e+00 2.292588552337748305e-05
-6.666734416891413606e-02 1.001434194777978126e+00 3.408605707021853786e-05
3.881960367944914392e-05 9.994545663699602178e-01 2.617583971394503437e-05
1.974305306364170995e-02 1.002282767638477345e+00 4.212237351746243727e-05
-4.835660740585390194e-02 1.000263207879616756e+00 2.524146090923649503e-05
2.621844043601488650e-03 1.000467329848296005e+00 2.646038871950641327e-05
-1.020273949016045970e-02 9.986755285461114129e-01 2.675925713446666211e-05
-2.201146188852622781e-02 9.992202685554498753e-01 2.379924102089013937e-05
-9.612060441812793343e-03 9.989218440256137921e-01 2.579159078770003910e-05
-5.733177108251701765e-03 9.999548503500070851e-01 2.442179724775539454e-05
-4.106712127312254351e-02 9.999208007389105424e-01 2.393884468269481892e-05
-6.611786411977384204e-02 9.998319509110116243e-01 3.131407794795298862e-05
1.675204937711262734e-02 1.001780279744816982e+00 3.640976869561764667e-05
6.180865188194988036e-03 1.000965667214759103e+00 2.851804299955172103e-05
1.142893335060839871e-02 1.002198466455824111e+00 3.741832932544842863e-05
1.265720722408065352e-02 1.000606862040927636e+00 2.988604362682833416e-05
-9.766759899529825484e-03 1.000140389156685794e+00 2.383667176523914530e-05
1.756678321458341255e-02 1.002753561410296701e+00 4.641906362313664996e-05
-4.545641002936883640e-02 1.000673112140560095e+00 2.523815439472578567e-05
1.734696369630292154e-02 1.001647018687676693e+00 3.583292594592323965e-05
1.678593313743818871e-02 1.002308876582715058e+00 4.082887350502553003e-05
-2.770164733829147408e-02 1.000122298359970685e+00 2.289448229834270348e-05
9.346473602111826651e-03 1.001952514434309771e+00 3.461261154767562490e-05
-4.389446677204685010e-02 1.000506052843858296e+00 2.468580269093976977e-05
6.221710630968598638e-03 1.000916121690144545e+00 2.838322932718442848e-05
1.955929412069196821e-02 1.002240909299056515e+00 4.160945824837185980e-05
1.072226404264388540e-02 1.002281616505982242e+00 3.791915829196472801e-05
2.160703335039206377e-03 9.990741633411771572e-01 2.782409899314860534e-05
-6.842175759698351789e-02 1.002633803098750276e+00 4.516064354653307454e-05
1.830806029032451890e-02 1.001714076803286169e+00 3.672852321761169056e-05
-6.884421710323850030e-03 1.000157381051389072e+00 2.425457563994706762e-05
-1.333227219577819145e-02 9.997630561710848518e-01 2.348963445141725361e-05
-4.677234863002623089e-02 9.997313763274889853e-01 2.505208138935304795e-05
2.325755481311019696e-02 1.002964659511331291e+00 5.303336513649789280e-05
3.387346401101873350e-04 1.000818235515165133e+00 2.658962929498742960e-05
9.138869312653043198e-03 1.000209433943120896e+00 2.819606908769972577e-05
9.119662278208489833e-03 1.001543832924918886e+00 3.188835268541857966e-05
2.241059023297116773e-02 1.002755174157400786e+00 4.933072784959907663e-05
1.905326287806495544e-02 1.002858213987490865e+00 4.871660816984289507e-05
7.932325711593650810e-03 1.001506050717493990e+00 3.129258183440063049e-05
-4.718438236942489039e-02 1.000382261214786128e+00 2.510561366009944826e-05
-3.195703185030526750e-02 9.999953729960934234e-01 2.303641997887666178e-05
1.462112368227182387e-02 1.002432268358191436e+00 4.107814519389675010e-05
-4.297241390737378819e-02 1.000276832258754300e+00 2.428591193725227379e-05
-6.078230794846287144e-02 1.001305016339744558e+00 3.113943675329615510e-05
1.532369673503777147e-02 1.001323375815590833e+00 3.318359432266405749e-05
2.303399611288811655e-02 1.003214811507567195e+00 5.720977142768632502e-05
-2.618434888549826117e-02 9.982550606525085746e-01 2.807196105089148255e-05
-6.924338489282770570e-02 1.002336558101884822e+00 4.213127123790457346e-05
-5.770485261463256105e-02 1.000670002107028056e+00 2.815288569327629954e-05
1.180523365092128740e-02 1.001328673968708394e+00 3.177475712097160073e-05
1.913097613377894024e-02 1.002930706281662143e+00 4.984216008928177126e-05
2.682271772920734321e-02 1.004216463601736775e+00 8.722700272277459862e-05
1.773894678987744319e-02 1.001577926221050463e+00 3.561139611451590508e-05
-2.917271996611556228e-03 1.000716735281708125e+00 2.567167118199795194e-05
-3.791050465513184919e-02 9.977861720226923747e-01 3.322667078868059287e-05
1.629274863016777486e-02 1.002542587930101758e+00 4.311123468801513679e-05
1.338778055672895130e-02 1.000444550588021286e+00 2.995757061641576637e-05
4.939714559322247803e-03 9.992178459867079310e-01 2.819164066774363715e-05
1.190172565336470797e-02 1.001539746586333379e+00 3.286892458227452264e-05
-1.256245503055661988e-02 1.000026855092650102e+00 2.348243681723227410e-05
1.464758787278613514e-02 1.001236813518865176e+00 3.251492935215983166e-05
1.111732597165614872e-02 9.998871713473018730e-01 2.901821462537707393e-05
1.892263246032502635e-02 1.003200256184831662e+00 5.420357535647646758e-05
1.527804991790792863e-02 1.001060497907086067e+00 3.211723502059347208e-05
-1.138660845073018180e-03 1.001152109198346629e+00 2.732013211344739548e-05
2.015022187399564610e-03 9.992885660100930822e-01 2.709662166237763176e-05
1.290202933461070609e-02 1.001803982059014553e+00 3.488549871699023316e-05
2.293503434567453758e-02 1.003025338398944921e+00 5.379548577455741591e-05
-3.948153136436265143e-02 1.000065818218348168e+00 2.371421387373051396e-05
1.119858924073499455e-02 1.000427161535517806e+00 2.908361916563070545e-05
-5.035565916104670775e-02 1.001061575062252018e+00 2.724932134678120861e-05
-2.111850453787451204e-02 9.998166792725978747e-01 2.294440237626339105e-05
1.757477369871929263e-02 1.001503539605095972e+00 3.511510229287852534e-05
-6.494851244399200974e-02 1.001572393778867864e+00 3.408460690342799294e-05
2.560125056317832937e-02 1.003667642336780741e+00 6.919828635335477580e-05
2.421093900422666839e-02 1.003613882000595092e+00 6.667151274703748205e-05
1.528181848847139611e-02 1.001607919672016678e+00 3.464617167426298759e-05
1.434032628739129178e-02 1.002558460659569217e+00 4.236470970803455846e-05
-4.051199508365056767e-02 9.998614273145481901e-01 2.388933089667629860e-05
-2.889185074581059054e-02 1.000055233535094734e+00 2.290595922846692909e-05
-1.615437763016872724e-02 9.986583509117157309e-01 2.612416862956839397e-05
-1.872659272088160465e-02 9.986435509837736646e-01 2.600392105925051467e-05
-2.214396673765323120e-02 1.000334898001395967e+00 2.305636100046743852e-05
-2.917111403775841938e-02 9.980615242505425089e-01 2.961786445471333200e-05
-2.246709192753686135e-02 1.000358152256932254e+00 2.307478382187191644e-05
-2.428265290985919672e-02 1.000166323459262152e+00 2.288921533154608212e-05
2.653916941251548145e-03 9.998315197683473876e-01 2.630852056057479891e-05
-4.583818478309679284e-02 9.991505047643398640e-01 2.611155115452976877e-05
6.087047388687101546e-03 1.001050778787432094e+00 2.876438322732555931e-05
2.570308347810214625e-02 1.003630191566384111e+00 6.834544079344408716e-05
-1.174221075628368791e-02 1.000160371314588126e+00 2.360864998405691855e-05
2.444863502384747589e-02 1.003107322920280486e+00 5.630279290170649522e-05
1.061283582789711993e-02 1.001796137413984544e+00 3.395118016847077365e-05
2.170927021872477367e-03 9.989570307785903269e-01 2.828329695002490283e-05
-1.626972405879336531e-02 9.988494362543969274e-01 2.528500955438696773e-05
-6.644624068923209170e-03 9.988475302902942721e-01 2.659520358316520350e-05
2.325433238151603313e-02 1.003020620601345003e+00 5.394253418314681942e-05
-4.531488639196682572e-02 9.994092501777001036e-01 2.529864350853455591e-05
-1.943191319603779221e-02 1.000261099542074872e+00 2.307924719506393514e-05
1.763911536514189971e-02 1.002816691499829105e+00 4.732750030034556092e-05
1.641952710941529947e-06 1.000591315771922618e+00 2.602612469235419438e-05
1.064271496320662140e-02 1.001266777252953322e+00 3.107360529221994336e-05
7.819786289868367601e-03 9.998937919166280830e-01 2.781792765069164244e-05
-1.305303257001056566e-02 9.986993461306674646e-01 2.625516036065779561e-05
3.425222516968756334e-03 9.997122269841473008e-01 2.664457093174229683e-05
-2.219568477274232177e-02 9.994080934046400966e-01 2.339119456958194961e-05
-3.859118574317209338e-02 9.985556422741133087e-01 2.734866723634687242e-05
-3.554116164068740757e-02 9.987019104837234762e-01 2.618445658794559872e-05
1.186676932192873291e-02 1.000774433128414298e+00 2.991433218695149128e-05
2.016985772502336016e-02 1.003073378361037493e+00 5.276042620446077863e-05
1.335311854214712469e-02 1.000209513482448687e+00 2.979685380338310404e-05
-3.471269824838740803e-02 9.984066045358551689e-01 2.768847814203693976e-05
8.360999235637881638e-03 1.000834823899115156e+00 2.882766160947728031e-05
-1.097590261536962597e-02 1.000486576882145817e+00 2.401855439566462583e-05
-1.897120755920304186e-02 9.996959360198293121e-01 2.311950942040596105e-05
-5.343436330391602984e-02 9.986948633415899668e-01 3.028591621940674911e-05
7.623502045272666575e-03 1.001021299148791455e+00 2.913442057825462573e-05
1.865980285915248837e-02 1.002933331167753961e+00 4.960737999293339458e-05
-4.696061263722960122e-02 1.000299000853583031e+00 2.498768377449440579e-05
5.994823279084252055e-03 1.000383477979277069e+00 2.729592323107325473e-05
-3.559795182302982752e-03 9.990711304442728702e-01 2.637814685009495433e-05
-6.888495561974586345e-02 1.002748442866785439e+00 4.693073500763313247e-05
1.597461463728419920e-03 1.001151733845921266e+00 2.793063474962586887e-05
1.394145792586645033e-03 1.000539044634840780e+00 2.626083575340398536e-05
-1.109740142739296109e-02 9.996338385574945473e-01 2.386164395835231738e-05
2.280081374526064103e-02 1.002885429839808662e+00 5.148305952740858449e-05
1.634802723492144449e-02 1.000893933269974667e+00 3.207983097475825099e-05
-2.350884291391480002e-02 9.993644662640358556e-01 2.345107316632222668e-05
-4.076856580311351980e-02 1.000451057318630044e+00 2.415830780998546551e-05
-4.178256431369238577e-02 1.000420595592840467e+00 2.425537824713941767e-05
-5.037467636288458367e-02 9.998411773869138042e-01 2.574257180114604914e-05
-5.690745536634827378e-03 1.000572599434697008e+00 2.489510823810086671e-05
2.683203430606214204e-02 1.004111602331517306e+00 8.352288930495696312e-05
-2.472266551362437698e-02 9.995812476790004730e-01 2.309265626342843207e-05
-7.782467821587472911e-02 1.003199963256684368e+00 6.021833520549214609e-05
5.010707779510339618e-03 1.001733533205600546e+00 3.172551324513263798e-05
-6.761973677380000297e-03 9.989899458281514821e-01 2.601933399291198737e-05
9.241155812519056406e-03 1.000396731387326099e+00 2.835111806759929012e-05
-6.524672786898602639e-02 1.001800910788673171e+00 3.564993998293726843e-05
-1.937681154671574285e-02 1.000114284181908175e+00 2.299244241629810477e-05
1.370270771035101559e-02 1.000288193574145224e+00 2.996832576742130386e-05
-1.302982214331083882e-02 9.998291870198099396e-01 2.347843289336862721e-05
3.887125395267117603e-03 1.001010667087382178e+00 2.801530308686492023e-05
1.569326622137351065e-02 1.000826132477746100e+00 3.160876098280309120e-05
-4.630317168009705220e-03 1.000881629568484810e+00 2.577152552834079602e-05
-6.159119950988428682e-02 1.001013376797869725e+00 3.032566029207856695e-05
-3.557866730840738428e-03 1.000667158962514014e+00 2.544594708964331793e-05
1.000049066338144430e-02 1.000060603680351434e+00 2.849740021518076417e-05
-1.843566309900147859e-02 9.989190249688951750e-01 2.486600672413023371e-05
-3.070083735323574092e-02 9.988732535178712624e-01 2.502883606710455059e-05
2.442843161843963329e-02 1.003538454203140917e+00 6.505475274658110909e-05
-6.756052244549966279e-02 1.002554052569070597e+00 4.373536316128718253e-05
6.025333878588435416e-03 1.000594826565214701e+00 2.758989489797173856e-05
2.035527684459537828e-02 1.002798585828085898e+00 4.863662233495546697e-05
-3.432147194861431827e-02 9.999280177512979151e-01 2.320495057941596279e-05
2.311567329306915553e-03 1.001230289309397836e+00 2.841256464044119928e-05
7.184823693607076192e-03 1.001024425244587457e+00 2.900776078730618512e-05
1.650657552556221083e-02 1.001980677179526769e+00 3.776559314938939563e-05
1.604095043655658429e-02 1.002734247459205807e+00 4.536731322824604217e-05
-2.634898325121499962e-02 9.990304391640939530e-01 2.431300775860209597e-05
1.921716821194629013e-02 1.001926332003340470e+00 3.870080876130445373e-05
1.711085062141636665e-02 1.002189037342866573e+00 3.983970232535107036e-05
3.260107280232672072e-03 9.994587317242583646e-01 2.703132236255920891e-05
1.527622097242181502e-02 1.002506780382669715e+00 4.220604993753228123e-05
2.178529549338171015e-02 1.002425469808146730e+00 4.482268594829405485e-05
-5.484668383549508308e-02 1.001238513185810808e+00 2.901649791915724796e-05
-2.001099438958679755e-02 9.988923493081669491e-01 2.488013279929121257e-05
-6.828932780918100381e-03 1.000626822335480837e+00 2.481448223777448289e-05
1.321404343087369954e-02 1.001789358243791561e+00 3.491303756426179631e-05
3.410780082217373943e-04 1.000028976683668303e+00 2.563718063169219245e-05
1.788129896918011497e-05 1.001039081749574011e+00 2.716693778412838112e-05
-9.467430508677231182e-04 1.000757044851827482e+00 2.615964198047007749e-05
1.007608315094003434e-02 9.998927081410695639e-01 2.861760175931655437e-05
-5.874071010678567212e-03 9.990556254192980434e-01 2.595718754942522144e-05
1.095989918948375892e-02 1.002346020028548557e+00 3.864022252836855101e-05
1.844956493251903237e-02 1.002108841166630349e+00 3.979892427126745984e-05
1.473066529958576808e-02 1.001355598108898182e+00 3.307597778156390409e-05
-2.827309634135237101e-02 9.976320486954348699e-01 3.364490570528569764e-05
-1.184344114013339763e-02 9.998378278337385350e-01 2.360165502985490097e-05
-3.598381090311304070e-02 9.977548947425265435e-01 3.320344727551005284e-05
-5.902370186820643516e-02 1.000137464631586148e+00 2.811994825800254559e-05
-3.801690668728592570e-02 9.996228700135112444e-01 2.379178946892209628e-05
1.166362005607618664e-02 1.001550747207336611e+00 3.283903725928350353e-05
-1.126604480947238085e-02 1.000516689017065586e+00 2.403204101997810397e-05
-1.077832925874907394e-02 1.000060300062416641e+00 2.368744841886385129e-05
-1.106791250439817867e-02 9.998743728013241849e-01 2.367505277849980464e-05
-3.145351619931123499e-02 9.993901372706345265e-01 2.358919596582583584e-05
-4.603029460555940755e-02 9.995322538028651449e-01 2.519389958286315099e-05
-1.521062596810757173e-03 1.000405854264837080e+00 2.542668470916705048e-05
1.412005229207512723e-02 1.000338181899413259e+00 3.017191107522563132e-05
1.691544995383669620e-02 1.002725995747365761e+00 4.570621943992324250e-05
1.536520747058265322e-02 1.001816500252871611e+00 3.602017918635791460e-05
-7.083660486909164333e-03 1.000866102648305000e+00 2.533352335290075326e-05
-4.241096529087190481e-02 9.993395853195823353e-01 2.492716894863833375e-05
5.760745166067783932e-03 1.000560578427824865e+00 2.745518622671820342e-05
2.072899560014618628e-02 1.002039767444014018e+00 4.044347560702573973e-05
6.085316708594955618e-03 1.001540096115698830e+00 3.090357676556119949e-05
1.717044874744795904e-02 1.002322143762133466e+00 4.115402132599321679e-05
2.403846517560241300e-02 1.003087244024966296e+00 5.564330059584539080e-05
1.500840700697972027e-02 1.002493723865611752e+00 4.193261247012751609e-05
1.423727758080770012e-02 1.001898282169854548e+00 3.611074583395484271e-05
-1.317786328580181771e-02 9.982655170116956356e-01 2.870966684850982128e-05
-5.163619279951915664e-02 1.000854359816065964e+00 2.691368812296051019e-05
-2.196600913308797975e-02 9.995396617615210921e-01 2.318480804879284899e-05
2.932950735898323322e-03 9.998532624318352546e-01 2.636666344141342763e-05
1.212744371080991430e-02 1.002399886120738604e+00 3.965522453349649024e-05
-1.088131114028236673e-02 1.000262154312174578e+00 2.377231608760371832e-05
1.099057623106254600e-02 1.000799438846620371e+00 2.964745438976446157e-05
6.288261737287737657e-03 1.000574787274265187e+00 2.763460148079985570e-05
-1.007319086761922222e-02 9.983128997430863460e-01 2.885736740459464420e-05
-1.578197483077012353e-03 1.000685952604475570e+00 2.587058508263306649e-05
-7.929091909623313394e-03 1.000850895305956278e+00 2.516931589455697837e-05
-2.187849100111783837e-02 9.993061079040818084e-01 2.360316620510532657e-05
-2.827901738637134815e-02 9.996110542313946246e-01 2.310510507608747930e-05
1.917629823647570841e-03 9.988667899993578514e-01 2.859924847088875650e-05
1.393059048807365752e-02 1.002268519604565755e+00 3.910507666950663937e-05
-1.959807384051524132e-02 9.984209775601213810e-01 2.713717423344540804e-05
-4.017670750893232584e-02 9.994393017436480342e-01 2.436553355689900189e-05
1.370047895963273817e-02 1.001462617746713635e+00 3.317116934359761436e-05
-2.611352852160526983e-02 9.985950449161393738e-01 2.607942750554919568e-05
1.422962066811402602e-02 1.002540973379270950e+00 4.211106390236343263e-05
1.101274985356556942e-02 1.002381165355378467e+00 3.901640631084089610e-05
-2.796349323975826778e-02 9.997561215679315882e-01 2.295820858393967395e-05
-3.093123819371686525e-02 9.992155005340821461e-01 2.395086773490687047e-05
-2.699611754118867724e-02 1.000128226590852210e+00 2.288376305609934595e-05
2.564201147644254788e-03 1.001343627813459092e+00 2.896384214223597848e-05
2.732064798467435593e-03 9.989261850054970138e-01 2.858511838182723079e-05
-3.736016120356959458e-02 9.980383345256139682e-01 3.074528462125628953e-05
-4.576537023900311557e-02 9.981543992352311934e-01 3.166708454988539695e-05
2.885466553324285421e-03 1.000155194255250235e+00 2.628126277932295082e-05
2.428076851232267852e-02 1.003653876906881903e+00 6.771659669947783307e-05
1.978175994577459698e-02 1.002750214863514344e+00 4.762235733697623786e-05
-3.835837196290025480e-02 9.997464155444225620e-01 2.369882175475818251e-05
-4.429927844701193884e-02 9.996827053605785718e-01 2.463825691126459122e-05
-7.068177141779276307e-02 1.001682388351443631e+00 3.744358927417166811e-05
5.445335821979948449e-03 1.001042660362917891e+00 2.855084507099192947e-05
-6.894677171816404604e-02 1.000480817705610814e+00 3.242185876143599261e-05
1.131660359854778919e-02 1.002340382841699240e+00 3.872320777879477497e-05
2.594537163106617680e-03 1.000531827291085474e+00 2.654552008631691951e-05
1.705554118854612708e-02 1.002081422254451182e+00 3.885819807078249249e-05
-1.438693676059138102e-02 1.000288538966121799e+00 2.343595952437322715e-05
1.004629513737752278e-02 1.000511468567855333e+00 2.876595641756289759e-05
1.089268046009627192e-02 1.000826234036624962e+00 2.967776521422656869e-05
-9.010164225254524428e-03 9.988975388183272131e-01 2.597921412566401762e-05
-3.415907727041542219e-02 9.998169808836089301e-01 2.323821905657982138e-05
-1.845598330200261955e-02 9.995112986675219746e-01 2.336883949201125314e-05
2.284013873376197767e-02 1.002776696220400554e+00 4.991820580756947174e-05
1.594388295479376438e-02 1.002557028178656218e+00 4.310816735338755790e-05
-6.592379483932660211e-02 1.001660226447175672e+00 3.502163415628752963e-05
2.317448993406913058e-02 1.002791425222602451e+00 5.035424607446032074e-05
2.180636334998473091e-02 1.002333673553806870e+00 4.384546233791767022e-05
-4.299983159464820098e-03 1.000602476065403312e+00 2.518609974156541561e-05
9.212047797137417823e-03 1.001786545794286720e+00 3.338908755651000401e-05
1.342912614718454883e-03 1.001062715823393789e+00 2.754985966936406618e-05
2.520972342865677313e-02 1.004115249352759198e+00 8.202631967227967202e-05
9.762286629830007820e-03 1.002121849824651800e+00 3.611946259800387983e-05
-8.250197283444123120e-04 9.999728012916866415e-01 2.538023743383797928e-05
1.451909041162801478e-02 1.002007495149924932e+00 3.707162616086972086e-05
1.001427464728688738e-02 1.001034468397412835e+00 2.997148771889578204e-05
-7.481369401388798801e-03 9.996563415379435824e-01 2.434188984147063578e-05
-4.652716927150869763e-02 9.993273922885529403e-01 2.574565183157334148e-05
1.815161653517015361e-02 1.001822113913738432e+00 3.738248114507412265e-05
-9.936252972497294084e-03 1.000210775117610584e+00 2.385138908689425042e-05
-1.779896975148169413e-02 9.994030204995120181e-01 2.358999066310588758e-05
-7.959180136727290675e-03 9.998271706416852478e-01 2.411796008057096223e-05
-4.131123232011506968e-02 1.000271486037213942e+00 2.404201297787692253e-05
-3.017128692445424087e-02 1.000179787748537663e+00 2.300019864819376027e-05
-5.986674984380961628e-02 1.000899447532767050e+00 2.938381289274199362e-05
-1.609542700151276803e-02 9.990112029564601759e-01 2.471626360828582292e-05
-7.681322768512424681e-02 1.003687777656401270e+00 7.059228594129764883e-05
-3.701670420937023392e-02 9.989396562118387779e-01 2.535657257018737116e-05
-9.802000446443758647e-03 1.000152651391145397e+00 2.383735643364063778e-05
2.591183326852153357e-02 1.004260782106587424e+00 8.791555689953884116e-05
1.398627863288941925e-02 1.000582004675208747e+00 3.038407726499424037e-05
1.874338723411906119e-02 1.001944476795025407e+00 3.859299194613035060e-05
-5.954377912312980303e-02 1.001432529680750250e+00 3.131536970491245720e-05
9.719717607328360459e-03 1.001381032103944024e+00 3.126264867021144405e-05
-6.177379068984259480e-02 1.001536682397243805e+00 3.264114975665535404e-05
1.808839320109040943e-02 1.001768894199035032e+00 3.698230254847473687e-05
-1.441916003261293350e-02 9.978956488680510439e-01 3.149051710796393005e-05
1.034217084471776918e-02 1.002178265184448414e+00 3.682306293740823133e-05
-1.665628681181627324e-04 9.994356801848329752e-01 2.616466156182308328e-05
2.017593682968851429e-02 1.002018510894123526e+00 3.995577050656543081e-05
2.103755331499218215e-02 1.003047003148114680e+00 5.287414257057791793e-05
-2.477016696754828773e-02 9.994267545380234319e-01 2.332667859459567323e-05
3.617883575658836261e-03 1.001651920819093489e+00 3.084275022863443191e-05
-7.164822324600793324e-02 1.001468293215697969e+00 3.672383482633739327e-05
1.347954033348863941e-02 1.002220314673536006e+00 3.845588537437595665e-05
-6.102773658508335586e-02 1.001759325609818285e+00 3.371922046704564792e-05
-4.738679934428217944e-02 9.995316008912152883e-01 2.547915695200466085e-05
1.624068149334129130e-02 1.001448934698408788e+00 3.420102691088064873e-05
-1.418362697027644379e-02 9.988842488456727287e-01 2.534643927213511982e-05
2.247220705451283621e-03 9.990456585957624425e-01 2.795519693382172044e-05
-2.498884624568831203e-02 9.976144785233682644e-01 3.371659170827568638e-05
-7.864233211252832922e-03 1.000291119485973157e+00 2.419316575270929792e-05
-3.388173489179062414e-02 9.982674415467879259e-01 2.849994724433775305e-05
3.512137495979320359e-03 1.000872580033973058e+00 2.750536929444903663e-05
1.012831076077274836e-02 1.001448698497610756e+00 3.173716311186749610e-05
2.922410318457583159e-02 1.004704208804424903e+00 1.114286334983093975e-04
1.915976662004935036e-02 1.002674883501031289e+00 4.626214698300419652e-05
-2.383196201690022942e-03 1.001158572829132121e+00 2.709322562420055607e-05
2.624039180707603280e-03 1.001536330686376708e+00 2.993300907637626036e-05
1.225414064973552944e-02 9.999337641975760693e-01 2.942973250650995578e-05
7.633016837499118079e-04 9.997143060172415385e-01 2.593704593955772959e-05
9.588747660257346955e-03 1.002212453309178297e+00 3.685423504409200804e-05
2.036671951375175829e-02 1.002023338346373471e+00 4.010192024478276843e-05
-6.288441264118665996e-02 1.001480590802563020e+00 3.275652267995356800e-05
-4.743613086208647162e-02 9.982272435620825890e-01 3.155862770755550151e-05
2.406817810221572457e-03 9.988487235714543777e-01 2.883207799655840463e-05
1.902575954011687456e-02 1.002301673813063232e+00 4.191728423634283503e-05
-4.545134319200767187e-02 1.000360236347270115e+00 2.476439692664619602e-05
1.617203639752863922e-02 1.001452041335516130e+00 3.418573919990472936e-05
-5.014961456895616898e-02 9.993855607121324702e-01 2.645308427284487953e-05
-3.595013977336524585e-02 1.000387297469837344e+00 2.355465864660209399e-05
-1.468423431072959223e-02 1.000331228442651321e+00 2.345169569559369939e-05
-9.003144577245967423e-03 9.992278214267764636e-01 2.490996690616632716e-05
1.182448862165193237e-02 1.000691280684521844e+00 2.971926477372650800e-05
-5.088041116517229290e-02 9.994861967397286051e-01 2.640657382756543829e-05
-1.918103646063085838e-03 1.000297960092417782e+00 2.523777484621394742e-05
9.816705836642508967e-03 1.001828263686956877e+00 3.388281874317035966e-05
-7.419955947755043496e-03 1.000693471362293030e+00 2.486200055321353863e-05
-2.406950259231240355e-02 1.000209963609265840e+00 2.291746869382695171e-05
-3.460795295790140141e-02 9.992148819338730892e-01 2.422592226517704194e-05
-6.948165626397982686e-02 1.002618100631583742e+00 4.551406094646217649e-05
-2.244691965185614466e-02 9.986448675219599114e-01 2.584488424142147639e-05
-4.299327264128151305e-02 9.995139553909974106e-01 2.466429729337721229e-05
-5.729392705156155507e-03 9.995318560841971456e-01 2.480938548898852121e-05
3.963568048084516182e-03 1.001291250883945105e+00 2.909440436893745649e-05
-2.776180414801116686e-03 9.992575349129069195e-01 2.598464773854128830e-05
-1.592809963535059964e-02 1.000505739638139602e+00 2.358166657630351624e-05
-1.259241298398499492e-02 1.000317225827864309e+00 2.363279329966011020e-05
6.118875838943356807e-03 1.000654717679825945e+00 2.772666304295211457e-05
-4.527307292570929842e-02 1.000668562097971170e+00 2.519757097138211922e-05
1.616782531653061100e-02 1.002767792030387461e+00 4.587982463369596271e-05
2.100329389404629113e-02 1.002967075678293574e+00 5.155712281124886972e-05
1.754868907709388956e-02 1.002292292319370004e+00 4.104683829736673740e-05
-7.928601522856820738e-02 1.003254593346543988e+00 6.251027328084879289e-05
1.738036188201073917e-02 1.002165046539832627e+00 3.975464152431478279e-05
1.798946094621090355e-02 1.002713180605557586e+00 4.610979426746796017e-05
1.908894823221671255e-02 1.001779681441829606e+00 3.756619866530011830e-05
-1.193274323586615560e-02 9.998886873372594408e-01 2.356948490290559331e-05
-1.289512129181156000e-02 1.000100744097810912e+00 2.346263878005236199e-05
1.245574881543333109e-02 1.000278145253206796e+00 2.945532001568789085e-05
-6.796072820108937929e-02 1.000331236409438551e+00 3.184996048842882887e-05
1.845975948233430364e-02 1.002145149302781979e+00 4.012649261989926765e-05
-5.483325796495958082e-02 9.998035015365664968e-01 2.698539638399033157e-05
8.739700013301841819e-04 1.001365801756265439e+00 2.865793574942707196e-05
1.300476179212402099e-02 1.002489758877673331e+00 4.098974424165332815e-05
-5.269369159098424849e-02 1.001019408209202544e+00 2.765312421159526790e-05
2.071217213351023850e-02 1.002716053832094500e+00 4.771947736838137098e-05
6.362093771651105081e-03 1.001898297274395944e+00 3.323603342455829217e-05
1.788343118758931038e-02 1.002115185490374705e+00 3.956347804999026644e-05
1.507393225778398509e-02 1.000803061647610015e+00 3.128132946377865418e-05
-3.848263635216515877e-03 9.991910235572777355e-01 2.593978876623085155e-05
-1.630848984014999364e-02 1.000342186904411346e+00 2.333739899806493135e-05
-1.703012353848425142e-02 1.000144369409225575e+00 2.313599038864153125e-05
1.678990692040276123e-02 1.002820221694337377e+00 4.692310908232690247e-05
9.957796883254734638e-03 1.001188338603431704e+00 3.050948283382546130e-05
1.730908866268983728e-02 1.002072074859438500e+00 3.890348013274318482e-05
-6.111286287454686939e-02 1.000454230950457823e+00 2.900051454342479499e-05
-7.148216268608849344e-03 9.997369726534567347e-01 2.431145409610859683e-05
-2.103992441812729125e-02 9.981985126964644239e-01 2.850536263280644550e-05
-3.879775170843303977e-02 9.983098544979024380e-01 2.890697436337073259e-05
-7.177393138383905691e-02 1.002852717382629155e+00 5.006318118276590506e-05
1.134350237358042537e-02 1.002168661332537125e+00 3.711821420817742681e-05
-4.613115718744829896e-02 9.981340070972785083e-01 3.194590550207241882e-05
1.497993512700174397e-02 1.002102914528176791e+00 3.806693395082380756e-05
-4.218850619460321610e-02 9.980408971062022516e-01 3.170857517861919920e-05
2.007638557304134222e-02 1.002463679739758140e+00 4.423283935930754198e-05
4.893981827826091036e-03 1.000290333918837149e+00 2.689658442138312850e-05
-2.673403647649230316e-02 9.988553922831024945e-01 2.493723780669758754e-05
-3.247559373902849517e-02 9.984129260935703520e-01 2.741809677990513896e-05
-4.881655645443912228e-02 1.000521114310077841e+00 2.560721039121471133e-05
-4.804203670874152010e-02 1.000069901987172383e+00 2.511849270529338622e-05
-4.578094347646784884e-02 1.000732766407036678e+00 2.542210665029126442e-05
1.596759532124258918e-02 1.001053961748869403e+00 3.239931410858641690e-05
2.538116323257635226e-02 1.003685760093656620e+00 6.946777075401186063e-05
1.725802247880808132e-02 1.002290898145097753e+00 4.088576552640462895e-05
2.094122973972602220e-02 1.002116100013725308e+00 4.122755600190473765e-05
-2.248181075528789957e-03 9.999874561662472905e-01 2.507142334173998415e-05
2.116520530585890361e-02 1.002804499978570796e+00 4.922190188344066614e-05
-1.656354381421325239e-02 1.000009738573061524e+00 2.313234081726286455e-05
1.760707142474948750e-02 1.002843779406425551e+00 4.769414056254608723e-05
-2.367291624271610287e-02 9.982802210740634452e-01 2.788689005977906048e-05
2.808478689452915955e-02 1.004525292245614265e+00 1.012835195965286440e-04
1.900811700850992339e-02 1.002949787841584062e+00 5.006264659216727581e-05
1.017175105812216478e-02 1.001409605940015712e+00 3.155841901268925616e-05
8.251582322186245058e-03 1.000062501542851034e+00 2.788324215798710387e-05
-4.843405935637184329e-03 1.000417120515987968e+00 2.480657394820083125e-05
2.190456116403938225e-02 1.003074120747655007e+00 5.390501512878294430e-05
1.039506755082894932e-02 1.001908577245281373e+00 3.466130233218358599e-05
-1.287755614007619204e-02 9.982096499943310386e-01 2.914134708382272966e-05
1.622555759956066657e-02 1.002371882486665422e+00 4.119636588774297877e-05
2.528422572721424760e-02 1.003807821763602393e+00 7.264600174359210952e-05
-2.622279983734876474e-02 9.995194818004238257e-01 2.318465928933487378e-05
2.402146087990182297e-02 1.003624958580524362e+00 6.678644986352487065e-05
-9.635778963642900943e-03 1.000553209539857269e+00 2.428802878960370192e-05
2.649644334598839912e-02 1.003748122119443087e+00 7.212348761213196037e-05
1.214771562158949506e-02 1.001914553634439153e+00 3.537059516134741260e-05
-2.001767580768266247e-02 9.990335038948167101e-01 2.439443346781489241e-05
1.197433608764028774e-02 1.000972191279879242e+00 3.048657268506203708e-05
-9.332098633027762630e-03 9.991522160251430362e-01 2.506806767711579462e-05
7.027657063499325243e-03 1.000909196219986974e+00 2.860663498680890917e-05
2.512945276005016174e-02 1.003726423619724528e+00 7.030520009387191717e-05
-1.681086101624780504e-02 9.993172423961468320e-01 2.382965549997057898e-05
-2.273574795560819040e-02 9.990356014720437328e-01 2.430196155530071108e-05
-1.303682197821065189e-02 9.995566715235846278e-01 2.374006299747697554e-05
1.156171922718255383e-02 1.000061539267967259e+00 2.908522105218637216e-05
-1.459495371209137277e-02 9.999547584476380369e-01 2.328901594055852160e-05
-1.174408413774497006e-02 1.000156609827095533e+00 2.360663592647832326e-05
-1.667365369598006186e-02 1.000460141152941906e+00 2.346039768192624772e-05
-5.214448879780599067e-02 9.998686648496246665e-01 2.616475336132480611e-05
-6.146348026618486671e-02 9.993815118409742349e-01 3.030737594480614213e-05
-6.940509609010157843e-02 1.001752582615557996e+00 3.724558963624235872e-05
-1.454966942209274042e-02 1.000428985533122761e+00 2.357879270350950280e-05
1.051538727528614908e-03 9.991380158907744446e-01 2.728735192348325943e-05
-8.766141296134104949e-03 1.000789513429364064e+00 2.489541745946301238e-05
-2.524723056773998248e-03 9.995467173832599528e-01 2.541391324331949381e-05
-4.492678199345222917e-02 1.000574373827322949e+00 2.496325877165138610e-05
9.272797421876508711e-03 1.001937621416301161e+00 3.447520811649914982e-05
3.702986175678227299e-03 1.001292481656743005e+00 2.903037731522802370e-05
-1.042453430668334458e-02 1.000133765611126879e+00 2.375110492172366670e-05
1.435498884987866826e-02 1.001655767005201092e+00 3.453096532503783074e-05
-2.726220509704103262e-02 1.000130805746447527e+00 2.288936103596740562e-05
-2.366589353418657032e-02 9.983939049928115539e-01 2.717206385485630523e-05
1.839313723051309857e-02 1.002909796872711423e+00 4.909880715307774992e-05
1.775531932385424408e-03 1.001180491020850383e+00 2.808339047680487028e-05
-4.398949796545919416e-02 1.000523106135491780e+00 2.472678713945762499e-05
1.133158204534340588e-02 1.001663546327852039e+00 3.336892210731273029e-05
1.056092439386078011e-02 1.000093987355238356e+00 2.869723668946012172e-05
8.118545887455220003e-03 1.000279240320204321e+00 2.788178120809352772e-05
-2.281123383085649492e-03 1.000890123096794371e+00 2.622932066033169444e-05
-5.792874078701799878e-02 9.992517560769044183e-01 2.931803561206975352e-05
-6.049710756009758772e-02 1.000825200923458169e+00 2.941036924789228020e-05
-3.711431165151931472e-03 1.000476739190587772e+00 2.508828218835133081e-05
-4.408301753390578975e-03 9.997389654091966005e-01 2.478603332394447415e-05
3.723757278281001823e-03 9.990162808083861146e-01 2.852296436220754045e-05
-4.171087403960001966e-02 9.998458397662763897e-01 2.406802826815116684e-05
-5.081096013963322389e-02 9.993779722121192144e-01 2.664580686432730817e-05
-7.181506911702739693e-02 1.001623550893758541e+00 3.768923982976426118e-05
-1.505222431930023502e-02 1.000275918399442299e+00 2.336878467434014967e-05
-4.758309648680864035e-02 1.000675773026885818e+00 2.563142737692313984e-05
6.730736758060185121e-03 1.000149482539430812e+00 2.738713686812996220e-05
1.110782868437793641e-02 9.999086680963876761e-01 2.899561850913255130e-05
-5.292287748408019271e-03 1.000870220210644090e+00 2.562763668057441892e-05
6.995358375874820983e-03 1.001868333210479634e+00 3.321917476959366909e-05
1.922039843085334571e-02 1.002298901921604868e+00 4.199537824963311950e-05
1.665241752625247484e-02 1.001484501136618466e+00 3.457628350139775462e-05
8.622579090527561149e-03 1.001883677044915988e+00 3.385814435837429417e-05
1.040310301443542890e-02 1.001072999795225238e+00 3.023922627028953947e-05
2.371051358904477380e-02 1.003390318586810492e+00 6.120475976830627132e-05
1.926268283302143974e-02 1.002189929643792610e+00 4.096333641313497332e-05
-6.054330303652501188e-02 1.000675124987704612e+00 2.910718911575331148e-05
1.461442227132989102e-02 1.001709888435633689e+00 3.497971569522142853e-05
-5.347144877591622492e-03 1.000797232701066353e+00 2.542732962337751839e-05
-2.062773590066891566e-03 1.000679599790299079e+00 2.575914146254401225e-05
-6.628030852825533836e-02 9.999767708757275608e-01 3.118826945145065400e-05
2.038255395944437928e-02 1.002833547789339974e+00 4.915209890274611356e-05
2.425660997540921016e-03 9.990399659475075467e-01 2.802979711741414759e-05
2.149478628027192556e-03 9.988370713784532340e-01 2.880713894474891911e-05
2.351750037314493530e-02 1.003602604219427485e+00 6.583598367496257947e-05
-5.667441526235349192e-03 9.983186000178210229e-01 2.969307545794273894e-05
-9.459717255802621572e-03 9.998849352325480666e-01 2.387548973643190334e-05
-4.617791154552498833e-03 1.000852155251071851e+00 2.569317205631766889e-05
8.116279609339700774e-03 1.001696603467582269e+00 3.244396854663278250e-05
-2.068833799079217856e-02 1.000050857615268018e+00 2.292069921098804623e-05
-1.644438364029638874e-02 1.000431989711004332e+00 2.343674013939564107e-05
-4.594423213991341570e-02 9.997391864178364340e-01 2.487895094587455345e-05
-2.803853701035141643e-03 1.000633066598818344e+00 2.552049847942239834e-05
1.020002722311891957e-02 1.002025743047909145e+00 3.548575078060696490e-05
1.975261384673347720e-02 1.002615190039265247e+00 4.584483776337712035e-05
-2.788734150863086958e-03 9.998761679110518275e-01 2.500071332091445615e-05
1.302050663761942020e-02 1.001343611472724993e+00 3.231467369304078224e-05
1.143506074308897960e-02 1.000323203531762406e+00 2.908438338554668600e-05
1.572353120777910535e-02 1.001965162448931856e+00 3.727800922620248212e-05
6.579133479044303387e-03 1.001165818917304939e+00 2.932572464673751425e-05
1.550641241156598855e-02 1.002384368301998840e+00 4.098182164870097411e-05
-5.619317036587891112e-03 1.000255427317958246e+00 2.451593425927811316e-05
1.009049618879459716e-02 1.001144391761040753e+00 3.038686854532483386e-05
-3.401001321823773210e-03 1.000933934382076229e+00 2.614190217196668217e-05
-3.500476520622454457e-02 1.000049736604090800e+00 2.325334665959239509e-05
1.980067711138534803e-02 1.003032747842933281e+00 5.185706320379187233e-05
2.449344296349564160e-02 1.003965662948959281e+00 7.653898879428244653e-05
-3.187221515087018675e-02 1.000009957322585796e+00 2.303178726643887874e-05
-3.501734402956768050e-02 1.000256788364766392e+00 2.334830736823458088e-05
-6.785293119878667290e-04 9.993956084786670413e-01 2.612766634333578010e-05
-5.656492203873673963e-02 1.001521223863636179e+00 3.084304365274041489e-05
1.353971785413409651e-02 1.001385344342619499e+00 3.272033030662836078e-05
1.170754865917202764e-02 1.002285556574863179e+00 3.834087898734788244e-05
1.680913854790320669e-02 1.002251273820686794e+00 4.027603157051144891e-05
8.990495695310556784e-03 1.000112169297323161e+00 2.813100441507967629e-05
-7.368834206524299546e-02 1.002893776097608436e+00 5.188639032858151330e-05
9.813127384230388439e-03 1.001070949908337226e+00 3.002518240139254483e-05
2.714472079876248389e-02 1.004344463675606258e+00 9.247735841334365711e-05
2.282758981250528757e-02 1.003217094491563266e+00 5.710317294857450052e-05
1.233674836250766085e-02 1.002190468341923824e+00 3.770732967824106990e-05
-1.294427727084527732e-02 9.993616328934489257e-01 2.408688780694345300e-05
-8.922904935676288785e-03 9.990968825672664755e-01 2.529613860367498817e-05
1.063327504977676884e-02 1.002021096124446675e+00 3.560845430003306002e-05
-1.737702976277701039e-02 9.994737435061309405e-01 2.349370955699669900e-05
1.739248504130132267e-02 1.001510421981308685e+00 3.506484281859445810e-05
7.781093551762060731e-03 1.001478444978342264e+00 3.109990806699493125e-05
-6.808706683882972954e-02 1.002687264236441278e+00 4.568729846026569599e-05
-3.664531369183897380e-03 9.987401165646104806e-01 2.770493659481169054e-05
-1.817746399776991317e-02 9.989463197731275335e-01 2.478459622253333504e-05
-1.284245606694281450e-03 1.001135188141863752e+00 2.722667180017185443e-05
1.326075227284148790e-02 1.002362360116772377e+00 3.974349083607885548e-05
1.988626585675366820e-02 1.002005062612506547e+00 3.968564780496696028e-05
2.254413264225763047e-04 9.992623371594328008e-01 2.668835074349490598e-05
-7.625800213435077191e-02 1.002811920385843658e+00 5.238158491142336492e-05
2.545665811121890221e-02 1.003502609448961636e+00 6.508577421048156338e-05
2.395820928079799711e-02 1.002940050038062081e+00 5.314130806473780063e-05
-3.558256709920148975e-02 9.996455361292294617e-01 2.350926869967404724e-05
-5.838362023542933987e-02 1.001074720993758715e+00 2.943625858366196040e-05
-7.192620173314599741e-02 1.001801439541392114e+00 3.891397454182868315e-05
7.900122592399248453e-03 1.000796158306949790e+00 2.858257207819864392e-05
2.336133560322760719e-02 1.002874693896336877e+00 5.170722678492469990e-05
-6.311922110804522867e-03 9.994916843397463335e-01 2.477421582996265680e-05
-6.760634656772859796e-02 1.001919089620562531e+00 3.756650505891360184e-05
1.799832259403563728e-02 1.002318052876951970e+00 4.153649551954521972e-05
2.103383410931455172e-02 1.002314344541184621e+00 4.318196084363174896e-05
1.539709999867645146e-02 1.002756625597111650e+00 4.534493214412073256e-05
-6.101866298419675316e-03 9.991590872504023668e-01 2.558819181363088276e-05
2.238536046127250975e-02 1.002947396126988133e+00 5.215743998866668475e-05
3.802132401992282945e-03 9.996516789614506848e-01 2.683537561047909709e-05
1.302258944975564006e-02 1.002485794656203133e+00 4.095345449006502082e-05
-3.501022805609663863e-02 1.000212137455567252e+00 2.331618571291512709e-05
-4.382034512703484458e-02 9.998332681940818034e-01 2.440997434049150077e-05
2.373731746827686256e-02 1.003181290617293664e+00 5.710401283989866006e-05
-7.027254396152669835e-03 9.996519289024334842e-01 2.441983474900693478e-05
2.531975166167418911e-03 9.988465775026472704e-01 2.888105399474600490e-05
1.982675386304026677e-02 1.002426194466610188e+00 4.367217113196981255e-05
1.760776853890897928e-02 1.002394563624468882e+00 4.212772371217314826e-05
-1.957397252726534448e-02 9.999337451034019386e-01 2.296370279954280892e-05
1.458784657091622729e-02 1.001773466428341086e+00 3.538404819297560986e-05
2.311195532816416945e-02 1.002834105315054458e+00 5.093003388567998984e-05
5.978621916439413875e-04 1.001279922395154953e+00 2.821251807746415533e-05
3.051825914767027081e-03 1.001517269976964553e+00 2.994067686425581099e-05
-5.194768186409652599e-02 9.996561406913628822e-01 2.636977015524214277e-05
2.654842039439105766e-03 1.001565784421312388e+00 3.010097803756529638e-05
1.806589618569460001e-02 1.002654759381299998e+00 4.539655357104758657e-05
9.999895200572751081e-03 1.001839389148746040e+00 3.402497622146920665e-05
-5.369154195637278193e-03 9.989360828978655071e-01 2.648788529407354906e-05
1.810609601491759701e-02 1.001475621786031445e+00 3.522460779765657849e-05
1.494565388753471731e-02 1.001333605993635079e+00 3.306619423275092068e-05
1.820204721958370089e-02 1.002824796081268843e+00 4.775206355237934845e-05
2.090080685436346980e-02 1.002700268588473165e+00 4.762449329777956766e-05
8.342862942869018472e-03 9.994391979990802088e-01 2.873620835745332099e-05
-3.674413232702041648e-02 9.998285709353030848e-01 2.346276746025645804e-05
-4.277845395193612815e-03 9.988458564724577160e-01 2.708539871715692917e-05
8.416616564265670675e-03 1.001295395418029033e+00 3.043357287499608613e-05
-4.636943784810945712e-02 1.000751423354565350e+00 2.556888457793715763e-05
1.441598076201630954e-02 1.001732496672678385e+00 3.503979949076185021e-05
2.399549461434349884e-04 9.996096766082244178e-01 2.594830858852636453e-05
-5.536184424309247010e-02 9.998763667406502798e-01 2.706834778356099913e-05
7.062213085079694502e-03 1.001318793751401648e+00 3.010689272130482753e-05
1.737160761047600033e-02 1.003054050918491980e+00 5.078357358370161079e-05
-5.550128516938816758e-02 9.992555671561826891e-01 2.842938605169330026e-05
-6.796769774173776202e-02 1.002334942545433094e+00 4.147307392598705044e-05
1.328157324957127475e-02 1.002301486536595121e+00 3.914421661177174249e-05
-6.538209963468563646e-02 1.001793333823245424e+00 3.565546682167789491e-05
-2.646992317412887388e-02 9.996184144521403914e-01 2.305818693609062553e-05
-3.906444027750921588e-03 9.997093520517559284e-01 2.491186461655746695e-05
2.170375061212686044e-02 1.003275008335108742e+00 5.740989318884839594e-05
-4.782669646661941165e-02 1.000016764107562350e+00 2.507952606379634011e-05
-6.506230304080949656e-02 1.000304725952182006e+00 3.049406569962476659e-05
-3.025071702134859292e-02 9.990029167156463386e-01 2.453737630105779074e-05
-2.114205549606732598e-02 9.983186261252081639e-01 2.769395728803404687e-05
-2.115445703134329752e-02 9.983085709403340946e-01 2.775801378526407222e-05
1.259632087601334285e-02 1.002437710485200695e+00 4.024900915919719799e-05
1.206795695338513941e-02 1.000833377604823715e+00 3.013351571621112067e-05
2.256891774460998562e-02 1.003261225240432708e+00 5.775518971771924153e-05
6.779755002197272035e-03 1.000308392184712902e+00 2.747158216702855169e-05
2.039490571503028982e-02 1.003061004823858848e+00 5.269509670883255464e-05
-5.451860483745367414e-02 9.995746855357814376e-01 2.725490059666853661e-05
1.990920167212316405e-02 1.002962640118268300e+00 5.080246331504215368e-05
2.802828031028870709e-02 1.004290862775020665e+00 9.136338137510280268e-05
1.849563281015913566e-02 1.002730869421106563e+00 4.662338431161190954e-05
1.502475813819937125e-02 1.000946165098088203e+00 3.164277279141265557e-05
2.978308223400892574e-02 1.004742949352148473e+00 1.142383798249393088e-04
-2.803261581619895249e-02 9.993734733346781862e-01 2.347146790724762523e-05
-5.527333221239023181e-02 9.987512396084358146e-01 3.063389364268563793e-05
-6.381560500280693271e-02 9.995970799784454908e-01 3.072620784259314934e-05
6.166475866358404542e-03 1.001243791463714450e+00 2.951365640353055639e-05
-2.638064388927235937e-02 9.996738803348531599e-01 2.299808989815912326e-05
-7.003196035851945445e-02 1.000732241986654447e+00 3.331101872921066019e-05
-7.223534500455658369e-02 1.001709479212427922e+00 3.846259406004233391e-05
3.767559827734029074e-03 1.000188373155152854e+00 2.652834098871712160e-05
6.293374851664094299e-03 9.992547542543852579e-01 2.852779693576144477e-05
1.200051462995777030e-02 1.001043456189893988e+00 3.072538546100430322e-05
-3.643150920416825950e-02 9.993817745316038170e-01 2.401677043224641339e-05
2.005409676805656322e-02 1.002745852198374532e+00 4.772456256925470245e-05
-6.526092407869768519e-02 9.996862699988282586e-01 3.118987324467487613e-05
-3.656850458896285239e-02 9.996993690312162562e-01 2.354723574106926739e-05
-2.268194914452144328e-02 1.000106420748978930e+00 2.288204732405267166e-05
1.640485452124120641e-02 1.002369400106869701e+00 4.125807028330641380e-05
2.278306746073128705e-02 1.002809315707962279e+00 5.034548252817688623e-05
1.684883676523670631e-02 1.002727725290091909e+00 4.569437025574364680e-05
1.199421876696357345e-02 1.001659100770145416e+00 3.359401893802893086e-05
2.026931139382648003e-02 1.002584138794275992e+00 4.576295116784142306e-05
1.401965568316197036e-02 1.000776867351754751e+00 3.077347779906352307e-05
2.572858240430086346e-02 1.003454893128762349e+00 6.423982050258708989e-05
-3.868426794583362111e-02 1.000480250767597834e+00 2.394868384524562990e-05
2.256085377053139440e-02 1.003043570313665755e+00 5.383871755212172645e-05
-5.580872536937238337e-02 1.001446588110044722e+00 3.023570626933914926e-05
1.127008810129083612e-02 1.002155889216897355e+00 3.697715589910785441e-05
8.843006768371425991e-03 1.000707068868307292e+00 2.868984133202219031e-05
-4.527849190055568962e-02 9.991187266891460306e-01 2.609716639354756884e-05
-5.014733259081058381e-02 9.985907274504375319e-01 2.981678720964254500e-05
6.802937635839639841e-03 1.001838496902822007e+00 3.295148360251189416e-05
6.558383191656351474e-03 9.993563200368736910e-01 2.832151459521403455e-05
1.680998536702799778e-02 1.002218902485173979e+00 3.996903474370406482e-05
1.188536093237520935e-02 1.000932310872479913e+00 3.033351353549620360e-05
-4.420064671108841353e-02 1.000181386273208517e+00 2.442489622458171892e-05
3.517685254683600160e-03 9.995320795481887899e-01 2.695621003052649334e-05
-7.137579586180657631e-02 1.001156723943644522e+00 3.518990091665595197e-05
8.533585208829443103e-03 1.002019653284268896e+00 3.485045777022134010e-05
-7.492542200178532209e-03 9.994395255549254342e-01 2.467077585672592402e-05
-3.866788257741827356e-03 1.000682796834101218e+00 2.542179919632038884e-05
-2.518190453062676970e-02 9.991008167181483213e-01 2.408697292411190362e-05
-4.044176873296871644e-02 1.000490924645591750e+00 2.417265898652716950e-05
-1.005318985423872546e-04 1.000869230363261586e+00 2.662604439352991408e-05
-1.720909529184709574e-03 1.000240886000884011e+00 2.523727025911466748e-05
-7.438059138482036592e-02 1.002662891521247213e+00 4.899013023483902995e-05
-3.860155273246324709e-02 9.989431722697130756e-01 2.555302974385359404e-05
-6.012390559045645982e-03 1.000580731692570780e+00 2.485716432913189858e-05
-7.131853306204170850e-02 1.001236464373633783e+00 3.546904285934849151e-05
4.389790845781664508e-04 9.999200328157131779e-01 2.569091074285777688e-05
-2.719584351238379244e-02 9.991725274354940067e-01 2.391431786759051030e-05
-2.974517852339387744e-02 9.982133885703124987e-01 2.851176695527540684e-05
-1.345327185794266411e-02 9.994703283747090605e-01 2.382990030666934614e-05
1.628535769389634000e-02 1.002847516735197342e+00 4.704636871938468553e-05
2.747493822947857933e-02 1.004232737949547705e+00 8.853281910441112808e-05
-2.312754642861859777e-02 9.977055037988149522e-01 3.272661227577285228e-05
-2.767709923360905933e-02 9.989492392915507724e-01 2.461437200615495415e-05
-6.771885505992177035e-04 1.001061821326512558e+00 2.709280090358097781e-05
1.612422193399577763e-02 1.001993156743543834e+00 3.768436364559915440e-05
4.710827539276863513e-03 1.001613388846704034e+00 3.091647070690133346e-05
-5.456367722848382007e-03 9.985924480485772747e-01 2.805926695571085006e-05
-6.328256826918822464e-02 1.001605484038918359e+00 3.360263012257425080e-05
1.913719110039693860e-04 9.994026813204242021e-01 2.632592368706354258e-05
5.636584548927868477e-03 1.000202049815779759e+00 2.706674324200156567e-05
2.591090501306537314e-02 1.004247075650155807e+00 8.740321681082183550e-05
-3.156517832533513312e-02 9.990913883065709600e-01 2.433454020661588449e-05
-4.561088637797416218e-02 9.988306649684492999e-01 2.731111807597530057e-05
-2.447828741669589095e-02 9.981058517831725707e-01 2.912332965437615601e-05
-9.616376417990457615e-04 9.993065708446787765e-01 2.627407726799077227e-05
1.191712349664220474e-02 1.001561301863966191e+00 3.299430498829174533e-05
-4.643881099394540912e-02 9.994722059642392464e-01 2.539298454208651241e-05
-6.192625419232615502e-02 1.000876667978377821e+00 3.005475039080645884e-05
7.796686554054330781e-03 1.000629788373778251e+00 2.819703204676055086e-05
1.919357169501477792e-02 1.002855218290549022e+00 4.875478629109037825e-05
-6.344336826102388305e-02 1.001232519959439626e+00 3.181851284672287884e-05
-7.700440796994962450e-03 1.000340854128493939e+00 2.426375330747960511e-05
-3.750650884491134318e-04 1.000260693690222302e+00 2.554016223340753759e-05
-4.947109727313642180e-02 1.000239624658315840e+00 2.546620055521150986e-05
2.481045778146950126e-02 1.003311346025341555e+00 6.043982015911716351e-05
-5.469384724693941713e-02 9.998380541456804993e-01 2.690543429870268714e-05
1.355980063001993238e-02 1.002052305728581061e+00 3.702223909247717953e-05
-2.130688287765837574e-03 1.000562618156884298e+00 2.552549575892684789e-05
-2.946060953911953245e-02 9.999025122279990851e-01 2.293178331256984142e-05
-9.719617233259900818e-03 9.988848666772701668e-01 2.591767916442987458e-05
-4.433269401674307802e-02 9.995967918742630909e-01 2.476221114930910472e-05
-1.162897759113028923e-03 9.993400578303016646e-01 2.614212817129538642e-05
1.630816013826400304e-02 1.001891897567199985e+00 3.699286083894616115e-05
-3.722013597881890928e-02 1.000121419389068844e+00 2.347401382607766193e-05
2.216570780386060285e-02 1.003571736004895465e+00 6.405882182744156454e-05
-5.391782196846030273e-03 1.000465846650677948e+00 2.477705918421288614e-05
2.267168621060584865e-02 1.002939663202289999e+00 5.223087785338950131e-05
1.197036547053891703e-02 1.001231203027589833e+00 3.141522303686655331e-05
-4.532814452335517247e-02 9.999306241935334016e-01 2.461988678094449877e-05
-5.435389896206966470e-02 9.997414882073002440e-01 2.692177677607406788e-05
5.628036379344197870e-03 1.001119320522402045e+00 2.887154299362599297e-05
-3.528190227051863914e-03 1.001077868082125510e+00 2.658257837846197638e-05
-5.264452626656743184e-03 1.000783339357147916e+00 2.540679251278460529e-05
1.264861365336367519e-02 1.000887563120046675e+00 3.050050581020163464e-05
-3.844537615893502819e-02 9.991720758027204941e-01 2.477167553928153070e-05
1.753464723245337989e-02 1.001171832456244637e+00 3.355402835786443477e-05
1.163282024984726298e-02 1.000368700588053494e+00 2.919321616982383861e-05
-5.297346809575636389e-02 1.001230716231481299e+00 2.849747049992864471e-05
-7.079207546396296125e-02 1.002596116678120985e+00 4.595222778618270759e-05
-5.422979092493767500e-03 1.000819118470269053e+00 2.547016163730064605e-05
1.797864684916417738e-02 1.003068504945276329e+00 5.136399708582432925e-05
1.775668549070000615e-03 9.995418475450978946e-01 2.645349476153887984e-05
2.285931443974274779e-02 1.002720118548953376e+00 4.914613833246175069e-05
-5.616372055029421329e-02 1.001400136542173636e+00 3.010786580743421908e-05
2.198569622256577039e-04 1.001203390727423592e+00 2.781190036125171574e-05
2.073333141805330446e-02 1.003463276250954994e+00 6.058952434203613132e-05
-3.753818541896906252e-02 9.995941423114415025e-01 2.377489946659827247e-05
1.252720881645197869e-02 1.001213857750671066e+00 3.155837858331237561e-05
-3.131253164060672500e-02 1.000320580069793408e+00 2.316265252515501953e-05
-5.457714066529961022e-03 9.998951347529387856e-01 2.448870494090359736e-05
-2.860417214611538084e-02 1.000158920517510985e+00 2.293397244670586848e-05
8.362689762736979018e-03 1.001937491239328182e+00 3.416310461076738677e-05
8.494068124230763281e-03 1.001586524382271914e+00 3.191636442945663412e-05
-1.133338911640453112e-02 1.000450859304056639e+00 2.392616774033269592e-05
2.227510693350920334e-02 1.003217775559916980e+00 5.672231989761496575e-05
1.052536197722918343e-02 1.001767037280619332e+00 3.372555864923287107e-05
5.587144471017860617e-03 1.001564061195955535e+00 3.088840289065641057e-05
9.212690385034239676e-03 1.002189457713542620e+00 3.651280498287109050e-05
-2.769224150844135091e-02 9.991756164274521179e-01 2.391845474874683780e-05
-4.463701540971182213e-02 9.998637107139073388e-01 2.453082978573323554e-05
-4.519927909853340559e-02 1.000718295917084166e+00 2.529010896857260596e-05
1.390981517075965714e-02 1.000386344319619480e+00 3.011876543177663520e-05
1.691688736913436741e-02 1.002465398286818798e+00 4.254494085714947776e-05
-1.980030757444060929e-02 9.998378906647893416e-01 2.298370965531147756e-05
1.108893078351549238e-02 1.000620964246401012e+00 2.931275732928411652e-05
-6.887574630359036276e-03 1.000685459045825176e+00 2.492439776684192567e-05
-9.786507740197174232e-03 9.988708457657836659e-01 2.596296418080049732e-05
1.251451567977449400e-02 1.000951939603299978e+00 3.063260105165695971e-05
1.641951034731378711e-02 1.002879111993602024e+00 4.757071327686330061e-05
7.739982711189138248e-03 9.996858822678571510e-01 2.802843666508948346e-05
1.247393056723233168e-02 1.002163193022763465e+00 3.751908588311708980e-05
3.605503304348729732e-03 9.999721766516435073e-01 2.648423097983882126e-05
-9.113782380370041847e-04 9.997182190523788980e-01 2.553409321790751056e-05
1.067138419805307124e-02 1.001355293960969783e+00 3.147822863397823116e-05
-4.879433865004258186e-03 1.000947105885378718e+00 2.591857436849454664e-05
2.912323475032412012e-02 1.004571396748958234e+00 1.047293346204537887e-04
3.182131493019975041e-03 1.000650102901323724e+00 2.690165154916443596e-05
2.169973416861315993e-02 1.002371429474800735e+00 4.418010491582601386e-05
-7.011310422230625228e-02 1.002155831977173062e+00 4.080698557919445107e-05
1.651390094542643655e-03 1.000776160624579081e+00 2.679162247097186341e-05
-5.179179424758448280e-02 1.000229310812315919e+00 2.600304624394318562e-05
1.768605114298351169e-02 1.002487287766685942e+00 4.318623943455268612e-05
-4.988473280348312833e-02 1.001071049010955116e+00 2.717961752564357450e-05
1.936065886166726119e-02 1.002592921691318528e+00 4.534465826699779354e-05
-9.251183120903252316e-03 1.000719942452360955e+00 2.466691782858181081e-05
2.582399593462543844e-02 1.003977480846423020e+00 7.814016203633327882e-05
3.186432908855594409e-03 1.001292839408472801e+00 2.889689816845897536e-05
-1.413653147905271495e-02 9.997316545825608580e-01 2.343634665786160671e-05
1.701122486206302353e-02 1.002987233420951974e+00 4.951665741092741135e-05
-2.764506843029628652e-02 1.000063465043715683e+00 2.287474977068847224e-05
-1.203926373082081155e-02 1.000287688077514670e+00 2.366333204519208269e-05
-9.760558056927954446e-03 9.995482134113515826e-01 2.414871864518822205e-05
1.756722732502217360e-02 1.002760213763972397e+00 4.650921638870893768e-05
1.165599291019160655e-02 1.000318410497190946e+00 2.916552289481284663e-05
-3.558968337676934879e-02 9.991570309476274225e-01 2.447979956693532950e-05
-6.843292105336924724e-02 1.001073364755995732e+00 3.339592092586367913e-05
2.080164109364789765e-02 1.002652648408050684e+00 4.694167084482459966e-05
-1.378653532085341929e-02 9.990867316257778796e-01 2.469485374659756842e-05
-1.548705189702314494e-02 9.993788670359563531e-01 2.380650980441637962e-05
-3.922546642484752571e-02 9.983977212677451751e-01 2.839663419695878720e-05
2.004063544465546978e-02 1.003204978719394180e+00 5.498653567697453059e-05
1.476132018534614607e-02 1.002794288944386381e+00 4.554555520886414548e-05
2.516266468569858944e-02 1.003531233481141482e+00 6.549747376875785377e-05
1.941104346439592732e-02 1.003065124159375765e+00 5.215300491705791099e-05
1.529559071120503363e-02 1.002691300799296359e+00 4.444051410732842645e-05
2.712666847194766112e-02 1.003968935816196728e+00 7.915679729695867812e-05
2.754969077218715270e-03 9.997737754623071682e-01 2.638897357608809393e-05
1.342648846743246457e-02 1.002493940283852636e+00 4.121905432880454336e-05
1.262955120505829601e-02 1.002306319610944518e+00 3.891719097215944604e-05
1.809689952806897012e-02 1.002749033035601478e+00 4.664631456504612380e-05
-6.099391322852801278e-02 1.000593086713770452e+00 2.913077236175643753e-05
-6.617472071650830345e-03 1.000430012970694005e+00 2.453045054487153272e-05
-2.100388465654013520e-02 9.983885987337108858e-01 2.726521479284867253e-05
-8.482572655732247002e-03 9.998518049030361565e-01 2.402707860865801014e-05
-2.642738743775119303e-02 9.994419052386338542e-01 2.331116595366258321e-05
1.529067453758260753e-02 1.001315114650386029e+00 3.313171241963343684e-05
9.370536145039588469e-03 1.001660252657769368e+00 3.264332259383752647e-05
-7.532361375587523500e-02 1.002510598898593619e+00 4.766522157777712098e-05
7.378205680038489589e-03 9.998552300636742718e-01 2.770227842691012522e-05
-3.048692086859754180e-02 1.000087738372070101e+00 2.297438835190672462e-05
-2.640540868254833556e-02 9.977318036944128332e-01 3.248658474815057631e-05
1.337937248059769754e-02 1.002064606718504836e+00 3.704787341771780223e-05
1.175065466731232446e-02 9.998849249859000921e-01 2.926979348902899319e-05
2.239086166939796563e-02 1.002503123128577700e+00 4.609044738608203916e-05
-3.843506199703489168e-02 1.000370660315084592e+00 2.378093157737346542e-05
2.155579484487272005e-02 1.002296117657037744e+00 4.330650283690135066e-05
1.973248563422480215e-02 1.002135653244718538e+00 4.072268902240875688e-05
2.893933849971111125e-02 1.004427232540613835e+00 9.801063111754046279e-05
-3.136586482348013155e-02 9.997520534039585627e-01 2.309693008275378516e-05
3.774519154113930436e-03 1.000911118908531572e+00 2.768216685555046087e-05
2.336109699883237578e-03 9.996931411937529655e-01 2.636916593323478130e-05
2.141054018789295341e-02 1.002883037631136398e+00 5.052550260870399310e-05
2.198290721450214466e-02 1.002786790411711149e+00 4.949399516380687203e-05
7.968644844582909240e-03 1.001044072530758333e+00 2.931940863590075359e-05
-3.027250675830615856e-03 1.000165456667567065e+00 2.493478412658425275e-05
-4.027726831631357751e-02 1.000039709203702776e+00 2.381268192538468537e-05
3.233044582342737422e-03 1.001409765633163973e+00 2.944413073991954626e-05
8.781101165520706006e-03 1.001793989230388204e+00 3.329153972531060410e-05
4.875793686076107178e-03 1.000202029134044768e+00 2.684422141192176862e-05
-2.683695760562770927e-02 9.991803294173786654e-01 2.388616701371591795e-05
-4.366211429531492022e-02 1.000097207903668517e+00 2.431211420334139460e-05
1.225041394262040700e-02 1.001530220189597475e+00 3.295102185483462305e-05
1.094986128488867339e-02 1.000913167280060634e+00 2.993134437722589562e-05
-4.160344562651095701e-02 9.999569179300989985e-01 2.400384946761424163e-05
-1.012422448292549237e-02 9.986939603700625279e-01 2.668303243735255627e-05
1.122001285572796214e-02 1.001332524891833664e+00 3.157366664978646440e-05
1.944208183227269515e-02 1.003177269712989927e+00 5.410870854972545449e-05
-3.319823096523930733e-03 9.999507527086853864e-01 2.486438545920279598e-05
1.571917482803876498e-02 1.002525399465951317e+00 4.263084691312634978e-05
-9.565667297950584264e-03 9.995671913897181682e-01 2.414806802871790589e-05
-2.572817184603793522e-02 9.996353019922102900e-01 2.303168254228218781e-05
-3.042912783289195705e-02 9.998142154618087085e-01 2.300888042771252696e-05
-1.576617543926969039e-02 9.983001133980724529e-01 2.817855252258228286e-05
1.109437490587228403e-02 1.001999341843174296e+00 3.560969805995965320e-05
-6.865832382096018205e-02 1.000793784657495245e+00 3.273984059616861950e-05
9.515252465981628369e-03 1.001962118000629065e+00 3.474463028922855602e-05
9.482245734174440249e-03 1.001372461308212891e+00 3.114025434525388003e-05
-9.768343087749979670e-04 9.991629395057333163e-01 2.667915426127775256e-05
5.599778266996095072e-03 1.001778445402732753e+00 3.218491796942875814e-05
8.155502937545610828e-03 1.000565089849125622e+00 2.820272532231874902e-05
-1.344168816294888380e-02 1.000037278220133663e+00 2.339488942830117148e-05
-1.037445184083964078e-02 1.000323272168881061e+00 2.388740533068076953e-05
2.413710814529256704e-02 1.003587811833184018e+00 6.598118477984790729e-05
-2.601050761379766069e-02 1.000022783170473106e+00 2.284396005890920422e-05
2.679148895568588332e-02 1.004238563366129711e+00 8.800940850127500611e-05
3.326586493885196061e-03 1.000605930154564227e+00 2.685714424754444821e-05
1.239709357379138038e-02 1.001946987385346155e+00 3.571247864835071093e-05
-7.145113485245974116e-02 1.001490263654578383e+00 3.673277105022878516e-05
-4.151548144052420730e-02 9.981160356547803536e-01 3.090908111310705376e-05
-1.747812425367981787e-02 9.978522970610537168e-01 3.156018640115025510e-05
-4.148238830157158913e-02 9.980327548168352880e-01 3.161499090364150151e-05
-1.599228851958692244e-02 9.999756627949475396e-01 2.317373404870367727e-05
-5.501402022971264155e-02 1.001396772631113707e+00 2.976900178067609325e-05
-6.111881749087940546e-02 9.995455468654530495e-01 2.968320981412285627e-05
1.019475894866616814e-02 1.000443745791871786e+00 2.873470311467816719e-05
-4.012189659231558264e-02 9.982377277448635233e-01 2.966485445003305894e-05
-2.227959937775181309e-02 9.989959471814636727e-01 2.443937107337770104e-05
-2.506809415526636831e-02 1.000100143003518571e+00 2.285743815869365183e-05
2.693757693574968040e-02 1.004117784712245776e+00 8.384453870173064942e-05
2.172126471825782876e-02 1.002909539934291328e+00 5.112840758295695041e-05
-2.740339593466042944e-02 1.000055023361901219e+00 2.286804009240092823e-05
1.327948127371517302e-02 1.002467856590710804e+00 4.086679789977612856e-05
-2.779575059644074503e-02 9.989404018406510266e-01 2.464908503221817869e-05
7.626164629390072558e-04 1.000845414100847597e+00 2.675651960147510652e-05
1.989453598595466305e-02 1.001887400324514399e+00 3.876760834094802026e-05
-3.927431373212303400e-02 9.989090922466949962e-01 2.578247155916156636e-05
1.322917656222076868e-02 1.000674244727159268e+00 3.023452725484656277e-05
1.005974819535140549e-02 9.998725321958717993e-01 2.862956274820098763e-05
-3.424274604290547530e-02 9.978832140098070624e-01 3.165907036687163429e-05
4.350667026212168623e-03 9.991324198482388619e-01 2.828812622456427947e-05
-6.008831894520905159e-02 1.001705999166864869e+00 3.304450664135720142e-05
1.189766351677246439e-02 1.000499109252946939e+00 2.943170439999294132e-05
-9.612527153353457587e-04 9.991786933113812053e-01 2.663423844950307226e-05
-3.941236918905601655e-02 9.991337528783955646e-01 2.501793808084044882e-05
-8.402267394556069829e-03 1.000565527459089443e+00 2.447304695749410747e-05
2.097690188580091097e-02 1.003177800638371364e+00 5.510152335913267647e-05
1.480566942662564327e-03 9.996895177293565471e-01 2.614872224220653971e-05
-4.453638630645072316e-02 1.000301545408597281e+00 2.455490986657431476e-05
2.530147103353771673e-03 1.000763966060335797e+00 2.697870108103489240e-05
-4.895927016329466863e-02 1.000421343799767770e+00 2.550636201282150011e-05
7.946574165923338956e-03 1.000606697447446791e+00 2.820410695152599073e-05
5.191122623151657282e-03 9.998369670823857858e-01 2.702618778756469862e-05
-3.997540580704066898e-02 1.000090717323274481e+00 2.377980964377946014e-05
1.604221415075376619e-02 1.001338120175542690e+00 3.357039476540606593e-05
-6.768442277507499827e-02 1.000833448946207183e+00 3.236059693108145048e-05
2.661052429628612409e-02 1.004016458644390708e+00 8.014298138218816704e-05
-4.226546158481408848e-04 1.000819290106821136e+00 2.642393877758276451e-05
-1.012829191735607065e-02 9.989742231008245099e-01 2.552247986021391924e-05
-7.032140771977558880e-02 1.001485481294437152e+00 3.610956840760153410e-05
-2.944040826898819407e-02 9.992772188470441241e-01 2.372703856205142837e-05
1.259806266837070268e-02 1.001596427555596636e+00 3.345858051854540196e-05
1.208035860707862633e-02 1.001797157952158512e+00 3.451295281332615383e-05
-5.939625718911503705e-02 1.000783179843117265e+00 2.893487861702963724e-05
-5.972671739235048405e-02 9.992908571883565294e-01 2.988781339327959726e-05
-4.386473718757757240e-02 1.000076034143248194e+00 2.434252587011289203e-05
-5.931334213623681850e-02 1.001054523970433374e+00 2.966891485662933057e-05
-2.096912118403131825e-02 9.996009377338931357e-01 2.313479105220449676e-05
-5.112051062746970909e-02 9.997885045741110588e-01 2.597801873019634658e-05
1.571260403532871719e-02 1.000882705747399681e+00 3.176381646234826487e-05
5.180687355647957057e-03 1.000746364844864678e+00 2.764619734022434407e-05
-5.310707581908355457e-02 9.996015730800745791e-01 2.678466171746932858e-05
-2.729230863382538230e-03 1.000725259843400883e+00 2.572670002541426696e-05
1.974320569458765801e-02 1.002500763790922012e+00 4.446541889498002525e-05
1.813509879610433750e-02 1.002238324500034139e+00 4.082251241903702159e-05
1.370533241866558026e-02 1.001184318799072104e+00 3.190987335502827994e-05
-2.873505833542070592e-02 9.977267374662736055e-01 3.265294127779720039e-05
1.596039062574351741e-02 1.001398348122888304e+00 3.382027435911383556e-05
-3.843208549115066652e-04 9.999918297256984445e-01 2.547504740547913514e-05
-6.941838020564274070e-02 1.002799172755938217e+00 4.793275697830787105e-05
-4.828784049087701813e-03 9.987665304749682171e-01 2.731997191515078799e-05
1.917000637450757064e-02 1.002564659417556570e+00 4.489387192541623904e-05
-7.366757528827490298e-03 1.000233232469451394e+00 2.422240926039373192e-05
1.026419454772849876e-02 1.001121412987661108e+00 3.036272866014689081e-05
1.129776176485085271e-02 1.002251706493547667e+00 3.785778788651132307e-05
-2.840249111825700681e-02 9.986233374065780488e-01 2.600520921460112089e-05
1.223561283159002241e-02 1.000186863610208032e+00 2.934019099916933794e-05
1.021553802419618295e-02 1.001722252512286859e+00 3.332410011193485001e-05
-2.282942190596897597e-02 1.000039149771662972e+00 2.286165932202480921e-05
4.685398031280174971e-03 9.998451530890137828e-01 2.686848215923213752e-05
1.089462711861102079e-02 1.001869021618537747e+00 3.455996368973646908e-05
1.922666660779100145e-02 1.002513000042564162e+00 4.431518718939959933e-05
-5.169629674034621758e-04 1.000270392889842430e+00 2.551537204006778202e-05
-6.188503805471114172e-02 1.001213361455653761e+00 3.114944428499293987e-05
1.138908683890493129e-02 9.998516916239099661e-01 2.915981809805464898e-05
-3.769514277024586107e-02 9.990462555119588028e-01 2.506471744499836479e-05
-3.830185490549087302e-02 9.989527211204860535e-01 2.547547557506904366e-05
-4.208959826756619726e-03 1.001016662441884142e+00 2.625328551268914159e-05
3.434586979878851559e-03 1.000837230406065093e+00 2.739107735343220503e-05
-4.185124488042357010e-02 9.985679908155195017e-01 2.785524471052583330e-05
-4.221689682715874109e-03 1.000197782533516877e+00 2.472432690023393899e-05
9.724582254949348803e-03 1.000667719581622039e+00 2.891083267075798984e-05
-7.485429475330823701e-02 1.001983311732456583e+00 4.203352246281724739e-05
-2.836997344807514615e-02 9.995206557494025201e-01 2.322816082698314839e-05
1.572147465267552044e-02 1.002523262935951509e+00 4.260740223785506459e-05
1.977951558626189071e-02 1.002681677167903906e+00 4.670792298501515036e-05
1.930783419641618481e-02 1.001703968754376728e+00 3.717543031850380751e-05
-3.487421853287977352e-02 9.982677908832041647e-01 2.861518544493797992e-05
4.759573857767880611e-03 1.000259677159265559e+00 2.683882468781438903e-05
-5.446789124576081886e-02 1.000451283119975443e+00 2.687424669499340310e-05
1.673913323786339197e-02 1.002066348826521791e+00 3.857651004445132657e-05
-7.062452616705582747e-03 9.992749075010599613e-01 2.510265456127403299e-05
9.346239324892865324e-03 1.001575798636374470e+00 3.214304850112696351e-05
1.123088739244386403e-02 1.001963572929581270e+00 3.538444850194272316e-05
-5.246463726729627686e-02 9.999767711759375288e-01 2.617854235406866416e-05
1.316893550488939905e-02 1.000143366166317271e+00 2.971597287525735374e-05
-2.359331724821168985e-02 9.982392213270488979e-01 2.816275598279210937e-05
2.284576273766445592e-02 1.003672814427617688e+00 6.702885086719871579e-05
-2.522951530471390785e-02 9.991226175909714291e-01 2.402457925535003483e-05
7.828841348284905702e-03 1.001955443063689666e+00 3.412047564076034446e-05
-1.007985885670716324e-03 9.993041482166534761e-01 2.626916638119618968e-05
1.409538375819774716e-02 1.001654832945559903e+00 3.441534817551484247e-05
-1.373565011224750498e-03 1.000328881052103824e+00 2.537776697307022653e-05
-1.021174223035383952e-02 9.991226418167442613e-01 2.502670822762160605e-05
1.293241133832864417e-02 1.001025637362696452e+00 3.102731643880168188e-05
-2.403084773101689386e-02 9.985517194156658949e-01 2.628786288126627057e-05
2.200835235988298638e-02 1.002956105703189049e+00 5.204125211635425422e-05
-2.409985108812354865e-02 1.000144296609249306e+00 2.287916946648018153e-05
1.084423734715726090e-02 1.002289219138320142e+00 3.803869432263967004e-05
8.793497254980416067e-03 1.002066763003650607e+00 3.531787635120974033e-05
3.058806518584334180e-03 1.001497997152985819e+00 2.984134760782984375e-05
-1.874288752367282707e-02 9.999128703561914744e-01 2.300809061533619197e-05
1.062537722776593814e-02 1.001488264767204095e+00 3.211832726888949878e-05
-5.333406785423301655e-02 9.993532234680594373e-01 2.743012495484119589e-05
1.656367903735505437e-02 1.002883653302240052e+00 4.771225301301918641e-05
-1.653578720084767500e-02 9.990864814452050657e-01 2.444440021922982900e-05
-7.566973408589891537e-02 1.003636128630810864e+00 6.832322926022740958e-05
1.484175782803658257e-02 1.000714284807934007e+00 3.098420015806622156e-05
-2.678583862830262972e-03 1.001168673292339273e+00 2.707445456078970327e-05
-5.904398135233221434e-02 1.000580120042902088e+00 2.843342469546846667e-05
3.156786759364722111e-03 1.001337378607511264e+00 2.908637124568835792e-05
9.567811802968933382e-03 1.000817142270665538e+00 2.918691670295661767e-05
-3.993061786069972141e-03 1.000993948703326142e+00 2.621850789170948552e-05
1.747602154904817282e-02 1.003033279083781704e+00 5.050406848305104046e-05
1.827366991875373214e-02 1.002390875338636134e+00 4.243709130870473146e-05
-7.944720901126030299e-03 1.000014098043040978e+00 2.406333698206883601e-05
3.362578328192958668e-03 1.001370217150349129e+00 2.929038613335714674e-05
6.551679864057656510e-03 1.000436113779843650e+00 2.752037555583700950e-05
2.756354642342365158e-02 1.004257036656788671e+00 8.954273227428660871e-05
-1.751858564959891951e-02 9.979884455137785215e-01 3.034419693737413630e-05
7.673565954449058230e-03 1.001906564330395710e+00 3.370878449413180908e-05
-4.868255940556712180e-02 1.000800509884246070e+00 2.612927475954857187e-05
2.184268453272333529e-02 1.002828484791842945e+00 5.000021148642731778e-05
6.913234473660864743e-03 1.001179170805861274e+00 2.947859769692836614e-05
-1.586807329016732757e-02 9.993947273066621229e-01 2.374430130426579671e-05
-6.315263477715868379e-02 9.996160738960240266e-01 3.037996552469730162e-05
1.241455077295353787e-02 1.001813160264433789e+00 3.475332537543002003e-05
-1.485528424751401955e-02 1.000128963646990110e+00 2.329151399333505399e-05
2.484478261680829470e-02 1.003534254895312339e+00 6.530112889385712564e-05
-3.849018091895667348e-03 1.000100361407711969e+00 2.475753502951541578e-05
8.530859825496792462e-03 1.001733953183318260e+00 3.281547617733907891e-05
-1.658509399040101334e-02 9.977562308251043399e-01 3.258425209823565005e-05
1.864811178058619831e-02 1.001529480861179655e+00 3.578731802076478023e-05
-6.890463916601455296e-02 1.001095835281315294e+00 3.370118357190455915e-05
-5.913186797183912075e-02 1.001647583264302810e+00 3.236211152794703336e-05
2.561825121763721541e-02 1.003658245563469498e+00 6.897471441335087253e-05
-9.751919653155791123e-03 1.000690265451184890e+00 2.453764790204583193e-05
-2.960469647633211243e-03 1.000644392546174100e+00 2.551249359079007584e-05
1.054293821220439291e-02 1.001470574185313822e+00 3.199667304503837922e-05
-2.449208424474561691e-02 9.986779778608119162e-01 2.566695790164521943e-05
-2.311888009006440869e-02 9.999606591639463860e-01 2.285364541691027119e-05
1.101889366080797440e-02 1.000495673308506639e+00 2.909671208900989646e-05
-4.216891519002359534e-02 9.996048104139405588e-01 2.438426417352474961e-05
-4.117311881184585604e-02 9.988043354859639233e-01 2.653277943855975542e-05
-3.065858003583167568e-02 9.976771208830280679e-01 3.333442991552713815e-05
1.050753195197244236e-02 1.000587240955122637e+00 2.904408378393756005e-05
-2.218306405790231028e-02 9.992327153585408572e-01 2.376451324155698274e-05
2.055366585216395620e-02 1.002307009033789331e+00 4.282669038744152379e-05
-2.169304984828470534e-02 9.993740817710283775e-01 2.346824750276117153e-05
1.511252394981524999e-02 1.002359428171115230e+00 4.053919191203123523e-05
-4.433376013768195595e-02 9.995610874647454791e-01 2.481895604546280313e-05
5.698722539167262735e-03 9.993960226282322390e-01 2.792962487742329681e-05
-4.427042839862788820e-02 9.993679471968465178e-01 2.519136043407984657e-05
9.315297803628198869e-03 1.002007888482257636e+00 3.502768672194237463e-05
-3.845788625822885859e-03 1.000510685115952869e+00 2.511360718701971672e-05
-5.378062499071605690e-02 1.000826567133118905e+00 2.737353141267484107e-05
1.981918149493203801e-02 1.002454615460475207e+00 4.398345111315260649e-05
2.076412632163797400e-02 1.003057006496014925e+00 5.286404274103708969e-05
-6.713583254619347185e-02 1.001019051383241543e+00 3.261195540185471295e-05
1.816917123477892679e-02 1.002365268347992222e+00 4.211164156942579715e-05
-4.148851861056995077e-02 1.000498327964899126e+00 2.432079619254527480e-05
-4.910122400755020239e-02 9.989651205132683565e-01 2.758593753396902190e-05
5.140573864164645068e-03 1.000119240794799635e+00 2.690114981354870793e-05
-7.706429138469458873e-02 1.003778770162513823e+00 7.331046884371411089e-05
-2.637985142628344187e-02 1.000013519586933963e+00 2.284666798656344362e-05
-6.625580240994947967e-02 1.000368084533458379e+00 3.105278707375213416e-05
