1.211489127497079643e+01	1.367074061144304131e-01	2.797683000483896371e-03
1.209480000902127372e+01	2.617227338259352498e-01	3.590321592874022496e-03
1.202591501662608842e+01	2.582003727647750324e-01	4.082469705051794753e-03
1.215345728993443686e+01	5.411180818822487470e-01	0.000000000000000000e+00
1.212105560519234615e+01	1.603877482895893491e-01	5.406332193022424237e-03
1.212551594189095283e+01	1.390471618126143394e-01	3.692749587628049897e-03
1.183236990896260998e+01	6.573001733741873354e-02	0.000000000000000000e+00
1.229148415813156880e+01	6.821407726151877959e-01	0.000000000000000000e+00
1.221000603678893981e+01	3.871449100973110014e-01	2.968746328967916681e-03
1.219790774090621177e+01	1.619263988486243089e-01	2.857826586853254303e-03
1.222207612879004301e+01	3.386299215330618728e-01	4.354498035508577898e-03
1.201525915263834499e+01	1.806433951700852358e-01	2.534985369351423594e-03
1.202040207089810764e+01	2.038099451126432760e-01	2.575795072364016336e-03
1.216512083720851933e+01	1.953270513261636809e-01	3.654511592924830372e-03
1.217044478235964000e+01	4.294322431547363261e-01	0.000000000000000000e+00
1.213243714510891635e+01	3.936310614535427632e-01	4.229656489622193524e-03
1.218593463547970401e+01	3.517619595759891027e-01	3.099646232943719174e-03
1.219604174041739242e+01	4.414149041800235485e-01	0.000000000000000000e+00
1.199446818511422919e+01	1.261984948824507180e-01	2.387609957640871722e-03
1.230064449903342805e+01	5.346911482358569501e-01	0.000000000000000000e+00
1.219981034441030410e+01	3.581342487054389734e-02	0.000000000000000000e+00
1.197303878238245467e+01	2.637043296936412151e-01	4.233022566850941533e-03
1.204188606235479675e+01	3.015628532538960904e-02	0.000000000000000000e+00
1.209407652179490711e+01	4.180673326219815356e-01	0.000000000000000000e+00
1.192045736575829551e+01	2.285543011292434645e-01	2.845009492749794432e-03
1.199950107797940113e+01	1.886321073614165289e-01	3.343634252167959967e-03
1.191152081387029682e+01	1.119330542484407720e-01	2.910463992982931410e-03
1.222835385830668820e+01	1.956631273593877340e-01	2.409541171346936059e-03
1.213677039172023520e+01	4.669194318272973376e-01	0.000000000000000000e+00
1.207568402262648632e+01	4.389251862931756731e-01	0.000000000000000000e+00
1.204898671833764112e+01	6.112177026613765385e-01	0.000000000000000000e+00
1.187048936630598917e+01	1.585614530725204252e-01	2.560353107158032902e-03
1.198235887235598618e+01	2.154401335957807362e-01	2.988759219038150151e-03
1.219000942612061422e+01	1.846543306889997793e-01	2.742485464462802655e-03
1.194098482276850248e+01	3.332049091433162413e-01	2.725582673817939644e-03
1.220090494430124650e+01	4.881990762374707193e-01	0.000000000000000000e+00
1.220636828500865789e+01	2.404169728886205726e-01	2.442332214757409088e-03
1.224644819619157765e+01	3.069227588336192469e-01	5.080477774606792681e-03
1.219636488266055352e+01	3.154996224657968806e-01	3.078157886666613163e-03
1.203080679687016463e+01	3.122713395273474246e-01	4.003229982838058844e-03
1.197527791342883496e+01	3.161974682356253896e-01	2.918277390247987074e-03
1.209478407468601624e+01	1.918796449510836999e-01	5.083911723140007062e-03
1.240539871600117472e+01	7.534485530408945309e-01	0.000000000000000000e+00
1.191933316561011402e+01	2.284035516856103287e-01	2.973865889694754516e-03
1.213045206397235987e+01	4.683774835965735517e-01	0.000000000000000000e+00
1.215138931632656139e+01	6.476130262358661960e-02	0.000000000000000000e+00
1.226003235031114613e+01	4.779760440219273376e-01	0.000000000000000000e+00
1.211892415791060529e+01	3.761091875091254200e-01	3.364807367984346594e-03
1.219753585417500297e+01	4.283442160800436938e-01	0.000000000000000000e+00
1.216674391763026364e+01	7.105360772077830012e-01	0.000000000000000000e+00
1.210352555807832964e+01	1.584625832263735212e-01	3.166418401997092135e-03
1.210189336530259929e+01	2.251898345733777118e-03	0.000000000000000000e+00
1.203230273478901324e+01	1.315341751952905092e-01	3.141414136467088856e-03
1.215192384274570436e+01	1.446443629676670284e-01	2.590556564429645318e-03
1.228913653447452603e+01	3.985307402248736697e-01	6.173064325871687949e-03
1.226940300186337929e+01	3.296228053615815057e-01	3.186550357652841604e-03
1.206162687399328348e+01	5.387325756658208897e-01	0.000000000000000000e+00
1.226850140199508488e+01	4.138272137232240078e-01	0.000000000000000000e+00
1.210190372452658103e+01	1.828357948169773983e-01	5.956370834400139154e-03
1.200374278981257348e+01	3.116312859185912942e-01	4.154100113118171927e-03
1.204511049236564801e+01	2.294122938563765146e-01	3.140562979402047698e-03
1.193049119051763185e+01	1.285758645235267894e-01	3.351940903329352160e-03
1.222976065531124235e+01	1.709471064668242890e-01	2.637015063420975435e-03
1.218287650476730910e+01	5.273849590237668084e-01	0.000000000000000000e+00
1.219352978530600140e+01	3.455725779892286909e-01	5.563787111001877554e-03
1.209720720778329550e+01	3.031744428909021183e-01	3.218695020209792323e-03
1.244087068402519058e+01	7.078142479962405975e-01	0.000000000000000000e+00
1.251193330616328758e+01	1.061164047225419349e+00	0.000000000000000000e+00
1.200183996604793002e+01	3.932871482158768472e-01	2.997936679564764360e-03
1.225735250169940471e+01	5.501105834289440333e-01	0.000000000000000000e+00
1.217118619985504679e+01	6.469652616073174878e-01	0.000000000000000000e+00
1.251007061683406718e+01	7.976604389774073489e-01	0.000000000000000000e+00
1.187834067267681881e+01	1.208587688154683926e-01	2.614943596268372566e-03
1.207637306556927470e+01	8.052901427397429757e-02	0.000000000000000000e+00
1.187386228125725474e+01	1.722950170232051548e-04	0.000000000000000000e+00
1.213764652067455785e+01	5.310307490547678810e-01	0.000000000000000000e+00
1.201794038659682329e+01	5.066782052712289763e-01	0.000000000000000000e+00
1.214605811692228166e+01	6.836510980583238029e-02	0.000000000000000000e+00
1.224125401209377806e+01	6.298896767836900112e-01	0.000000000000000000e+00
1.218114873264395293e+01	7.266016214843550314e-01	0.000000000000000000e+00
1.215098187738816371e+01	3.554396120240194135e-01	2.729026771019712767e-03
1.240106371908594518e+01	6.018577563883555914e-01	0.000000000000000000e+00
1.213820175497818710e+01	5.054793373919352906e-01	0.000000000000000000e+00
1.221375017810029462e+01	2.910813557790416506e-01	3.495355326988255820e-03
1.221838943863126836e+01	1.786010634499357319e-01	2.816662866616467982e-03
1.201575790117634490e+01	8.707437037442389283e-02	0.000000000000000000e+00
1.195602591252129265e+01	3.004077858463510831e-01	2.486790790744768716e-03
1.215997648628266781e+01	5.613887269229664856e-01	0.000000000000000000e+00
1.232189624251146398e+01	8.095177781086482227e-01	0.000000000000000000e+00
1.210327149321253870e+01	5.486437165114844694e-01	0.000000000000000000e+00
1.209414407674288583e+01	5.147481740890164081e-03	0.000000000000000000e+00
1.244456089176980917e+01	6.889458295245629582e-01	0.000000000000000000e+00
1.221345338790804469e+01	4.785286719054715476e-02	0.000000000000000000e+00
1.192569885423786680e+01	3.801287130208870768e-01	2.513188675312208898e-03
1.218905042972349051e+01	6.999591367410334941e-02	0.000000000000000000e+00
1.218649951187962088e+01	2.865705401742872360e-01	4.404819351799277999e-03
1.249317586517995338e+01	8.807576249294142290e-01	0.000000000000000000e+00
1.210546278721163205e+01	8.441870389180564094e-02	0.000000000000000000e+00
1.212301914074240194e+01	2.421710070665999692e-01	2.963531391770325967e-03
1.210385532791471164e+01	2.533150529274956764e-01	3.111495920938133625e-03
1.212384205297454010e+01	3.012003835842183008e-01	2.372629331371664280e-03
1.230827615931254115e+01	5.038878362867817984e-01	0.000000000000000000e+00
1.219709096460531050e+01	2.265985415803861147e-01	3.228915596085636750e-03
1.194005812690273238e+01	3.411835342788637204e-01	2.849813205490025689e-03
1.217294959079117334e+01	4.187714595142546514e-01	0.000000000000000000e+00
1.218940755794452535e+01	8.471179993957747567e-02	0.000000000000000000e+00
1.218289746890687475e+01	5.253667149956526838e-01	0.000000000000000000e+00
1.208865098081963829e+01	4.500869517985815471e-01	0.000000000000000000e+00
1.201545718525842510e+01	2.082854822813243745e-01	4.464595511142662072e-03
1.245421521391180342e+01	7.010169043130763944e-01	0.000000000000000000e+00
1.209346053163031343e+01	1.200479394728829197e-01	3.892512549891573997e-03
1.195959371510859981e+01	1.447944571762568855e-02	0.000000000000000000e+00
1.206515903872411677e+01	5.706818204526815652e-01	0.000000000000000000e+00
1.235245363799270457e+01	5.627662133892976648e-01	0.000000000000000000e+00
1.217747058035965146e+01	5.438422942648760694e-01	0.000000000000000000e+00
1.193749746199142692e+01	1.317482486942956055e-01	3.173355574136471104e-03
1.207178451162745070e+01	1.556409537426997891e-01	3.098460674130339588e-03
1.222119121834162669e+01	1.520935776069102796e-01	2.576634044089337605e-03
1.241109736292207799e+01	6.417081623071962948e-01	0.000000000000000000e+00
1.215491866174540903e+01	5.152380138850851665e-01	0.000000000000000000e+00
1.207553881257008932e+01	6.289055405699235379e-01	0.000000000000000000e+00
1.185519682157868715e+01	1.680124186509078799e-01	3.357512662753495743e-03
1.207934104181712875e+01	4.369234180113024668e-01	0.000000000000000000e+00
1.201899873260536467e+01	1.014732344090833460e-01	3.563390990451154299e-03
1.200825331392340445e+01	5.004310641975528995e-01	0.000000000000000000e+00
1.235502983936115307e+01	6.426251805026426123e-01	0.000000000000000000e+00
1.217427871189842392e+01	3.761297283789900026e-01	3.371033268097112928e-03
1.243018075109164045e+01	7.057588515533420592e-01	0.000000000000000000e+00
1.213482447572500256e+01	5.001984544251660836e-01	0.000000000000000000e+00
1.196030719955273547e+01	1.843783730021896772e-01	3.825550890987079299e-03
1.198598500457053895e+01	4.757014824987401691e-01	0.000000000000000000e+00
1.241622454218748928e+01	6.300826595222573934e-01	0.000000000000000000e+00
1.213928965379346181e+01	1.661501028964925131e-01	5.530706825485945041e-03
1.226432497192943849e+01	3.297936615362553336e-01	5.373287178182564218e-03
1.203594772048302630e+01	6.356145024559740897e-02	0.000000000000000000e+00
1.221494851830607864e+01	1.078848475821922448e-01	6.857597856870480818e-03
1.197091599322344635e+01	4.646781824856791032e-01	0.000000000000000000e+00
1.215066140516829840e+01	4.090763541106594570e-01	0.000000000000000000e+00
1.201541265720893215e+01	2.424836850550842748e-01	8.509916444170382080e-03
1.205402014480740114e+01	9.018985085669445345e-02	0.000000000000000000e+00
1.190739548749665389e+01	3.627285580364582041e-01	2.927460644199515565e-03
1.221567481554831147e+01	9.231809841047672327e-02	0.000000000000000000e+00
1.233467635060718592e+01	5.117430288929303295e-01	0.000000000000000000e+00
1.185586116573201743e+01	4.467595447948446985e-02	0.000000000000000000e+00
1.205842919959813564e+01	5.157397346579140063e-01	0.000000000000000000e+00
1.231431515003894006e+01	5.595536149555667693e-01	0.000000000000000000e+00
1.205159101085737916e+01	3.788504062859135435e-02	0.000000000000000000e+00
1.203450663502749052e+01	5.511927777102153536e-01	0.000000000000000000e+00
1.198603684482066889e+01	4.328865409457581803e-01	0.000000000000000000e+00
1.216436340454480636e+01	3.615085350950731913e-01	2.656648338127570817e-03
1.211549492665495720e+01	9.130727981290187589e-02	0.000000000000000000e+00
1.208759242583309579e+01	6.608942008191744932e-01	0.000000000000000000e+00
1.192978594580755036e+01	2.179972175994343009e-01	6.087942391441660168e-03
1.208225937317113718e+01	3.554062183750044679e-01	5.251484510246338076e-03
1.241003720875931648e+01	9.757314503400152939e-01	0.000000000000000000e+00
1.217783887579556534e+01	2.504926758207848270e-03	0.000000000000000000e+00
1.206514113539720157e+01	6.787965412808665278e-01	0.000000000000000000e+00
1.212432673678293327e+01	3.245153662993948696e-01	2.663611359526520291e-03
1.195961831517972840e+01	1.661933988705457388e-01	2.459275084930703011e-03
1.200315004280840547e+01	3.643576263679713101e-01	2.543330092930743292e-03
1.217357922048899077e+01	1.425759157860347348e-01	5.005937941439077103e-03
1.204840384849270229e+01	3.507238329473696958e-01	2.792190824964573600e-03
1.247143354027883788e+01	7.937059887836683814e-01	0.000000000000000000e+00
1.232219034348247888e+01	4.868598983607552722e-01	0.000000000000000000e+00
1.193283414605989456e+01	2.819042979795554071e-01	4.402415122517266098e-03
1.202894755285653972e+01	2.102804143124974157e-01	2.430343583383940288e-03
1.199423457976639007e+01	3.207499886030166225e-01	2.883124536783999124e-03
1.186965931531936924e+01	2.328537360706093018e-01	3.545925493209813820e-03
1.206777278890474037e+01	1.478438635517169142e-01	3.224643153357565923e-03
1.234448649747719706e+01	5.028217243924676394e-01	0.000000000000000000e+00
1.221998235389867560e+01	6.212215520668326052e-01	0.000000000000000000e+00
1.213004683129556938e+01	6.796589281390600368e-01	0.000000000000000000e+00
1.203665504527729091e+01	2.756460477572099110e-01	5.279969861176000978e-03
1.212608327776525918e+01	3.207330726881277294e-02	0.000000000000000000e+00
1.223196318722167852e+01	3.891387487541966839e-01	3.900088594314840736e-03
1.224632205982283217e+01	2.454884169511380720e-01	3.321127829761094143e-03
1.204088685229151601e+01	4.556647229589281256e-01	0.000000000000000000e+00
1.205525201714904959e+01	1.639783560911123039e-01	2.904196796814641560e-03
1.225384744601386977e+01	4.441742116717309896e-01	0.000000000000000000e+00
1.218585222824363612e+01	5.686144910388684082e-01	0.000000000000000000e+00
1.206689793985322723e+01	3.480216477626535965e-01	4.245779714465266336e-03
1.200204015955779902e+01	2.010880989857333212e-01	5.540737113174783353e-03
1.206792362389568218e+01	2.796863942362453059e-01	2.515349842820804090e-03
1.212973348998201040e+01	1.452609232609094747e-01	2.624477197495657908e-03
1.215327496027201093e+01	4.306497615591400319e-01	0.000000000000000000e+00
1.210811796136894714e+01	4.594007963973801845e-01	0.000000000000000000e+00
1.205843637687000047e+01	3.036874164751492966e-01	3.409811953193792131e-03
1.202363791833530726e+01	1.534653895931943901e-01	6.482666109238598845e-03
1.194848659540015312e+01	3.726938005223475736e-01	2.580885898380741537e-03
1.217632405203067236e+01	4.349210603713175027e-01	0.000000000000000000e+00
1.219834091704864498e+01	3.748428983953800975e-01	2.887426028693188679e-03
1.191534166857663912e+01	3.239778360327495443e-01	2.644172095454906321e-03
1.238797890255583489e+01	1.039304606129182407e+00	0.000000000000000000e+00
1.201581383524504787e+01	6.044653181464398894e-01	0.000000000000000000e+00
1.205545662784799532e+01	1.040659482125928792e-01	2.789001282890434755e-03
1.239319921703576277e+01	1.105399182970641769e+00	0.000000000000000000e+00
1.197529396598344853e+01	4.640260401189080786e-01	0.000000000000000000e+00
1.197444927146700167e+01	1.438398476744739973e-02	0.000000000000000000e+00
1.209438299013793561e+01	7.652926584547453670e-02	0.000000000000000000e+00
1.240582231102630217e+01	7.133603087968378720e-01	0.000000000000000000e+00
1.234379608117992078e+01	5.396043550577609427e-01	0.000000000000000000e+00
1.206191330174121568e+01	5.269075091963117963e-01	0.000000000000000000e+00
1.211727713728945943e+01	5.591319265280241257e-01	0.000000000000000000e+00
1.210284198502955810e+01	3.798503085341444763e-01	3.035889560592593562e-03
1.216035945439467092e+01	5.023763188024968351e-02	0.000000000000000000e+00
1.191357145127828510e+01	3.064965462793879936e-01	8.260609166433148867e-03
1.225193531904512589e+01	5.151915557660886602e-01	0.000000000000000000e+00
1.192688897237828449e+01	2.087981021421940198e-01	2.605383464825979968e-03
1.209583734748261286e+01	6.129194392565547878e-01	0.000000000000000000e+00
1.213408173152187608e+01	4.078522451358420065e-01	0.000000000000000000e+00
1.203520985822184208e+01	5.070272803377786630e-01	0.000000000000000000e+00
1.200023859992628594e+01	2.134603336379370664e-01	2.520916131754721064e-03
1.208351855805588926e+01	5.075622074287788887e-02	0.000000000000000000e+00
1.191446878673667342e+01	1.611223416273710463e-01	3.349795053001073612e-03
1.203115063553708453e+01	5.349367764375805301e-01	0.000000000000000000e+00
1.220995525358792300e+01	1.829609492676494975e-01	6.455904015143359813e-03
1.216799708437802430e+01	1.452628476013657632e-01	3.261507185342829487e-03
1.186246132198937886e+01	1.479544871365703618e-01	3.079423361303120204e-03
1.204041317979429770e+01	3.569788699462865811e-01	4.943391833388045310e-03
1.222278112526961991e+01	7.961304901238982490e-01	0.000000000000000000e+00
1.223979331221032751e+01	8.165399446698718977e-01	0.000000000000000000e+00
1.219432776517071204e+01	2.434138827829941953e-01	3.105261107113805024e-03
1.208542605912171730e+01	2.321159744895883725e-01	3.887279986599913306e-03
1.221319900626874322e+01	5.575871822296454283e-01	0.000000000000000000e+00
1.239779898973205974e+01	7.113452644506546019e-01	0.000000000000000000e+00
1.214137443369203773e+01	2.813184641561080612e-01	3.475662143172695510e-03
1.210031906686287506e+01	2.449496739533792988e-01	4.363585266152037595e-03
1.194151141262832283e+01	3.721628669167621473e-01	3.178192116165737442e-03
1.216523212514787211e+01	4.198692433367868793e-01	0.000000000000000000e+00
1.211530382100642278e+01	1.598894756810531892e-01	2.577381878817392672e-03
1.240090028290239310e+01	6.416807708305003466e-01	0.000000000000000000e+00
1.193328917674264389e+01	2.179612944646961981e-01	5.403636797680046872e-03
1.236647791044152100e+01	7.136561996435342170e-01	0.000000000000000000e+00
1.195583570404037665e+01	4.327886191529604631e-01	0.000000000000000000e+00
1.218116414385529289e+01	3.589600980295872823e-01	4.040319715340813175e-03
1.248117926079856055e+01	7.191449274156060945e-01	0.000000000000000000e+00
1.216874010195367362e+01	4.112846541297434100e-01	0.000000000000000000e+00
1.218604380712046265e+01	1.163581779336043676e-01	2.960788808317741955e-03
1.204145539821243638e+01	4.075719860928994076e-01	0.000000000000000000e+00
1.222614435608363692e+01	3.072045200072027193e-01	2.372045470448489769e-03
1.221320693048561701e+01	1.511980105919114303e-01	2.547999715647577667e-03
1.208154485806136513e+01	6.019668751760279823e-01	0.000000000000000000e+00
1.189694781522317513e+01	2.546608752130591347e-01	3.578556803084600221e-03
1.196584975661583350e+01	3.646384556152859058e-01	2.729217809350889187e-03
1.213755563881685440e+01	3.713045349120761007e-01	2.758437736853528582e-03
1.213941211138052267e+01	5.050395659929407532e-01	0.000000000000000000e+00
1.211043204627348047e+01	1.085228697278373955e-01	2.626542897633002156e-03
1.228390373361692411e+01	6.956142418816078088e-01	0.000000000000000000e+00
1.187898856704059547e+01	1.383939425759667108e-01	5.936959192207789081e-03
1.246602353301263655e+01	7.967159984546641205e-01	0.000000000000000000e+00
1.222833614885007236e+01	4.123470251964076461e-01	0.000000000000000000e+00
1.193950095878511952e+01	1.188884039790343849e-01	4.073875960075772594e-03
1.213180174255955990e+01	6.398371413893437776e-01	0.000000000000000000e+00
1.189372937797762830e+01	1.645042376549784580e-01	3.186693913396739311e-03
1.237153936630460471e+01	8.921567370377404549e-01	0.000000000000000000e+00
1.199448745272913008e+01	1.857202007539260069e-01	4.861902916840005369e-03
1.210563279350156840e+01	3.066858053928674388e-01	3.120412583161021134e-03
1.225471159802289733e+01	3.008420635863136572e-01	2.520227524839067489e-03
1.215601989129584304e+01	2.938964129963609340e-01	2.677928353855159576e-03
1.225150625958426609e+01	3.291066496131473951e-01	2.773025935759267091e-03
1.209957126144277240e+01	3.886106747744680345e-02	0.000000000000000000e+00
1.252430276771756823e+01	9.933817633868350372e-01	0.000000000000000000e+00
1.213799832127772937e+01	7.536071585711747733e-01	0.000000000000000000e+00
1.244607337743594044e+01	8.423016750007865650e-01	0.000000000000000000e+00
1.236058027144323646e+01	8.294103265906844769e-01	0.000000000000000000e+00
1.186696085025095471e+01	5.381808138539734276e-02	0.000000000000000000e+00
1.227752674863899429e+01	3.394951444489676118e-01	2.433508859996836356e-03
1.196189372336696977e+01	2.286229338923549959e-01	2.762082521010142053e-03
1.191587901568605190e+01	1.401768127716676582e-01	3.424746943637179460e-03
1.208116186896998911e+01	4.109062913552014029e-01	0.000000000000000000e+00
1.207300163325034781e+01	1.162289848047948770e-01	2.717348929789349752e-03
1.225375386682264001e+01	8.770260581665627608e-01	0.000000000000000000e+00
1.191986773237090880e+01	4.180002649353429245e-01	0.000000000000000000e+00
1.200179895386354012e+01	3.142876235069087532e-01	2.675506301043554039e-03
1.211087484903377920e+01	2.239700211373562566e-01	3.242455743744385513e-03
1.213718723596685223e+01	4.864411753836793695e-01	0.000000000000000000e+00
1.228678766143633183e+01	3.857798687097661050e-01	1.561634856349739323e-02
1.203320750894626023e+01	4.622072675664905539e-01	0.000000000000000000e+00
1.187388656567396694e+01	2.802128465645847277e-01	1.049257252808401958e-02
1.224927713992956591e+01	7.526469329322704738e-01	0.000000000000000000e+00
1.211125215803182087e+01	1.360102562924506986e-01	2.898287410775856731e-03
1.197980570236284414e+01	2.569914824800923481e-01	2.450532793111438127e-03
1.198039691987552402e+01	2.338184239343025217e-01	4.647114422910854706e-03
1.213479421361912713e+01	6.563884353841689112e-01	0.000000000000000000e+00
1.213603676731227843e+01	5.099175075652843114e-01	0.000000000000000000e+00
1.222030803458093473e+01	5.883278764078258005e-01	0.000000000000000000e+00
1.213218622638463984e+01	4.060353036631185741e-01	0.000000000000000000e+00
1.191089341763417586e+01	1.192298584750970947e-01	2.830828874380456137e-03
1.207895408815195637e+01	2.832465504047143590e-01	2.713008459441850709e-03
1.226246906399331138e+01	6.149366591692797535e-01	0.000000000000000000e+00
1.202564248887977172e+01	8.529840177621889064e-02	0.000000000000000000e+00
1.216569519305227765e+01	4.823885722593995729e-01	0.000000000000000000e+00
1.207976519602297216e+01	1.459223533757537938e-01	2.546079930758459592e-03
1.198939151969560868e+01	5.262716472143563751e-02	0.000000000000000000e+00
1.206796607147029832e+01	4.140955154389295290e-01	0.000000000000000000e+00
1.197015291836025241e+01	3.206748470703497111e-01	2.393096078585548597e-03
1.211330455715751420e+01	5.689379118059878504e-01	0.000000000000000000e+00
1.223790481419423948e+01	4.609220305853558020e-01	0.000000000000000000e+00
1.214666108873217354e+01	8.251689950499729864e-02	0.000000000000000000e+00
1.213019590376569035e+01	9.473299538042403989e-02	0.000000000000000000e+00
1.222476434587326999e+01	3.179127128617889042e-01	4.831312952126075831e-03
1.225603653450956543e+01	7.092281612523141376e-01	0.000000000000000000e+00
1.217270455037039945e+01	4.841668671589828277e-01	0.000000000000000000e+00
1.198229655841857877e+01	3.967240216634023708e-01	3.117411950937677180e-03
1.211617489306485318e+01	1.118104167690470163e-01	2.439170208579644495e-03
1.214497528497688705e+01	5.882357399795936637e-01	0.000000000000000000e+00
1.218729482527348118e+01	6.973113602455461857e-01	0.000000000000000000e+00
1.209526019546294862e+01	3.098339500693220172e-01	2.995869556526623793e-03
1.209361109346275676e+01	3.674968945041129365e-01	4.487665197621770567e-03
1.189276768251498773e+01	3.101205903199832914e-01	3.559869534653573378e-03
1.207531573364885702e+01	6.393871425375445838e-01	0.000000000000000000e+00
1.216058547280401214e+01	6.049232710669711910e-01	0.000000000000000000e+00
1.222119546888961494e+01	1.257498973367713047e-01	2.570101569380279453e-03
1.212956409258191570e+01	3.211390410152024089e-01	2.737382990071908148e-03
1.206270544091936792e+01	1.616187668878208694e-01	3.098771165752643546e-03
1.200057151230942232e+01	3.644095291755662380e-01	3.323038943415761691e-03
1.196975409480545061e+01	3.265765586875852833e-01	4.877894124915925500e-03
1.184955477523288714e+01	1.198200909285627169e-01	3.617638786609016482e-03
1.218593404922725298e+01	1.530117662694153169e-01	3.887120763190730650e-03
1.197951896991491694e+01	5.096281327736296163e-01	0.000000000000000000e+00
1.190822169422299481e+01	3.107014624117919732e-01	4.309136244887095714e-03
1.209086834976331559e+01	1.774610792118906100e-01	3.705050434544031063e-03
1.209870619119173973e+01	5.473367582981500945e-01	0.000000000000000000e+00
1.204166422312336593e+01	5.061629392679602990e-01	0.000000000000000000e+00
1.192050082325654792e+01	2.145064721464181590e-01	2.720943465487571638e-03
1.193678556188049455e+01	1.178105247532331562e-01	3.070283977995531821e-03
1.210640992951772077e+01	6.316259377665376373e-01	0.000000000000000000e+00
1.195069672010262352e+01	2.705464002085855024e-01	2.769286615969898495e-03
1.228500157808163706e+01	6.396330673170865788e-01	0.000000000000000000e+00
1.208637745750001713e+01	4.023801858513936791e-02	0.000000000000000000e+00
1.216740636084902150e+01	3.033233321845684172e-01	3.607441623284629063e-03
1.206174862399406322e+01	5.231816117188863302e-01	0.000000000000000000e+00
1.207743972337829419e+01	3.793126413138006026e-01	3.724946330182376478e-03
1.201680824629656463e+01	2.933267148241857636e-01	2.375998206460732450e-03
1.227749058976088214e+01	4.557701174115312837e-01	0.000000000000000000e+00
1.188922653067851520e+01	3.220196031939197012e-01	3.958763279264703935e-03
1.210103569571202087e+01	3.263543177630952030e-01	3.827444249088502153e-03
1.236472162136344721e+01	8.808298691131988267e-01	0.000000000000000000e+00
1.270294429479845988e+01	1.061273624675192151e+00	0.000000000000000000e+00
1.209831436878222632e+01	7.229449648781802740e-01	0.000000000000000000e+00
1.197113140329850012e+01	7.395187797537482177e-02	0.000000000000000000e+00
1.224388879974655531e+01	5.412167487870971350e-01	0.000000000000000000e+00
1.202215254631757979e+01	3.112892249512040355e-01	2.898436859814845952e-03
1.208264343960751575e+01	7.037878816165734630e-01	0.000000000000000000e+00
1.205531235359101139e+01	4.833458233619274402e-01	0.000000000000000000e+00
1.202342501942129971e+01	4.708801304175447289e-03	0.000000000000000000e+00
1.190442641181219940e+01	1.517659993316034794e-01	4.183315908522226151e-03
1.201550203293162156e+01	4.929215841074587878e-01	0.000000000000000000e+00
1.227521400323240108e+01	5.868602995730896055e-01	0.000000000000000000e+00
1.218136272502950668e+01	7.987470279714703469e-02	0.000000000000000000e+00
1.191036565064840502e+01	4.711713309777826320e-02	0.000000000000000000e+00
1.195058704509457748e+01	2.186330838076118166e-01	2.456770685838450749e-03
1.240800835850615691e+01	6.502447587225914649e-01	0.000000000000000000e+00
1.199591395963942553e+01	1.961149392242095280e-03	0.000000000000000000e+00
1.208631778299973902e+01	3.342314812316867778e-01	4.590993534344306459e-03
1.210243439689662814e+01	5.152046728035586387e-02	0.000000000000000000e+00
1.221984866477481191e+01	6.453152651547451324e-01	0.000000000000000000e+00
1.203846127512071185e+01	1.075224609188752262e-01	2.953311905712976970e-03
1.198842558692647842e+01	1.771238019463408919e-01	2.364828189803676057e-03
1.220782134130966057e+01	1.616774804671896881e-01	2.446132426036238140e-03
1.230767232643939302e+01	6.332659828750307751e-01	0.000000000000000000e+00
1.205955758804724098e+01	4.876940490786155213e-02	0.000000000000000000e+00
1.191148226156137113e+01	1.118547521327212246e-01	2.723041106075274262e-03
1.219629856392065115e+01	4.142690989990457928e-01	0.000000000000000000e+00
1.214445980466707198e+01	2.643722659392538921e-01	8.737019717451716475e-03
1.232312344461731612e+01	6.807449780245296012e-01	0.000000000000000000e+00
1.197706544832840514e+01	3.810834646180547014e-01	2.452628053443455924e-03
1.199811437151615223e+01	2.594922295498640619e-01	4.702530467865752122e-03
1.230625074259457996e+01	5.012470761709206801e-01	0.000000000000000000e+00
1.209500121655457150e+01	2.989139935082968380e-01	9.207557861630698975e-03
1.223013683438191457e+01	5.255879292120385626e-01	0.000000000000000000e+00
1.198553212166658533e+01	2.192838558306149377e-01	3.620983846875342783e-03
1.213906166974303247e+01	1.224801885498125187e-01	3.440557462432188799e-03
1.197598362139671124e+01	1.128993266544523477e-01	3.586206746229358023e-03
1.211070382906448017e+01	4.091562594359129390e-01	0.000000000000000000e+00
1.219389585701753020e+01	3.165496111395332823e-01	3.032578501873413237e-03
1.193798355635172292e+01	1.913340444264645390e-01	2.371874926867079993e-03
1.186230028836186357e+01	7.051089793188669574e-02	0.000000000000000000e+00
1.189218651467342092e+01	9.175859545459184863e-02	0.000000000000000000e+00
1.203652882156066184e+01	3.081530156548800692e-01	2.377330959218338421e-03
1.194101430977691614e+01	1.040273930164595240e-01	7.029225026604167710e-03
1.212379654321162015e+01	4.251251357931673525e-02	0.000000000000000000e+00
1.211694929942777499e+01	2.525395826783005115e-01	3.122117690009136842e-03
1.202026276779821323e+01	3.866376855447600791e-01	5.642401272729627090e-03
1.204777306042249840e+01	9.610918558037249981e-02	0.000000000000000000e+00
1.214755948413136011e+01	7.671265552996314740e-01	0.000000000000000000e+00
1.197380636946103571e+01	1.696781478313995617e-01	3.113781967196906694e-03
1.236743723794605287e+01	5.604582949016458926e-01	0.000000000000000000e+00
1.193018115021027192e+01	4.051175054233713824e-01	0.000000000000000000e+00
1.235010152406613138e+01	5.884946727132081001e-01	0.000000000000000000e+00
1.199921622788149378e+01	1.092075689934542404e-01	2.721602123544862757e-03
1.224143636121672785e+01	5.053797713453427320e-01	0.000000000000000000e+00
1.209176863740410290e+01	5.992228232507860186e-01	0.000000000000000000e+00
1.215801562341259334e+01	7.654004215642696840e-01	0.000000000000000000e+00
1.187346491166022489e+01	1.540467628055769422e-01	3.862184361061669555e-03
1.219236577252181597e+01	3.843669408745612470e-01	3.586379629808178048e-03
1.202555045760250607e+01	3.210138072118791097e-01	2.649041309405081833e-03
1.213231363028401688e+01	2.669541524462540893e-01	7.968560600833137983e-03
1.214679815861316747e+01	2.029994470396724038e-01	2.377061802709950350e-03
1.216196327385925713e+01	2.247988703383184128e-01	3.057484703195020512e-03
1.201326389606392198e+01	9.811734389581375226e-02	0.000000000000000000e+00
1.202009860997307200e+01	3.667478738131674798e-01	3.393445478122969743e-03
1.222399418459189668e+01	6.730458991908643274e-01	0.000000000000000000e+00
1.227748494092861264e+01	5.769395326879924735e-01	0.000000000000000000e+00
1.199450927889863294e+01	4.533031030045805432e-01	0.000000000000000000e+00
1.223003422594078771e+01	2.338762537917675743e-01	3.840062706192358486e-03
1.211602538655214722e+01	3.987319480809770056e-02	0.000000000000000000e+00
1.208462280775341924e+01	4.004234446395079083e-01	0.000000000000000000e+00
1.223559538844125960e+01	6.097449420475862247e-01	0.000000000000000000e+00
1.210119786785480223e+01	3.592917437704409300e-01	4.204721979872094728e-03
1.218263283209234693e+01	3.610032443523419898e-01	5.867377268723467966e-03
1.194695548161229226e+01	2.469634120177434666e-01	3.332299923960073754e-03
1.208473934961195617e+01	7.857763877875975633e-02	0.000000000000000000e+00
1.208581555410562736e+01	2.398811652536372852e-01	2.732789324402786109e-03
1.205610490446556504e+01	2.314413071823404056e-01	2.730618940824417699e-03
1.214069567630095037e+01	2.781361920120574149e-01	2.891807533938298234e-03
1.215776751610422224e+01	2.997647773443131713e-01	4.100662164796668729e-02
1.203769891841760753e+01	2.724834500804405035e-01	2.480241647991282376e-03
1.201602967916224785e+01	4.705423557087787811e-01	0.000000000000000000e+00
1.221699778363359812e+01	6.612706300165299700e-01	0.000000000000000000e+00
1.222491787080280368e+01	3.777856794146375874e-01	4.216634318303487221e-03
1.227106379501720390e+01	4.012971316429438939e-01	0.000000000000000000e+00
1.186038716535783522e+01	1.834909669941000021e-01	5.552115853659246418e-03
1.221031522175560724e+01	2.787680567773275220e-01	3.079064216891291665e-03
1.190806969627751855e+01	1.225761863864717194e-01	3.583709172200068901e-03
1.190851052237294816e+01	3.512391554159883245e-01	2.696654201792017709e-03
1.204786293577733680e+01	1.868941629673989135e-01	3.114886160639380574e-03
1.247879769541147610e+01	9.344657612055969897e-01	0.000000000000000000e+00
1.202133533481978311e+01	2.180284408982778588e-01	5.236454105595550294e-03
1.197245354485108493e+01	1.070096480891293556e-01	3.624703609106717274e-03
1.200665583312449769e+01	3.603767688946286629e-01	2.911000963997264351e-03
1.234408765423678034e+01	5.983181989075141427e-01	0.000000000000000000e+00
1.226663174458625249e+01	3.461472490519665324e-01	2.443037367897623290e-03
1.199451192308527148e+01	5.217375566818351906e-01	0.000000000000000000e+00
1.221564177323963740e+01	1.380004029411611433e-01	3.461691940229986563e-03
1.209680099062281933e+01	1.365955980479580667e-01	3.343833625805797856e-03
1.219812583020261698e+01	3.838343089414097964e-01	8.319473567795044461e-03
1.212412429580465911e+01	4.789119810753880713e-02	0.000000000000000000e+00
1.213355993959359047e+01	3.178482089727615034e-01	2.917457989175968602e-03
1.217498112643158770e+01	6.162521365988942179e-01	0.000000000000000000e+00
1.215943760458202050e+01	1.162768197795251701e-01	3.043967374632787753e-03
1.190982481617892574e+01	8.574975986836175235e-02	0.000000000000000000e+00
1.202410143032197887e+01	1.381215140589616419e-01	8.200168311022408216e-03
1.207606599830670469e+01	5.164678959735402586e-02	0.000000000000000000e+00
1.211734384193012914e+01	6.996489028095929097e-01	0.000000000000000000e+00
1.245345764897516894e+01	8.331059462395944415e-01	0.000000000000000000e+00
1.219064305295612982e+01	4.362241013721858685e-01	0.000000000000000000e+00
1.259044146286147026e+01	8.621981569639127763e-01	0.000000000000000000e+00
1.193452094571613387e+01	1.705736281329265358e-01	2.463270417940957059e-03
1.226421117815753092e+01	8.819061412703786962e-01	0.000000000000000000e+00
1.224244208096785513e+01	4.351928226272790967e-01	0.000000000000000000e+00
1.206112061159808668e+01	5.116278847663208174e-02	0.000000000000000000e+00
1.206067313370785676e+01	5.455083003372108719e-01	0.000000000000000000e+00
1.230724122737851012e+01	7.360110711412681805e-01	0.000000000000000000e+00
1.194398074803328846e+01	3.687439231403868423e-01	8.239731879624035207e-03
1.209399130474044881e+01	6.913540025053378779e-02	0.000000000000000000e+00
1.221947109398420750e+01	6.763725424687547227e-02	0.000000000000000000e+00
1.187317807191226038e+01	1.990202258306347782e-01	3.310119696290228855e-03
1.192431266499502485e+01	2.221610611782444955e-01	2.370187903766001435e-03
1.205997962490072695e+01	3.916764939141589852e-01	2.371344247474337519e-03
1.215904961535196449e+01	5.174318833941685680e-01	0.000000000000000000e+00
1.239323778159726785e+01	6.012169346910639645e-01	0.000000000000000000e+00
1.222054702680882698e+01	2.276338077575062457e-01	3.691562031626940011e-03
1.223632787234156361e+01	3.938014560033788469e-01	3.304869652724666627e-03
1.226904114763745035e+01	3.298387193099620029e-01	3.976180880126001758e-03
1.203155621153481825e+01	3.358003356028566033e-01	3.243220282735587764e-03
1.213129233840348142e+01	6.515659425248744308e-01	0.000000000000000000e+00
1.223984668301966039e+01	2.971635075138647220e-01	3.597010912273539140e-03
1.223807364639397655e+01	6.395379814712178757e-01	0.000000000000000000e+00
1.216578619586855403e+01	2.606435131821902007e-01	3.996433058024942246e-03
1.202180379774504715e+01	4.903946591449923620e-01	0.000000000000000000e+00
1.206318916193766100e+01	2.806306058276151205e-01	6.413946390188225710e-03
1.189082267788061031e+01	1.988772797292256422e-01	4.571748881654374985e-03
1.220137416668650765e+01	1.869596156092855899e-01	2.390790290331959705e-03
1.222741235747197308e+01	4.787167664462430028e-01	0.000000000000000000e+00
1.212313466828740971e+01	2.822747012699481917e-01	2.782888233703149135e-03
1.194849917939551176e+01	4.802332194623052386e-01	0.000000000000000000e+00
1.214963468444639361e+01	1.221448474579910209e-01	2.867499487212173733e-03
1.251957699456706230e+01	1.025914855578848428e+00	0.000000000000000000e+00
1.203709501530773629e+01	4.847672075267877023e-01	0.000000000000000000e+00
1.205145685106879050e+01	1.769235994784298105e-01	3.140913168631018389e-03
1.217176394773183112e+01	7.491913396476161946e-01	0.000000000000000000e+00
1.219454857450287122e+01	2.489069356144808232e-01	3.225821124954753819e-03
1.193081751566854898e+01	1.096944372006772722e-01	3.411562918694656301e-03
1.222389090773795850e+01	6.217109891813313860e-01	0.000000000000000000e+00
1.204808227663518139e+01	2.505184525547191621e-01	3.027006849059498544e-03
1.210207584919244894e+01	4.505184597919117961e-01	0.000000000000000000e+00
1.195172646510553527e+01	3.283724026684386454e-01	3.913864373954123281e-03
1.224042924369409313e+01	6.621027492931017555e-01	0.000000000000000000e+00
1.197923166183735155e+01	3.400822071487067388e-01	5.535212410187943799e-03
1.195662293442290469e+01	8.856504195690170778e-02	0.000000000000000000e+00
1.232321890775158479e+01	5.364576098445228425e-01	0.000000000000000000e+00
1.185913258704174744e+01	1.596356152110158522e-01	1.237019770955400180e-02
1.214803143566252430e+01	4.940504271539456482e-01	0.000000000000000000e+00
1.216044361388957817e+01	2.358731812989406373e-01	5.775242840757186837e-03
1.205032915609931088e+01	4.892391482897247568e-01	0.000000000000000000e+00
1.219181660209665452e+01	6.768026281199106542e-01	0.000000000000000000e+00
1.224569336974771616e+01	5.390930720172715240e-01	0.000000000000000000e+00
1.205882036454413431e+01	5.672882484216535959e-01	0.000000000000000000e+00
1.204497097915277060e+01	1.645773483065366971e-01	3.178274033822423624e-03
1.197620732090219953e+01	3.112988587687014475e-01	2.919611204116706084e-03
1.211419991104741634e+01	7.633927347762628490e-02	0.000000000000000000e+00
1.205314418430741519e+01	6.243892970652082930e-01	0.000000000000000000e+00
1.219589436734847787e+01	2.174406209343825169e-01	2.528374611280992737e-03
1.210149588857123071e+01	2.380713080209732047e-01	2.403540374238851297e-03
1.194416537576436177e+01	1.643778648265155629e-01	3.650083860043748605e-03
1.208860265332535988e+01	4.637672044666139026e-01	0.000000000000000000e+00
1.210078764574073418e+01	4.499141741457107213e-01	0.000000000000000000e+00
1.207860919612140549e+01	3.478846747010707618e-01	2.409910914841789480e-03
1.215797372489066142e+01	3.124817523739688019e-01	3.138869918214618349e-03
1.194722242193632411e+01	2.028712292449313392e-01	3.791026859517243695e-03
1.194367730350544221e+01	4.089177215164837564e-01	0.000000000000000000e+00
1.198924069972992434e+01	9.626011375493814803e-02	0.000000000000000000e+00
1.203507277640683348e+01	4.256196587683377386e-01	0.000000000000000000e+00
1.209411279368977787e+01	3.168476067212126490e-01	2.488748047527098405e-03
1.219617786602389131e+01	2.838352474054554597e-01	2.505711676322990543e-03
1.204040964818800852e+01	3.734183012508781041e-01	3.486222614095293472e-03
1.199068129601664268e+01	3.019605778355939352e-01	8.026938251150228174e-03
1.228132134968754308e+01	5.327133283884895043e-01	0.000000000000000000e+00
1.225009970630627798e+01	4.930539317933914090e-01	0.000000000000000000e+00
1.206567508997006399e+01	5.303277442119687102e-01	0.000000000000000000e+00
1.202678854791961705e+01	2.724447251845842910e-01	4.153438685500235317e-03
1.214161191264810746e+01	1.548022046474599178e-01	3.785254041213012653e-03
1.222995409447005066e+01	2.250763456989954003e-01	2.429291480965683168e-03
1.226245189397497093e+01	4.089574122436453463e-01	0.000000000000000000e+00
1.200667001637613751e+01	2.506209154464679179e-01	2.429852210245823062e-03
1.187507453316572992e+01	8.557663434027348859e-02	0.000000000000000000e+00
1.195129675556210280e+01	3.945740976620904505e-01	3.114802220997978013e-03
1.210649871211092155e+01	1.726380693325886284e-01	4.826962670236203089e-03
1.194050193228224543e+01	2.327795854008758436e-01	2.383036106390773630e-03
1.219720144356848124e+01	4.564141025718762013e-01	0.000000000000000000e+00
1.210887419445787749e+01	9.878019010150196344e-02	0.000000000000000000e+00
1.189057139649810857e+01	3.346788352177918480e-01	2.509385397568304494e-03
1.199931461686600542e+01	3.516181295121328931e-02	0.000000000000000000e+00
1.195737040047518640e+01	1.157149669063170933e-01	2.756732972697168924e-03
1.210245559283183603e+01	3.445854475488627222e-01	2.532341751968991000e-03
1.202213166803888456e+01	1.821301227041181581e-01	1.901728823150150918e-02
1.222890051385829757e+01	5.640822742678783808e-01	0.000000000000000000e+00
1.219534544766029249e+01	1.137563692253708569e-01	4.696589073070229700e-03
1.212558416330307232e+01	5.829008573924139291e-01	0.000000000000000000e+00
1.225110595996244811e+01	4.152146868099747534e-01	0.000000000000000000e+00
1.199490235497118995e+01	2.685587849500642443e-01	2.406523888698138339e-03
1.222827834723840823e+01	7.022606468914341926e-01	0.000000000000000000e+00
1.229452877979712078e+01	5.493072444922495468e-01	0.000000000000000000e+00
1.220416464089745823e+01	2.262142049957708845e-01	3.116093369931775218e-03
1.217931065533388058e+01	2.714692005256454932e-01	2.558843269749748461e-03
1.222310691709294694e+01	5.510561033848033752e-01	0.000000000000000000e+00
1.203883742036605042e+01	3.325245689285530881e-01	2.822318549519809306e-03
1.220678752176334569e+01	3.768579703893366051e-01	2.411328002354418219e-03
1.216372959129679643e+01	7.140325862102772647e-02	0.000000000000000000e+00
1.210462993934477360e+01	5.977234179921588897e-01	0.000000000000000000e+00
1.200762849126388332e+01	3.029354282318973968e-01	3.238534435456087799e-03
1.199213460781082574e+01	4.153365307397133277e-01	0.000000000000000000e+00
1.230377237039820670e+01	4.056475377768394841e-01	0.000000000000000000e+00
1.221310696044373323e+01	1.860460147932536945e-01	3.614137831281583838e-03
1.202539016308690378e+01	8.581371255273240184e-02	0.000000000000000000e+00
1.210709142289342566e+01	4.208666468930620796e-01	0.000000000000000000e+00
1.231991721278312646e+01	5.293255788100507120e-01	0.000000000000000000e+00
1.193890549112096089e+01	6.301420898912063473e-02	0.000000000000000000e+00
1.207368158971657657e+01	1.728272906357839755e-01	2.878546544351805875e-03
1.203240193712353623e+01	3.641541382839759700e-01	2.444619586403868478e-03
1.185796504168856025e+01	1.506577341155306837e-01	4.342196883893945439e-03
1.214630229666353856e+01	7.535578179232671481e-02	0.000000000000000000e+00
1.198648287244183486e+01	2.697981624462212347e-01	2.487340578234558969e-03
1.204265381820327896e+01	2.050555515599759571e-01	4.778073884813869611e-03
1.205239156614138984e+01	6.270631154652399619e-01	0.000000000000000000e+00
1.213886712559961900e+01	4.746779936075299355e-01	0.000000000000000000e+00
1.225525622726141428e+01	6.294335960021177900e-01	0.000000000000000000e+00
1.184993819843849217e+01	2.011898587143499395e-01	4.956904744279269984e-03
1.200228294572803733e+01	2.042540928793466215e-01	3.601302225032963419e-03
1.199771093560578983e+01	5.147574697585810544e-01	0.000000000000000000e+00
1.220474198201297789e+01	6.180453344790128867e-01	0.000000000000000000e+00
1.220361356712981582e+01	3.540321188413420028e-01	5.075278749050683366e-03
1.209363682339106028e+01	7.179256336080166445e-01	0.000000000000000000e+00
1.214622887506788196e+01	3.157248560913550328e-01	4.303140848803828009e-03
1.208806667942326030e+01	2.624342562230683740e-01	1.434195388320392769e-02
1.230886352923678828e+01	6.468402611950947456e-01	0.000000000000000000e+00
1.205612767833829224e+01	6.045108287712485096e-01	0.000000000000000000e+00
1.230174632945769631e+01	9.440905240880725913e-01	0.000000000000000000e+00
1.214905705904457456e+01	4.718117951674306587e-01	0.000000000000000000e+00
1.226661904002322068e+01	7.277050248266964116e-01	0.000000000000000000e+00
1.203230824000013754e+01	9.912136986541419947e-02	0.000000000000000000e+00
1.211162731830873440e+01	4.263615699226519506e-02	0.000000000000000000e+00
1.253410378551168947e+01	7.937984406418245875e-01	0.000000000000000000e+00
1.224267160749352534e+01	3.197587614094229980e-01	4.448365386494191817e-03
1.228496210403582012e+01	4.745811513276052551e-01	0.000000000000000000e+00
1.221530735210612129e+01	5.382984799763749217e-01	0.000000000000000000e+00
1.226469476822162541e+01	3.179095184890775028e-01	3.570032737749951734e-03
1.238557798635404517e+01	8.116129178449282833e-01	0.000000000000000000e+00
1.234475120747084098e+01	6.461454168562026368e-01	0.000000000000000000e+00
1.206428542072831256e+01	5.767424589585705696e-01	0.000000000000000000e+00
1.215873157301086316e+01	3.052925617731944152e-01	3.070399003521859585e-03
1.192166410794997589e+01	1.673618117170870834e-01	3.231837247794907414e-03
1.224965899572040229e+01	3.764110998091819704e-01	2.501633754288214856e-03
1.218085760098580650e+01	3.317167973537483716e-01	2.812766845978780916e-03
1.228886842307865734e+01	5.510027562826631531e-01	0.000000000000000000e+00
1.232596895082442323e+01	6.079240473698823699e-01	0.000000000000000000e+00
1.202198761173612596e+01	3.572904623337814778e-01	6.715990111631660320e-03
1.231284606759454725e+01	9.418284725116089495e-01	0.000000000000000000e+00
1.226453970298399021e+01	8.525384463369802823e-01	0.000000000000000000e+00
1.216038023530777146e+01	7.906878522409290788e-01	0.000000000000000000e+00
1.240939134106313624e+01	6.803481732075322697e-01	0.000000000000000000e+00
1.219475090207088641e+01	4.428857806262430641e-01	0.000000000000000000e+00
1.224546238487547534e+01	6.696405185344467270e-01	0.000000000000000000e+00
1.236566194444195865e+01	6.013995765166355589e-01	0.000000000000000000e+00
1.240799829852807257e+01	6.956750037329710867e-01	0.000000000000000000e+00
1.202036573188130220e+01	1.517250637759871290e-01	2.983029128662837651e-03
1.212342157012325394e+01	1.472690153435999294e-01	2.909202249512252061e-03
1.211353403706434761e+01	2.423610733984251364e-01	2.408339982917751757e-03
1.216349242707686606e+01	3.004541675027632142e-01	3.481782896386123854e-03
1.208927952828446095e+01	2.461896955048474833e-01	3.348628555587916146e-03
1.223824226090825995e+01	4.757926977437045291e-01	0.000000000000000000e+00
1.215677366230904433e+01	2.316376844537279545e-01	6.693092573300109087e-03
1.212442410652399438e+01	3.851648002503850754e-01	2.946415723883616649e-03
1.205611672395693823e+01	1.659265394029124097e-01	2.369868488314094256e-03
1.201080358329213027e+01	2.745469596749663954e-01	3.087113139500807010e-03
1.223298277004076340e+01	6.190071262744190062e-01	0.000000000000000000e+00
1.216724530498395929e+01	2.792143153725993865e-01	2.836364335029535003e-03
1.227739127893641680e+01	4.085773937796969846e-01	0.000000000000000000e+00
1.225793699999399244e+01	4.219635095864887608e-01	0.000000000000000000e+00
1.220143426018385568e+01	3.087372602053242154e-01	4.146269936409946281e-03
1.247878934207408719e+01	8.628710953269854711e-01	0.000000000000000000e+00
1.217398950189844165e+01	4.370744690216360473e-02	0.000000000000000000e+00
1.210281761952896851e+01	3.940146161884603426e-01	3.023663995481940588e-03
1.198709043066786251e+01	5.462393302899881675e-01	0.000000000000000000e+00
1.212657318525838690e+01	2.561270043927869056e-01	3.234281572725081644e-03
1.195211731087369778e+01	4.855576228742146672e-01	0.000000000000000000e+00
1.227989231265759962e+01	3.826916851558789801e-01	3.787657806733098122e-03
1.197373060318786919e+01	3.958974596433328941e-01	2.797387445849080882e-03
1.213777994756825507e+01	2.694308783168745114e-01	2.802696555521552290e-03
1.208893609943454805e+01	4.818298453039349116e-02	0.000000000000000000e+00
1.227486043482873690e+01	5.073448541380568555e-01	0.000000000000000000e+00
1.236907191088362978e+01	5.815356622861380664e-01	0.000000000000000000e+00
1.190443270982830271e+01	5.004325954152574751e-02	0.000000000000000000e+00
1.227317373364595454e+01	3.736005485284418226e-01	2.734662707208702741e-03
1.215095956827121526e+01	3.091122009706001594e-01	2.915371537965041372e-03
1.207623736298273087e+01	2.838487351659993441e-03	0.000000000000000000e+00
1.206761111036109213e+01	2.848053313581471180e-01	2.532665129775240383e-03
1.195936962687821392e+01	1.027477588716698975e-01	3.392443988483142756e-03
1.195483796424952594e+01	2.944770073913252073e-01	3.434461749983774934e-03
1.205517986857155499e+01	1.179546073699692110e-01	3.963214088922469708e-03
1.190967530629222892e+01	2.671073092521150660e-01	2.509365405506026707e-03
1.216607979165088516e+01	5.983581913734098423e-01	0.000000000000000000e+00
1.201476594467297154e+01	3.034834465001620130e-01	6.878567684364247925e-03
1.230954552310541317e+01	7.245524596246391003e-01	0.000000000000000000e+00
1.195353980973599128e+01	3.737797767490175227e-01	2.963946179661031133e-03
1.203910050651641939e+01	3.105731014284326963e-02	0.000000000000000000e+00
1.186198786492143853e+01	2.406414877799555319e-01	2.465136804066702693e-03
1.228439653293714429e+01	4.736512496915397108e-01	0.000000000000000000e+00
1.228101546843712555e+01	6.453861323126237615e-01	0.000000000000000000e+00
1.227804955688963062e+01	6.641941210653005134e-01	0.000000000000000000e+00
1.200029028631466055e+01	3.469427209438165072e-01	3.480416022248042449e-03
1.217811031382520248e+01	3.921721191533222850e-02	0.000000000000000000e+00
1.205305036528644536e+01	3.608311677984477606e-01	8.302140749377646262e-03
1.244339328370268127e+01	7.557568178577949158e-01	0.000000000000000000e+00
1.214594801288617987e+01	4.045092821248363890e-02	0.000000000000000000e+00
1.236569943169699926e+01	7.492594532174701172e-01	0.000000000000000000e+00
1.186736222856724332e+01	1.085971015421113434e-01	3.238401981917000960e-03
1.215521209089865096e+01	6.387007772605812761e-01	0.000000000000000000e+00
1.220393474946394541e+01	1.893951590475463631e-01	2.745355250259156818e-03
1.184087992379872567e+01	5.546083096285547853e-02	0.000000000000000000e+00
1.194139567481541242e+01	4.501119206874095585e-02	0.000000000000000000e+00
1.212729359770594684e+01	3.055235762956701739e-01	4.138520019642852148e-03
1.207768305569034339e+01	3.489598064238778052e-01	4.148037911653339009e-03
1.194700922764552864e+01	3.391928345629499630e-01	3.076312306839225786e-03
1.211887381450265799e+01	5.589041651922628251e-01	0.000000000000000000e+00
1.244718415451442972e+01	7.397501286844325730e-01	0.000000000000000000e+00
1.233009966341320407e+01	6.940107700350089948e-01	0.000000000000000000e+00
1.234998726842225025e+01	6.562607412285927921e-01	0.000000000000000000e+00
1.212722534922112239e+01	4.882406657443039699e-01	0.000000000000000000e+00
1.204465066631674830e+01	2.263528473264607987e-01	2.418541009420338388e-03
1.223978020712252324e+01	2.356042151050703470e-01	3.694261338054808004e-03
1.192103080454958608e+01	1.602268222592747315e-01	3.346977099326362351e-03
1.231008166721665376e+01	8.697482207436456614e-01	0.000000000000000000e+00
1.213071274952268119e+01	4.503027583355190266e-03	0.000000000000000000e+00
1.189848130797768810e+01	1.963008878931554457e-01	2.774136052975383158e-03
1.210754759493555888e+01	3.373727264198055908e-01	2.905547958835915691e-03
1.192941313650943336e+01	1.193738078627376575e-02	0.000000000000000000e+00
1.231024106936975393e+01	5.061467196206244079e-01	0.000000000000000000e+00
1.188785897553604265e+01	2.407160836811267912e-01	3.677703025925493571e-03
1.206267751468386074e+01	3.727598347853121052e-01	2.832506013495217356e-03
1.201245726860790519e+01	1.601607416538108619e-01	5.777588027657867484e-03
1.224312083508355542e+01	4.618319444965399700e-01	0.000000000000000000e+00
1.200529818340175758e+01	1.436611132745892749e-01	2.406411717738060185e-03
1.222308041435990766e+01	2.372609052056389722e-01	3.586594262151407593e-03
1.235852169624038943e+01	8.053411990784763441e-01	0.000000000000000000e+00
1.205512712795853147e+01	1.599007398963345761e-01	2.429709381295900184e-03
1.215064503105295302e+01	7.580091028234029471e-01	0.000000000000000000e+00
1.191832923452877502e+01	3.566058288897304696e-01	3.036848986594181329e-03
1.202297358889306977e+01	4.735882504420318995e-02	0.000000000000000000e+00
1.222976606503103802e+01	2.710368220171505138e-01	2.540868522827930201e-03
1.208800014624203278e+01	2.911531946167986717e-01	7.706617053744127012e-03
1.250605952193981096e+01	7.605558353161145924e-01	0.000000000000000000e+00
1.207202519531153939e+01	1.291731956580748353e-01	4.558045770986860444e-03
1.211354497184908752e+01	6.012211577342829738e-01	0.000000000000000000e+00
1.192492084279577291e+01	4.457873563714292997e-02	0.000000000000000000e+00
1.233760394219209111e+01	8.643737157427637818e-01	0.000000000000000000e+00
1.188783254585195515e+01	2.969883853363103343e-01	4.127960393357097725e-03
1.196762084154727823e+01	4.175851762591675786e-01	0.000000000000000000e+00
1.220577713880372706e+01	4.456731507674123738e-01	0.000000000000000000e+00
1.207137584521471574e+01	4.686621732171876165e-01	0.000000000000000000e+00
1.221425767903004100e+01	6.671061202707811999e-02	0.000000000000000000e+00
1.205059853591884966e+01	1.592837808738212235e-02	0.000000000000000000e+00
1.215172785585099646e+01	1.581254916194632654e-01	2.837655708242087585e-02
1.201899313449911588e+01	4.255758686934277835e-01	0.000000000000000000e+00
1.230287702571653519e+01	4.671368388525868331e-01	0.000000000000000000e+00
1.219647830396500332e+01	7.992665088626507708e-02	0.000000000000000000e+00
1.197961883120370530e+01	1.781121756916001775e-01	2.450538025096231885e-03
1.188218847212053575e+01	1.829897013975466946e-01	3.964253629265094940e-03
1.228871806918997933e+01	7.663226566582921340e-01	0.000000000000000000e+00
1.202628197416370703e+01	2.794352383539470686e-01	2.770660251841394403e-03
1.214498282906331994e+01	1.967797881671756177e-01	2.760914188726904927e-03
1.207084947260245578e+01	1.850381762318993317e-01	3.075152238594067080e-03
1.216734347044700648e+01	6.658269958616129525e-02	0.000000000000000000e+00
1.219894575273772119e+01	4.161638414579559853e-01	0.000000000000000000e+00
1.198543128334787866e+01	1.309745345928933213e-01	2.500334661061143649e-03
1.228449999209686361e+01	6.909938466364458076e-01	0.000000000000000000e+00
1.202443227705215634e+01	5.803719602182998427e-01	0.000000000000000000e+00
1.217955355101761938e+01	1.721998674033108356e-01	6.136960411746950235e-03
1.225008213545755886e+01	3.956182697528347614e-01	2.846322593978087723e-03
1.193719471047949021e+01	1.629010897508517963e-01	4.158028841503461775e-03
1.206898822278965966e+01	1.466594904550774237e-01	3.109315475094737938e-03
1.195419000378979213e+01	1.133910758726059953e-01	2.615622392027405069e-03
1.220541819470397904e+01	1.549377637312081002e-01	2.679272325487051278e-03
1.207072330479447153e+01	4.311783537370601493e-01	0.000000000000000000e+00
1.227452461646509541e+01	3.417129811444173382e-01	3.022844665328368145e-03
1.189974373382875861e+01	1.641565880318197057e-01	3.065472455988403795e-03
1.199893777557173102e+01	2.313641853003385040e-01	4.416981115881107173e-03
1.213812339853073929e+01	3.179158126101332971e-01	3.074781646421752886e-03
1.211043272506672785e+01	4.345003121392032597e-01	0.000000000000000000e+00
1.211747076597067796e+01	6.563442078050694128e-01	0.000000000000000000e+00
1.221117319366157972e+01	2.295402891117339639e-01	2.643138088677192497e-03
1.228095644137028764e+01	5.099384346464421736e-01	0.000000000000000000e+00
1.213651822569016758e+01	4.959144751729199774e-01	0.000000000000000000e+00
1.214109652225867286e+01	2.469326131674698943e-01	3.032760196715735945e-03
1.219833131353819411e+01	1.286979950981045062e-01	3.445661960041788291e-03
1.202360898701800096e+01	5.910802325220160247e-01	0.000000000000000000e+00
1.197928291576576143e+01	4.418775862749670935e-01	0.000000000000000000e+00
1.198586540813469981e+01	2.348137542739642813e-01	2.732885462420721074e-03
1.201813052242602886e+01	1.349299472876191175e-01	4.293408272402105506e-03
1.199408897924346284e+01	3.102729564956545616e-01	2.435677086959239963e-03
1.199239117658243359e+01	4.346516782680945878e-01	0.000000000000000000e+00
1.185918271266617907e+01	1.987608669375935389e-01	2.359854206303491856e-03
1.196536344560072251e+01	1.828475435666137572e-01	3.228514702200814893e-03
1.218138372752126664e+01	3.727820464522277888e-01	4.831154833985496812e-03
1.190443110927134995e+01	1.347767886661882519e-01	8.892005866547106341e-03
1.199003395428604613e+01	3.766639959558255590e-01	3.988431595908135084e-03
1.194269032443574652e+01	4.638409026764197529e-01	0.000000000000000000e+00
1.199345691189295771e+01	5.273047541739913635e-01	0.000000000000000000e+00
1.241315454347565783e+01	6.240222493341629484e-01	0.000000000000000000e+00
1.194320817264104129e+01	1.535421165677647581e-01	3.749561680234037280e-03
1.210194586405920525e+01	3.622036305966847558e-01	4.254742363100628283e-03
1.187828980084398367e+01	9.114862425273978497e-02	0.000000000000000000e+00
1.216032796901179225e+01	3.297909831526187330e-01	5.108131029456672474e-03
1.206841014229208398e+01	6.504107847356610517e-02	0.000000000000000000e+00
1.207801036414275053e+01	6.585779713898165522e-01	0.000000000000000000e+00
1.207902880108058596e+01	3.052474078760713527e-01	3.791910808835316764e-03
1.216705561518503487e+01	1.310617282666826089e-02	0.000000000000000000e+00
1.203974062003260315e+01	5.319930319534342811e-01	0.000000000000000000e+00
1.195703687085033096e+01	3.481781101703723125e-01	1.098416799923312114e-02
1.197652309538653981e+01	1.344930133417091556e-01	3.051534348606418749e-03
1.197972029205989664e+01	1.488968357877072379e-01	3.021702748448596310e-03
1.225593428345436386e+01	5.067018543948569320e-01	0.000000000000000000e+00
1.197276324405461700e+01	2.359976056745523021e-01	6.191097959936301028e-03
1.215875128770394653e+01	3.305632436590408840e-01	3.250161279228392687e-03
1.212899626656214203e+01	4.548875085884418468e-03	0.000000000000000000e+00
1.231973885616023878e+01	9.629374420223415498e-01	0.000000000000000000e+00
1.203395079834269232e+01	4.117767806139981390e-01	0.000000000000000000e+00
1.194825717619099059e+01	6.101694534225404754e-03	0.000000000000000000e+00
1.224767433081806089e+01	5.548633336445966124e-01	0.000000000000000000e+00
1.206028917944839307e+01	4.794402668156143021e-01	0.000000000000000000e+00
1.199553923175705705e+01	8.430298305065861419e-02	0.000000000000000000e+00
1.235253994270353672e+01	5.947177690410032636e-01	0.000000000000000000e+00
1.224441875837456983e+01	6.828758980887164043e-01	0.000000000000000000e+00
1.209928203962888027e+01	4.350443406903040655e-01	0.000000000000000000e+00
1.205559829072427469e+01	1.229270748576090505e-01	2.737550546109199581e-03
1.216431074428661674e+01	2.623209480055321841e-01	3.197796104212543254e-03
1.198673680913803885e+01	8.489588270657347224e-02	0.000000000000000000e+00
1.215154549243613147e+01	2.482276582636983864e-01	1.392666017753848261e-02
1.221162249287457158e+01	3.507792905731425548e-01	4.339824654700493410e-03
1.220571959900086867e+01	4.931289474314320964e-02	0.000000000000000000e+00
1.199988841273386697e+01	5.470475468150031162e-01	0.000000000000000000e+00
1.199333287727938746e+01	5.402001979141962673e-01	0.000000000000000000e+00
1.221185683324511650e+01	4.136611407622642900e-01	0.000000000000000000e+00
1.212155494284044721e+01	4.778487009913651717e-01	0.000000000000000000e+00
1.220470723350168285e+01	5.847034047289145775e-01	0.000000000000000000e+00
1.216766832444365143e+01	2.383422630126786623e-01	4.262862958335522992e-03
1.193658086786851946e+01	4.368495683062110224e-01	0.000000000000000000e+00
1.193812769231633553e+01	1.018181910587182271e-01	2.513170460209580414e-03
1.225891463415950611e+01	3.391681003178793619e-01	3.563734478704612234e-03
1.215942896469787726e+01	3.834060446516707188e-01	3.628897718011395417e-03
1.198714599471267306e+01	2.889854046438952162e-01	2.442765842860929008e-03
1.223543386446619152e+01	2.568528112616856873e-01	2.406659203838489719e-03
1.196273905010869498e+01	1.196551749384912045e-01	3.018219186197023882e-03
1.205755246550882553e+01	4.597266983716971067e-01	0.000000000000000000e+00
1.192236619480422455e+01	3.572355272618892852e-01	3.298990484953410237e-03
1.221010112428846384e+01	2.400698889844388728e-01	3.591785601470847637e-03
1.216292454526376332e+01	8.838461194456637138e-02	0.000000000000000000e+00
1.221990859176521838e+01	3.245844170518801253e-01	2.666145555795967383e-03
1.216773495948792139e+01	8.711280318568755121e-02	0.000000000000000000e+00
1.194919960968557504e+01	2.358307518324609386e-02	0.000000000000000000e+00
1.215154640261983410e+01	9.684917131938236556e-02	0.000000000000000000e+00
1.219169879948666413e+01	6.430689361256963776e-01	0.000000000000000000e+00
1.218483586350113512e+01	1.143294877318267733e-01	2.733326220368295992e-03
1.213127242158180330e+01	1.973921784140346136e-01	6.698653244851510320e-03
1.234135447499959071e+01	5.793792189294473260e-01	0.000000000000000000e+00
1.189303605938597741e+01	1.066056149830743177e-01	4.376165326219509308e-03
1.230112245289592998e+01	3.990987461694995297e-01	3.972221807865980447e-03
1.221483326921074131e+01	8.064378328132930651e-01	0.000000000000000000e+00
1.213727454199499789e+01	1.637914599864016552e-01	2.753860930233721551e-03
1.186843741529852636e+01	1.255057186427650517e-01	5.933965426654996302e-03
1.195375900249624657e+01	3.476551081209605099e-01	2.627778927408840580e-03
1.195681984212121307e+01	2.557253442021289458e-01	3.563508921184659322e-03
1.226372283427240539e+01	6.448295329617402816e-01	0.000000000000000000e+00
1.228362443081476485e+01	3.737290065567936415e-01	3.462906817142912333e-03
1.223425930585527510e+01	6.587295523728808888e-01	0.000000000000000000e+00
1.193294357764898983e+01	2.514996168493551787e-01	3.343238983559216823e-03
1.239066077982429981e+01	6.426163976945709067e-01	0.000000000000000000e+00
1.198937553028573255e+01	1.423679231190022598e-04	0.000000000000000000e+00
1.188201403688004731e+01	1.867116295001434167e-01	4.086191702945508528e-03
1.205990940013662183e+01	6.654498076735909651e-01	0.000000000000000000e+00
1.248493717188809171e+01	8.045348788932187301e-01	0.000000000000000000e+00
1.222641361537242943e+01	4.623863072972931865e-01	0.000000000000000000e+00
1.187896305089458693e+01	7.386400412272341176e-02	0.000000000000000000e+00
1.226276378173133352e+01	7.762356152913759688e-01	0.000000000000000000e+00
1.193115348724807667e+01	3.126536478644562078e-01	3.406909426621695935e-03
1.188118237079341455e+01	2.251610177832615023e-01	3.825696603498028852e-03
1.188071441437467435e+01	9.714648927345891083e-02	0.000000000000000000e+00
1.217394501098737614e+01	1.347522056742077867e-01	2.460298072860793439e-03
1.188536991187411651e+01	2.966210058127104476e-01	3.559026418779584651e-03
1.226122600510204563e+01	4.426716077987651321e-01	0.000000000000000000e+00
1.201964413059305592e+01	4.048142429967578337e-01	0.000000000000000000e+00
1.214051723086181767e+01	4.104478156930269073e-01	0.000000000000000000e+00
1.229481662433798128e+01	6.800109201741179055e-01	0.000000000000000000e+00
1.232856293152789995e+01	7.327957407504283038e-01	0.000000000000000000e+00
1.218028944011920700e+01	6.799481106547446974e-01	0.000000000000000000e+00
1.205461708851707847e+01	2.465116471023691691e-01	2.843004094645584443e-03
1.232768862133855059e+01	5.904492655102649978e-01	0.000000000000000000e+00
1.199928121117448221e+01	3.817620035965076375e-01	2.956937786729859404e-03
1.208121196363096672e+01	3.998412283656405108e-01	2.575326385587582874e-03
1.210185571432399243e+01	9.264077825588387660e-02	0.000000000000000000e+00
1.210742902986507197e+01	2.131324248255383191e-01	2.410808496257537629e-03
1.220179815028350490e+01	4.846708302654853529e-01	0.000000000000000000e+00
1.207483591106670318e+01	4.381061245473191756e-01	0.000000000000000000e+00
1.225761337819172603e+01	7.990452371931608955e-01	0.000000000000000000e+00
1.198266830514881853e+01	1.206157640727740649e-01	3.471316174305442807e-03
1.208030326772251861e+01	3.571075687238927654e-01	5.566950432638397527e-03
1.225169093491926020e+01	4.004131015555034145e-01	0.000000000000000000e+00
1.210759334074522720e+01	1.832912010006958470e-01	3.766201605163764423e-03
1.221367157809351589e+01	2.786913853191497759e-01	2.636444693350707084e-03
1.242693275267031616e+01	7.416227903012776457e-01	0.000000000000000000e+00
1.197612682332036016e+01	1.466044536282520017e-01	1.997413974755739979e-02
1.206601077515626130e+01	2.240198894641242389e-01	3.863593853061428156e-03
1.213643726982022564e+01	8.651863262350088790e-02	0.000000000000000000e+00
1.188453997528005956e+01	4.224882834805659959e-02	0.000000000000000000e+00
1.208570900714635066e+01	1.960329095181451708e-01	4.769691634453486657e-03
1.195578122413325950e+01	4.399771455702988776e-02	0.000000000000000000e+00
1.188565328256538223e+01	1.710061716609675153e-01	8.637965041729284144e-03
1.217294791326906811e+01	1.500991070403218386e-01	2.556184080139319633e-03
1.194372071663931223e+01	2.655062063287959018e-01	2.541605827408744116e-03
1.206965979095027208e+01	5.243296246769346691e-02	0.000000000000000000e+00
1.222539444029066225e+01	7.217557723895535737e-01	0.000000000000000000e+00
1.226990651383656683e+01	4.104380708870304373e-01	0.000000000000000000e+00
1.194813592531399671e+01	2.064208160746170972e-01	6.887630682222454365e-03
1.199439822647071097e+01	2.183991830066438211e-01	4.471754189508041731e-03
1.197237389466785906e+01	4.288576865407828231e-01	0.000000000000000000e+00
1.228070102194842228e+01	5.440508771831309431e-01	0.000000000000000000e+00
1.198703568868339708e+01	2.111228355433759085e-01	2.464782256705627238e-03
1.188740784232034109e+01	7.146500119781967753e-02	0.000000000000000000e+00
1.224933555431487520e+01	3.313500633962664921e-01	4.261243040240251731e-03
1.211769015694730456e+01	5.785442089267989196e-01	0.000000000000000000e+00
1.198827771162020994e+01	5.431880913004640821e-01	0.000000000000000000e+00
1.191171270425614104e+01	1.918253979745406512e-01	3.370602101064393719e-03
1.214986605819005661e+01	5.279742582221793601e-01	0.000000000000000000e+00
1.221098723004300091e+01	2.683083650559607847e-01	2.381019450432128072e-03
1.219138560235571056e+01	2.468769556039005497e-01	4.634860975917938671e-03
1.210027008925085923e+01	2.385736376071961595e-01	2.543103833797940964e-03
1.211686086879332258e+01	1.752786081152233333e-01	8.150617008358972126e-03
1.202384150069841162e+01	1.206385514954404908e-01	3.264855178655346694e-03
1.232458482625813723e+01	6.780924855830438025e-01	0.000000000000000000e+00
1.206675971047714491e+01	5.691962719900950374e-01	0.000000000000000000e+00
1.206074050147559618e+01	1.074006734889118991e-01	1.017131530113697835e+00
1.205420469474014844e+01	1.986407300286230360e-02	0.000000000000000000e+00
1.201379589213324017e+01	1.811215030693713035e-01	2.736581262534546269e-03
1.230057093551350000e+01	4.271335552947916336e-01	0.000000000000000000e+00
1.198353177984040840e+01	4.980374894278193354e-01	0.000000000000000000e+00
1.197194790200324910e+01	2.773485048201589920e-01	3.569699940921869461e-03
1.212124898916302307e+01	3.147615285523829298e-01	2.403586128750772721e-03
1.225236156902953688e+01	7.251266494932335771e-01	0.000000000000000000e+00
1.235827110363620740e+01	5.418293376510924242e-01	0.000000000000000000e+00
1.210065853976359129e+01	2.988112196671209864e-01	3.464825697412265895e-03
1.213118084965978660e+01	3.577096179530336317e-01	3.468443064454913502e-03
1.212907469725649712e+01	5.649083400236812880e-01	0.000000000000000000e+00
1.183990974792917150e+01	1.320561353407246896e-01	2.594972527996512474e-03
1.218091327173962490e+01	2.662027634396518239e-01	1.080173286532050414e-02
1.206976515480403300e+01	5.181425768612133442e-01	0.000000000000000000e+00
1.231591614120526046e+01	8.778030363099126321e-01	0.000000000000000000e+00
1.190089568547987575e+01	1.346843025625741319e-01	4.228802760372355612e-03
1.223208679234718765e+01	1.729467620205563660e-01	2.764764964375236635e-03
1.217817035744959320e+01	7.038090052108854078e-01	0.000000000000000000e+00
1.204786944730467013e+01	2.946622090872557109e-01	2.416928906791379877e-03
1.201962349265999919e+01	4.362594887432834634e-01	0.000000000000000000e+00
1.193002188222812876e+01	9.675314415488955877e-02	0.000000000000000000e+00
1.198498598582455976e+01	4.729236147417972269e-01	0.000000000000000000e+00
1.206807407168679092e+01	4.332611908080167273e-01	0.000000000000000000e+00
1.233461156016407223e+01	7.017649762721760442e-01	0.000000000000000000e+00
1.221886994397169524e+01	3.387930271575665953e-01	2.621579650134711007e-03
1.227976588062050212e+01	4.026882930440071062e-01	0.000000000000000000e+00
1.226244510738218096e+01	3.160245313518078025e-01	4.883874058530371376e-03
1.199490280347505688e+01	2.216201513316380378e-01	3.954365334469908851e-03
1.225919758847769536e+01	4.376921492735983410e-01	0.000000000000000000e+00
1.205684841864019674e+01	2.744477916139529960e-01	2.405335024475793119e-03
1.242058102388240748e+01	7.116611089604374385e-01	0.000000000000000000e+00
1.210805767335205729e+01	4.689893643772581333e-01	0.000000000000000000e+00
1.229649688987762879e+01	5.625759002225894090e-01	0.000000000000000000e+00
1.244869264748162330e+01	7.283104514865428314e-01	0.000000000000000000e+00
1.188246363099989367e+01	1.467128198516370885e-02	0.000000000000000000e+00
1.220890074094695166e+01	2.212066471697018422e-01	3.282673658954583882e-03
1.211221691931614686e+01	2.163047893846671288e-01	2.889241197176476393e-03
1.225647886639480078e+01	4.958212494298324113e-01	0.000000000000000000e+00
1.213578071322498531e+01	7.097532385351759676e-02	0.000000000000000000e+00
1.221780583295523925e+01	2.326466993358919377e-01	2.645887407785655048e-03
1.203277168085103099e+01	4.551971370540331963e-01	0.000000000000000000e+00
1.207394587306397860e+01	1.304990264303337033e-01	2.801672679339485550e-03
1.212571092436934883e+01	5.573680435993906279e-01	0.000000000000000000e+00
1.209525618544190273e+01	7.111031382278532043e-01	0.000000000000000000e+00
1.215469741091638056e+01	2.891619482673465913e-02	0.000000000000000000e+00
1.211162789971638176e+01	4.634029989142347539e-01	0.000000000000000000e+00
1.195648289489513161e+01	5.221621822403293978e-02	0.000000000000000000e+00
1.213583141263540099e+01	2.615352582394896985e-01	2.480201434259459142e-03
1.201821004943966464e+01	5.659888054796794465e-01	0.000000000000000000e+00
1.202786256416377064e+01	2.049075180784319938e-01	2.626558213899226214e-03
1.219135571766614135e+01	4.129983203411337622e-01	0.000000000000000000e+00
1.220004998438222898e+01	1.799888589444208487e-01	2.891796034214643134e-03
1.211857346201030516e+01	1.809010262457785290e-01	4.191114420818995226e-03
1.230903873244729141e+01	4.530201718893228091e-01	0.000000000000000000e+00
1.196620697093616670e+01	2.881421693860931610e-01	1.804237804059354369e-02
1.205869288150800145e+01	5.445242171126385422e-01	0.000000000000000000e+00
1.206286499119807054e+01	4.212262378185928080e-01	0.000000000000000000e+00
1.191531385514317343e+01	1.703070024059657739e-01	2.522571808982554484e-03
1.227248308812427879e+01	3.672547405972955703e-01	3.164983153530753768e-03
1.210210948565180367e+01	3.423360965768593722e-01	5.617737901029315646e-03
1.217094975503178134e+01	5.173986949407463620e-02	0.000000000000000000e+00
1.216334502775922566e+01	2.089331543317871076e-01	4.649185769740840635e-03
1.232455655593658150e+01	6.063649971610690637e-01	0.000000000000000000e+00
1.234382319375976067e+01	6.665571494885113024e-01	0.000000000000000000e+00
1.204065738201389912e+01	5.062011926330483025e-01	0.000000000000000000e+00
1.202806810534114490e+01	4.814945644341245279e-02	0.000000000000000000e+00
1.212386783477530905e+01	6.288245649475017185e-01	0.000000000000000000e+00
1.190449369786696998e+01	3.153372692065922189e-01	2.532170229296750678e-03
1.238040158932418855e+01	7.676751785662345728e-01	0.000000000000000000e+00
1.192732512515621401e+01	1.186416234708572159e-01	3.812672076311513121e-03
1.226728801219198495e+01	5.398868054956156293e-01	0.000000000000000000e+00
1.235064628624107996e+01	5.313125133357975427e-01	0.000000000000000000e+00
1.190408928617066664e+01	1.646339627037105291e-01	3.795049449220264277e-03
1.220559261406126339e+01	5.807596796692826580e-02	0.000000000000000000e+00
1.238736072494968532e+01	5.968589972159543677e-01	0.000000000000000000e+00
1.210885360130973076e+01	6.961903842808636611e-01	0.000000000000000000e+00
1.193111188220602159e+01	1.741379129521501701e-01	2.531264487658282762e-03
1.229242239316526941e+01	4.724242254669639429e-01	0.000000000000000000e+00
1.206634670278821631e+01	3.321418362403639746e-01	2.898365953415010104e-03
1.219407020097007077e+01	2.688791692963178326e-01	6.760691459316024547e-03
1.223095162850495576e+01	1.561874080107292784e-01	3.018611542392153797e-03
1.192098117597180362e+01	3.858012376164698942e-01	3.677418693786131416e-03
1.185745641601853784e+01	1.169692161060735813e-01	7.770658371110017448e-03
1.224103129430728920e+01	6.213654346527703876e-01	0.000000000000000000e+00
1.211261741222292088e+01	2.745004416412449300e-01	2.958178897633577040e-02
1.203565152971097163e+01	1.500616015951744542e-01	2.472664421894105007e-03
1.228909890840869679e+01	4.432138357844739307e-01	0.000000000000000000e+00
1.188173788230130512e+01	2.249526613804455899e-01	6.955768911608925693e-03
1.218032620550697587e+01	1.165968677492536243e-01	2.441363756451943832e-03
1.185453754728312781e+01	1.204226659527588561e-01	2.815435409163112926e-03
1.227850260020242601e+01	6.225505956956858267e-01	0.000000000000000000e+00
1.208034203728800904e+01	5.153289086269393637e-01	0.000000000000000000e+00
1.188879746979494278e+01	3.452714335718420902e-02	0.000000000000000000e+00
1.225725332901270370e+01	6.198334458322629636e-01	0.000000000000000000e+00
1.221364727385052795e+01	9.107751110349554535e-02	0.000000000000000000e+00
1.217092572838114961e+01	4.127940810929960902e-01	0.000000000000000000e+00
1.206903373338090013e+01	3.076681793930827746e-01	2.537695923165054351e-03
1.199462907257401767e+01	5.279470639642520613e-01	0.000000000000000000e+00
1.204581410349172188e+01	3.371821807720990494e-01	4.566478496269001271e-03
1.233804394146193140e+01	5.108547980330673255e-01	0.000000000000000000e+00
1.193818670524448144e+01	4.176913190270941656e-01	0.000000000000000000e+00
1.217723244858610876e+01	7.325078996108860818e-02	0.000000000000000000e+00
1.227817424522121392e+01	4.241339220835910750e-01	0.000000000000000000e+00
1.214823478841673499e+01	4.137151027256508184e-01	0.000000000000000000e+00
1.199316869380707296e+01	5.530269704089124660e-02	0.000000000000000000e+00
1.195968155984549597e+01	2.395194464055567518e-01	3.081221537244190848e-03
1.197821655487664572e+01	3.010602199132526025e-01	2.580782724481364872e-03
1.234737388725378437e+01	7.190443645581078291e-01	0.000000000000000000e+00
1.224533291182915207e+01	2.820127633380415944e-01	2.447470250634643883e-03
1.227934923546301782e+01	3.725233068969777128e-01	4.253750840025189751e-03
1.223664831451609203e+01	1.957590895173046408e-01	4.213373486655626679e-03
1.189038248187840807e+01	1.087066368672277850e-01	3.970442475243550484e-03
1.230412078769211703e+01	4.984342895899837034e-01	0.000000000000000000e+00
1.191433322357212354e+01	1.053205750208294766e-01	3.934649800315138078e-03
1.198908762061918942e+01	5.320254699514971319e-01	0.000000000000000000e+00
1.185092767826429494e+01	1.643346694929900820e-01	4.976745142062628455e-03
1.226756747402294856e+01	3.946921268737700883e-01	2.669579987274919419e-03
1.222657683488121449e+01	5.154478146953602735e-01	0.000000000000000000e+00
