2.522642906848304636e-03 1.000009301911412019e+00 2.647729223324737412e-05
3.447852416335625211e-03 1.000015407020110603e+00 3.185413477015233740e-05
-3.090940463549623953e-04 1.000000468409322885e+00 2.938187169361037573e-05
1.679659750845793539e-03 1.000001885669385304e+00 2.857116521123083622e-05
1.292328846277277996e-03 1.000000879708015544e+00 2.765570641135289069e-05
8.425583116177933971e-04 1.000000774268345882e+00 2.620119888096279369e-05
2.850973076461222038e-03 1.000011281178369016e+00 2.774151507052362401e-05
3.378140369297610683e-03 1.000015113761173469e+00 3.133984976929587009e-05
2.692538641821972268e-03 1.000010699993598262e+00 2.705017519686895165e-05
1.706017016659013789e-03 1.000002068522177545e+00 2.845199552064440438e-05
3.502313593896140553e-03 1.000016740037889429e+00 3.324637321353834111e-05
2.582830564330317654e-03 1.000007162218522261e+00 2.827947877580258470e-05
2.174832929443174141e-03 1.000004711855942752e+00 2.800296488745157149e-05
3.180508135926853400e-03 1.000011439767314991e+00 2.982651450726436069e-05
7.172370271888874440e-04 9.999996171984792959e-01 2.717997625453357852e-05
9.172811204477309332e-04 1.000000158113408144e+00 2.704802584097445696e-05
-1.912476397709916842e-04 9.999984423615535523e-01 2.882758215757450380e-05
3.093266322056204085e-03 1.000011210095854475e+00 2.923602635085258714e-05
1.225516067858830162e-03 1.000001131585897207e+00 2.695536436307872905e-05
2.191226408595414558e-03 1.000004204127491692e+00 2.895207538227001295e-05
5.863078356610983664e-05 1.000000744104823758e+00 2.732605928262103384e-05
1.599521949632320712e-04 9.999993746856308263e-01 2.734961328748599646e-05
2.985771788159608670e-03 1.000010103058781130e+00 2.899313254665873623e-05
1.863070774190313944e-04 1.000000534982046885e+00 2.685526096412205961e-05
2.840149990275338439e-04 9.999994431370728964e-01 2.711522962997251477e-05
-6.955636156064919518e-04 1.000002220502402617e+00 3.520211910692280354e-05
9.517111036310691623e-04 1.000000681231281163e+00 2.652849334555207415e-05
1.289885605743274280e-06 9.999994887272177779e-01 2.772431206631528788e-05
2.966966337076386469e-03 1.000009674264153103e+00 2.915274110574791138e-05
8.531408592220335362e-04 1.000000669951332410e+00 2.631734220752657318e-05
-3.034193241640164608e-04 1.000001233228589692e+00 2.975379357591238888e-05
6.468626789627460530e-04 1.000000257386696179e+00 2.642492027834157208e-05
2.023205429861897955e-03 1.000003625435514687e+00 2.840264765094729330e-05
1.278881267563182923e-03 1.000000984940413895e+00 2.742198053990148194e-05
3.441616616755609030e-03 1.000015000188470227e+00 3.159377289743445596e-05
-5.954312985254795083e-04 1.000001452774523125e+00 3.280139414928697958e-05
3.775955878575047459e-05 1.000001160136099410e+00 2.748047248091981410e-05
2.981772192958477476e-03 1.000011518950151279e+00 2.840951018708771477e-05
6.330869808098928738e-04 1.000000825020903816e+00 2.600675088096932532e-05
1.146751013029895195e-03 1.000000432928073835e+00 2.758432064026829580e-05
-1.679779530985878264e-04 1.000001508038703690e+00 2.888933710377746965e-05
-8.242318057952906576e-06 9.999984174977245566e-01 2.830925840417395308e-05
-5.393141814059991025e-04 1.000001391429727660e+00 3.210884436101391277e-05
9.150952421499870121e-04 9.999993398052079430e-01 2.822753625826097463e-05
2.170044416810027778e-03 1.000004131442197242e+00 2.887564841776262263e-05
6.535914923082178710e-05 1.000001342404581273e+00 2.738252780903381055e-05
1.817689494443028124e-03 1.000002248064012944e+00 2.906033246983732868e-05
-1.401477694293986383e-04 1.000000965760055260e+00 2.843687054830654112e-05
6.582767726732879389e-04 1.000001136868425622e+00 2.582192044323514205e-05
-5.056274041947337022e-04 1.000002200782181827e+00 3.273427571272221346e-05
8.462586556742678241e-04 9.999998284095272805e-01 2.725264637704914036e-05
3.239862781108315219e-03 1.000015037773141602e+00 3.076380025932154080e-05
1.913781806989743074e-04 9.999992221764161249e-01 2.738680351534149090e-05
2.281590499723574594e-03 1.000005231921108573e+00 2.816081207589250473e-05
1.111437150361329999e-03 1.000000432719712062e+00 2.741845542417374617e-05
3.429861702227646886e-05 1.000001178935209234e+00 2.750237003955785563e-05
1.904166225127506586e-03 1.000003734069893957e+00 2.731321806258231498e-05
6.419327302061180168e-04 9.999999368933032429e-01 2.670999634977138556e-05
3.372827479222476922e-03 1.000014164928762161e+00 3.088797867881164103e-05
3.086589437445316775e-03 1.000013289011425499e+00 2.915958323190131181e-05
7.360407498054400473e-04 9.999989749258366700e-01 2.810262495903095365e-05
3.436246050965093262e-03 1.000017135511103605e+00 3.358337029543713561e-05
1.034085673067300370e-03 1.000000622337912093e+00 2.685161965134634832e-05
2.983168955716774835e-03 1.000010072579327058e+00 2.899235951299959725e-05
1.805421600357107539e-03 1.000002208784493751e+00 2.902654945310257015e-05
2.012519031061906893e-03 1.000003512972318376e+00 2.849797737518092573e-05
2.881830807886553818e-03 1.000008974444111187e+00 2.901275057285259809e-05
8.108175803888926798e-04 9.999990493984819429e-01 2.825969512662377468e-05
7.180487023094216581e-04 1.000001073087555259e+00 2.585679325159436610e-05
7.937345452729390382e-04 1.000000097713181768e+00 2.679179797931636792e-05
3.118155012702370247e-04 1.000001342540907556e+00 2.636669952703526705e-05
1.464785425957173745e-03 1.000000796038879702e+00 2.893893506896845234e-05
2.739453767257322980e-03 1.000009998128077227e+00 2.736260129668375296e-05
6.020512019925810133e-04 1.000000050975673904e+00 2.657072914391666999e-05
3.217073878999902794e-03 1.000015072966674134e+00 3.072861470575421539e-05
-3.086426330724755494e-04 1.000001364038740626e+00 2.988991486700770010e-05
-6.243068244742731778e-04 1.000001046065312371e+00 3.266186018533340116e-05
2.309131804316838683e-03 1.000005548556715862e+00 2.795954070030943085e-05
-6.763618422254437899e-05 9.999995409562476567e-01 2.796348584574994287e-05
3.102132092915720323e-03 1.000011974090794675e+00 2.908182425860574764e-05
9.247918282156988249e-04 9.999997990112349244e-01 2.756048680074516473e-05
8.979848781826471529e-04 9.999996388825523885e-01 2.769175537215659525e-05
1.508607829055387626e-03 1.000001087076558104e+00 2.871660279357334805e-05
9.875937246171713219e-04 1.000000396721590468e+00 2.697573755147674262e-05
8.379436767561442446e-04 1.000000274224206231e+00 2.669480111576475186e-05
-2.892376263300547919e-04 9.999998309264438445e-01 2.907476627869281846e-05
3.088548445230728575e-03 1.000011574185386554e+00 2.907455195818014004e-05
3.421289894268072455e-03 1.000015560459424302e+00 3.183889256344822995e-05
2.447968495841501124e-03 1.000007609397779662e+00 2.687027126645957699e-05
2.861969236846417276e-03 1.000010490185001766e+00 2.792167790135827719e-05
1.023720688852488387e-03 1.000001095163881137e+00 2.627864627323923418e-05
2.322852375378858455e-03 1.000006877844220377e+00 2.665706332880870817e-05
2.689067128744727399e-03 1.000009617459514555e+00 2.720803320819734552e-05
3.221860417714544379e-03 1.000013113775173990e+00 2.979569882566228013e-05
8.292491412410316759e-04 1.000000231914726978e+00 2.672172422952256174e-05
2.960565200570175991e-03 1.000011870229008171e+00 2.828394653291207425e-05
-2.150138299358477032e-04 1.000001235794702792e+00 2.907311160798433679e-05
-6.660673558783140186e-05 9.999997236484813312e-01 2.792353759872954756e-05
-2.280407094665266431e-04 1.000000941927998266e+00 2.901407212072249056e-05
7.965801100181321573e-04 1.000000605017393074e+00 2.628425963560432441e-05
6.923349271704484515e-04 9.999999771900007772e-01 2.673551342044743335e-05
6.222859163593386523e-04 9.999987945979547099e-01 2.802815342839705564e-05
-7.610829300745062913e-05 1.000000258378795914e+00 2.793354786569427709e-05
1.900212458113726289e-03 1.000004437405288105e+00 2.643610814158529196e-05
2.693959834174965325e-03 1.000007747581537876e+00 2.859256260686103158e-05
2.494105848382238960e-03 1.000008417957107598e+00 2.664900579552178934e-05
1.440456321458757514e-03 1.000001614926988580e+00 2.737593141225044894e-05
1.934674078866451506e-05 9.999983530818876698e-01 2.830217955148479580e-05
2.538098595519322140e-03 1.000006569347539953e+00 2.861219550251628546e-05
1.638579894344736974e-03 1.000002236812333134e+00 2.767561521650185931e-05
1.810511532976350011e-03 1.000003726876077748e+00 2.671723120786562278e-05
6.917432943290195788e-04 1.000000121030247602e+00 2.659269369494898918e-05
2.320331889847981020e-03 1.000005255251467995e+00 2.846845156246180966e-05
1.218020394924479400e-03 1.000001588523831142e+00 2.636185676897398101e-05
2.066304538164027808e-03 1.000004312852411203e+00 2.770197611255723568e-05
3.170628752246988646e-03 1.000012364178744395e+00 2.947809701957843475e-05
2.953950982846924832e-03 1.000011129996791315e+00 2.831048414115367910e-05
1.855628007665572395e-03 1.000003205466365452e+00 2.772678530364850702e-05
3.517271842300036776e-04 1.000001181358603608e+00 2.626584666697336096e-05
2.447916702581364682e-03 1.000006225531422155e+00 2.825373614566586397e-05
-2.885479378627021051e-04 9.999989956095493016e-01 2.907783752666577006e-05
-5.132148203132538573e-04 1.000000542093465450e+00 3.108703401984761708e-05
5.220451188038882293e-04 1.000000639896983845e+00 2.616137359975652789e-05
1.902654660088744449e-03 1.000003537798125341e+00 2.757937018800418394e-05
1.836720614264258618e-04 1.000001237669850829e+00 2.682687245100192941e-05
3.605927980284664297e-03 1.000017708034985908e+00 3.477828607081469921e-05
2.420898185001305394e-03 1.000006850573511352e+00 2.733106718156357867e-05
9.162141204158229767e-04 1.000000754834668770e+00 2.636280654617905605e-05
1.339128522858722874e-03 1.000000688858547981e+00 2.825233607023539499e-05
3.050618290167764982e-03 1.000011734881342651e+00 2.879196863634675321e-05
5.733763091775674527e-04 1.000000029304398685e+00 2.657367699562298752e-05
1.595068266769110107e-03 1.000002674330939811e+00 2.678611844640488627e-05
-5.196373874596536477e-05 9.999987853288848649e-01 2.819260821253714150e-05
-8.387802295375774379e-04 1.000002944606713351e+00 3.897520611717713749e-05
2.202144711077542831e-03 1.000004630603878564e+00 2.835739304318751449e-05
3.863553347437044452e-04 9.999999920449228474e-01 2.665206819013457763e-05
1.710428763450930027e-03 1.000001936685647852e+00 2.872709216705366701e-05
7.999894338107522681e-04 9.999995457342490957e-01 2.748813729615191034e-05
1.631326790420350482e-03 1.000002255688818842e+00 2.759747333963120345e-05
2.633670754549726802e-03 1.000007339127574557e+00 2.852025628788078791e-05
3.382215956394698294e-03 1.000014853364172840e+00 3.120860032677831591e-05
8.560190128686216053e-04 9.999989422522844729e-01 2.863108183411804860e-05
2.775876648556369671e-03 1.000008626014658564e+00 2.841810680610482476e-05
3.000857597035316588e-03 1.000012609726534274e+00 2.858305513739740517e-05
8.882713273121736145e-04 9.999993652617680251e-01 2.807069502648974426e-05
1.645401607385735352e-03 1.000002436472713807e+00 2.741741089018442763e-05
-1.389568785846876167e-04 1.000001155170942235e+00 2.850558626030733490e-05
2.636302585488898773e-03 1.000008785316908622e+00 2.728446175652487075e-05
2.582963599063665180e-03 1.000009865584286173e+00 2.664142338598221604e-05
3.715558390353672011e-03 1.000019299423464680e+00 3.769418406267627605e-05
-1.749246847137467687e-04 9.999992053953795645e-01 2.849178694562018151e-05
1.325577080450685919e-03 1.000001087664667221e+00 2.751890228110785036e-05
1.945824906827074013e-03 1.000002961590395145e+00 2.887460105427508186e-05
8.555925944555018217e-04 1.000000558589335009e+00 2.643221337090714175e-05
2.359252794287274458e-04 9.999988151628784738e-01 2.764713873894485052e-05
1.280086901540884855e-03 1.000000319158349082e+00 2.853023731403358704e-05
2.655088696893488989e-03 1.000007999597623209e+00 2.800930059695864955e-05
2.594684914779193680e-03 1.000009790968730661e+00 2.669986777535646497e-05
2.698673002027746851e-03 1.000010258386892836e+00 2.709959827298423640e-05
1.829647740018152009e-04 1.000001006920164359e+00 2.682279363390498118e-05
2.321108512981002840e-03 1.000007300504240026e+00 2.634592565246559614e-05
1.407914312783424939e-03 1.000002130171146586e+00 2.651471996452638228e-05
2.497218288379696692e-03 1.000008594306661225e+00 2.658431975970497615e-05
1.976763153979390307e-03 1.000003777210343614e+00 2.778515660182709630e-05
1.408410547599046967e-03 1.000000498424275408e+00 2.909317082118731488e-05
2.321392068964537453e-03 1.000005512281930242e+00 2.811155487891150098e-05
2.861312000445292427e-04 1.000000530478275751e+00 2.657797416689303022e-05
1.296884726009835467e-03 1.000000092453434020e+00 2.907475985089712448e-05
7.133528243911850877e-04 9.999995508011354506e-01 2.725174393664974419e-05
1.895106088386257215e-04 1.000000400658197730e+00 2.687260902914331929e-05
2.533655834437661004e-03 1.000009474045825408e+00 2.649118005021061558e-05
4.497318299020821490e-04 1.000000569829744279e+00 2.626749933464914063e-05
-1.504655404993087385e-04 9.999984443129367184e-01 2.868341669609798233e-05
2.886609316815597678e-03 1.000009123652864096e+00 2.891783331029589683e-05
1.745865095823373415e-03 1.000003430487788503e+00 2.669574291622717793e-05
5.344843796066447300e-05 9.999984066201281774e-01 2.820036597298367973e-05
2.712477250100106888e-03 1.000010507652165037e+00 2.713684183551742213e-05
3.664419410726191696e-03 1.000019253591136303e+00 3.755136376790525684e-05
3.526460413433844376e-03 1.000016750833924828e+00 3.334061471005572794e-05
8.510976489928848100e-04 9.999995366328090496e-01 2.766876934702991380e-05
7.357950478955682877e-04 1.000000204165561346e+00 2.657352773615762141e-05
2.979208393719984249e-03 1.000011994708322582e+00 2.838338336162988515e-05
3.410709400995087012e-03 1.000016845320851999e+00 3.313626699243850935e-05
1.030766616484092308e-03 1.000000903052497447e+00 2.650699401567874493e-05
4.963304299426136426e-04 1.000000646658080417e+00 2.617941541207019872e-05
5.396823848664889260e-04 9.999994529534625975e-01 2.708397129274842799e-05
5.760415183682861305e-04 9.999995559303799242e-01 2.701576173834757794e-05
1.074668092108170894e-03 1.000000824593565429e+00 2.674398407789217369e-05
5.033780674648464983e-04 1.000001317828123515e+00 2.590415974964610624e-05
1.443584076620726400e-04 9.999984554950428484e-01 2.804031266975493756e-05
7.298963524188764769e-04 1.000000828469559622e+00 2.602971565964828360e-05
-2.713757546763113752e-04 9.999993004512160999e-01 2.895193299144749818e-05
1.393508371271030095e-03 1.000001211491409858e+00 2.771914282990567188e-05
1.938498743434689982e-04 1.000000246863814723e+00 2.689973076870633817e-05
1.893789617957856216e-04 1.000001327632454862e+00 2.681097759822727999e-05
1.596363579141690282e-03 1.000001995032707924e+00 2.777053945212357605e-05
2.753872740943503258e-03 1.000010780405442334e+00 2.730654624885607359e-05
7.406612295251161328e-04 9.999989344849588013e-01 2.818023642466533504e-05
3.638368681889989683e-05 9.999983610597120709e-01 2.826544166924898268e-05
1.434248408380686636e-03 1.000001622311653238e+00 2.732923279719662204e-05
2.296614084179183363e-03 1.000005227677249309e+00 2.829742829758325159e-05
1.436732503924903134e-03 1.000001164840875312e+00 2.806875664198262962e-05
3.737921916573594319e-04 9.999999265268886273e-01 2.670486564141078990e-05
4.084848229826889155e-04 9.999994316474879463e-01 2.704925316093846239e-05
3.702408223631465690e-03 1.000019045248320415e+00 3.718031779672939551e-05
3.220067545688065982e-03 1.000011880117033902e+00 2.995812966931375910e-05
9.088532538992016244e-04 1.000000386023163435e+00 2.674637635966822742e-05
5.568826778167468208e-05 9.999992864528497449e-01 2.763955572354290157e-05
9.762668438519084280e-04 1.000000365027000626e+00 2.697762284412082853e-05
3.427889176158000883e-03 1.000016123882923491e+00 3.235051173135445533e-05
9.283484739823190607e-04 1.000000888037432256e+00 2.625617733089766095e-05
-3.770937566485951277e-04 1.000000074781357551e+00 2.972450459852689147e-05
5.545628542762215743e-04 9.999987390736535531e-01 2.794618159068816484e-05
7.728253078132841809e-04 9.999994103656070221e-01 2.759075996073424351e-05
-1.974446210571418735e-04 1.000000762382092789e+00 2.873041858392396937e-05
-2.046730663359376621e-04 1.000000735634783089e+00 2.876802282071943832e-05
1.778115708671569812e-03 1.000003323636236674e+00 2.702687110477358223e-05
3.410676205907424863e-03 1.000016190265109906e+00 3.236133676378144986e-05
2.531688676634303746e-04 9.999989214995328446e-01 2.754383545561642484e-05
1.547065374091107729e-03 1.000002384931721888e+00 2.689769681396696706e-05
-4.257790023330576198e-04 1.000000174526894270e+00 3.013158868463679057e-05
1.380734548862287865e-04 1.000000417405888298e+00 2.703387432337686167e-05
2.482842112917641245e-06 9.999997808478426897e-01 2.763917170423954204e-05
-5.752751262130843465e-04 1.000001604733345983e+00 3.275658236741923134e-05
3.062610972521601343e-03 1.000010844661666898e+00 2.917051152166984322e-05
2.913734722089354745e-03 1.000009866541350600e+00 2.857303062001987856e-05
2.009368204357832831e-03 1.000004890290899118e+00 2.659761941738528280e-05
3.474791418568159377e-05 9.999984098238500208e-01 2.823001220707240167e-05
1.200477445796274169e-04 9.999993528815571686e-01 2.744651081036254933e-05
1.898211082941963102e-03 1.000003139763906423e+00 2.815979583105211959e-05
2.920206354036990973e-03 1.000010475714140146e+00 2.830020078896203927e-05
3.465613458880079101e-04 9.999989482479294534e-01 2.748910170074066062e-05
7.182680024325298600e-04 1.000000823747244860e+00 2.602624052343916931e-05
2.500980405972941332e-03 1.000008307043590339e+00 2.674409252779283807e-05
-2.561517670087675152e-04 9.999996203271502848e-01 2.886121656697955641e-05
1.627807305671997041e-03 1.000002753740810268e+00 2.686807700460475728e-05
1.495594542742914243e-04 9.999999034883010340e-01 2.713160455995695464e-05
2.536791278851261572e-03 1.000008235229020048e+00 2.699683025853379581e-05
2.392105319792817500e-03 1.000007875358073006e+00 2.638658307952800397e-05
-1.537234107407893947e-04 1.000000134758405768e+00 2.832601666798721768e-05
2.931070331176992977e-03 1.000010141638674410e+00 2.853986388070463100e-05
6.895119173240504525e-04 9.999997723809730399e-01 2.694720989927618411e-05
6.761025612524139417e-04 9.999990379247646333e-01 2.782918928959868531e-05
1.547981011200866112e-03 1.000001738183936117e+00 2.785749487631404185e-05
2.401000262047450068e-03 1.000005674900835473e+00 2.858910812025544843e-05
-3.939364942637177402e-04 1.000001296886637414e+00 3.058022080547777896e-05
6.981268893330790527e-05 1.000000381131266769e+00 2.728775023754137738e-05
3.032159953042370699e-03 1.000012188882019037e+00 2.866507012772527614e-05
1.400906794944444846e-04 9.999990249381773832e-01 2.760139111875275383e-05
-4.278179420510841002e-04 1.000000605498192696e+00 3.037648856058676729e-05
1.798313963407240004e-04 9.999996102246226926e-01 2.718391341806103726e-05
2.191389882602171654e-04 9.999991714407503451e-01 2.738223671669667947e-05
2.355603359382511548e-03 1.000005307292314738e+00 2.871514329019311828e-05
1.320120612159307334e-03 1.000001344735510722e+00 2.711380067287817689e-05
-4.715320042128160610e-04 1.000002152439365188e+00 3.227894588932580714e-05
1.588304711199395401e-03 1.000002395170649816e+00 2.712110569913799677e-05
8.576353455015171909e-04 9.999998916880660227e-01 2.720492818187205921e-05
2.491924832833188226e-03 1.000006211907375819e+00 2.866906217085108121e-05
1.284686694802858638e-03 1.000000274315022475e+00 2.864279774409030376e-05
1.634552484633428060e-03 1.000002440327948827e+00 2.734190479586903085e-05
2.125592520784184807e-03 1.000003837847750265e+00 2.896579463168394463e-05
2.647096118116338583e-03 1.000009730447516176e+00 2.695385966942102503e-05
2.519029441582869983e-03 1.000009250629348312e+00 2.647288105014674244e-05
5.800370873142214351e-04 9.999986098165822845e-01 2.818420741927299384e-05
2.690433094322227433e-04 9.999996024332313826e-01 2.703059590585314248e-05
4.094882229675400002e-04 1.000001058106321672e+00 2.615321585930124027e-05
-3.259931223126173987e-04 1.000001077457866039e+00 2.983291892034409558e-05
1.415294597119960349e-03 1.000002064520816969e+00 2.662968444048490483e-05
3.630978719113095877e-04 9.999989772398848453e-01 2.746244857363507372e-05
2.569187652362673983e-03 1.000008630633181017e+00 2.696204781098132319e-05
-3.126041026557343540e-04 1.000002006036250224e+00 3.048231377973111103e-05
1.709639911513706088e-03 1.000002614825657776e+00 2.757984481321115221e-05
2.520317277882962517e-03 1.000006820157128828e+00 2.814231715575901815e-05
2.774372574641316078e-03 1.000010658914051609e+00 2.740999326646522275e-05
2.335279721954245085e-03 1.000007531830430896e+00 2.628169952215223050e-05
2.783309037665736285e-03 1.000009319709971978e+00 2.794977940344227780e-05
2.448997398621113181e-03 1.000008799064989740e+00 2.628296242954289110e-05
-4.658912994282716352e-04 1.000000543082521398e+00 3.066398303743230700e-05
2.803051911313273088e-03 1.000010738040770786e+00 2.754213420145905966e-05
5.829757745707537901e-04 9.999998701063027573e-01 2.671817822930449475e-05
9.238069207862268858e-06 9.999993543164977794e-01 2.774650722985072017e-05
2.597283748204999403e-03 1.000009343836724574e+00 2.681442629481602070e-05
1.692043247261147600e-04 9.999999079524001244e-01 2.707822884309348609e-05
1.526403556838939720e-03 1.000001071687462995e+00 2.888288569732034802e-05
3.387694432096114219e-04 9.999993815760881422e-01 2.711415909203904716e-05
2.695641977803093191e-03 1.000007816085385359e+00 2.853241587797844468e-05
2.851273168509999879e-03 1.000010027372667309e+00 2.803300278356138335e-05
-3.840938453717741667e-04 1.000001206706800483e+00 3.041890943366362920e-05
-1.063455797291510633e-04 1.000001761252186983e+00 2.860258347390906206e-05
3.896909276258485755e-04 1.000001033575973031e+00 2.620214672761574554e-05
2.728569338729722573e-04 9.999987715882161510e-01 2.766759326860877418e-05
2.300993552753130035e-03 1.000006777598091645e+00 2.660508482162432715e-05
6.602567080622571711e-05 9.999997937047151453e-01 2.741528471202016567e-05
2.960933560290036383e-03 1.000013005704487146e+00 2.857970802826392619e-05
2.597092862590954891e-03 1.000010175018027914e+00 2.667873243508309147e-05
1.999037879517840885e-03 1.000004540155018162e+00 2.692568175895972526e-05
1.668194232662471334e-03 1.000001819757326604e+00 2.859981963878970623e-05
9.501236891254085217e-04 1.000000676380596643e+00 2.652959643549161194e-05
2.795971914961898740e-03 1.000008647674850648e+00 2.856702981057351052e-05
-1.703289011898657598e-04 1.000000836430884554e+00 2.858169139018529331e-05
2.358305526005038781e-03 1.000006311505815315e+00 2.742775165726421210e-05
7.165760860180407990e-05 9.999988519813781673e-01 2.784419493784781550e-05
3.126813529699803106e-03 1.000013990896980953e+00 2.965384007054552864e-05
1.941023721796563111e-03 1.000003737547484395e+00 2.757294445916799407e-05
-1.047730252493094330e-05 1.000000661378614319e+00 2.764080540810669295e-05
6.174204407007515341e-04 1.000000123963868948e+00 2.651793379998881794e-05
2.931747114725048644e-03 1.000010200391250770e+00 2.851258199852010417e-05
2.683454344810707378e-03 1.000007986728146614e+00 2.825184292478965465e-05
2.535751638625663787e-03 1.000008456531771284e+00 2.686130145986186714e-05
1.315805331820622164e-03 1.000001548338134372e+00 2.681773843980432396e-05
1.055235040696036455e-03 1.000000030219973191e+00 2.776600705404930173e-05
3.360654254669472821e-03 1.000014803160543808e+00 3.107611279256165940e-05
2.479279537460495411e-03 1.000008124240806984e+00 2.672324423870429516e-05
3.035366728858139487e-03 1.000011506483489798e+00 2.873691121430746651e-05
-3.089203594359107938e-04 9.999994350738234949e-01 2.915970099457573729e-05
2.239286193563680763e-03 1.000005554505709604e+00 2.740226059550045638e-05
2.789857102474577188e-03 1.000010353145554642e+00 2.754351444042685260e-05
1.747981610767193345e-04 1.000000113377715216e+00 2.699245221656114218e-05
3.458992099051295521e-03 1.000015607605949652e+00 3.204217199452423661e-05
2.438880461707134371e-03 1.000006725709765343e+00 2.759162606569242934e-05
4.260209284591765563e-04 1.000000975709383511e+00 2.614388225404381860e-05
2.703803157814202961e-03 1.000009774163687082e+00 2.723621272754899372e-05
1.880689159356132081e-03 1.000003328046343398e+00 2.772774486039182831e-05
-7.675630550334163783e-04 1.000002260534779808e+00 3.632379365221532900e-05
1.040445875799801473e-03 1.000000834563508967e+00 2.661603956770883768e-05
1.220383575005516740e-03 1.000001296260254025e+00 2.671975288151744738e-05
2.714531518480069704e-03 1.000009056756327341e+00 2.763478540313312455e-05
3.323450717643817998e-03 1.000015575399688439e+00 3.149019522734840520e-05
2.168181511449924007e-03 1.000004703691439678e+00 2.795976855161565351e-05
3.102919541670973690e-03 1.000014243825782190e+00 2.974663930604750585e-05
2.319260537952849005e-03 1.000006735499234134e+00 2.675162691951698629e-05
2.098052574648383989e-03 1.000005444211266248e+00 2.656932709992346076e-05
3.144958671657260840e-03 1.000012585445740676e+00 2.930840481229965964e-05
2.593056381439088481e-03 1.000007589885456794e+00 2.790902052416873941e-05
-1.751898644777266732e-04 9.999992159399930802e-01 2.849065586429981050e-05
2.069320750080193630e-03 1.000005455871078919e+00 2.638850953986423263e-05
1.815516045536003879e-03 1.000002349415680447e+00 2.884935152436831385e-05
1.131616864687911336e-03 1.000001412834130576e+00 2.625958427895177285e-05
3.741360892207072110e-03 1.000019632159657057e+00 3.841231854337499066e-05
1.375242956755144989e-03 1.000001102806959308e+00 2.778286861983085058e-05
-3.354375692102003030e-04 9.999989692913444639e-01 2.933170678132084828e-05
1.644304547918792230e-03 1.000002648639510383e+00 2.710699074670103320e-05
3.001107416601487936e-03 1.000010406551810060e+00 2.892620093944729887e-05
1.031337280270379613e-03 1.000000269335324932e+00 2.730920541989986626e-05
1.545660208505203036e-03 1.000001499631946178e+00 2.824317610734065198e-05
-3.229307270933346775e-04 1.000001803519732668e+00 3.038199364635679045e-05
1.550614393953508776e-03 1.000002158293939125e+00 2.723119589559714159e-05
9.796323815792486959e-05 1.000000048432128530e+00 2.724261258536903201e-05
2.368626582481670080e-03 1.000005710121421698e+00 2.824859704085002160e-05
5.234162759853177877e-04 1.000000453905855125e+00 2.626813015576215805e-05
2.675074806046340292e-03 1.000008515458740366e+00 2.772747881474529294e-05
3.232073272445479175e-04 1.000001729531700301e+00 2.633287419151171885e-05
2.581824840957490201e-03 1.000008032830281612e+00 2.743480854151184831e-05
9.020152427229793457e-04 1.000000788394210360e+00 2.629818609328930527e-05
3.244552608085524582e-03 1.000014886697073280e+00 3.065830285320746135e-05
-4.364610057880963147e-04 1.000002021745696634e+00 3.173262995286934917e-05
4.319018644772675995e-04 1.000001190019853992e+00 2.607313008827607108e-05
-3.398913228504578908e-04 1.000000538971140607e+00 2.963883346555105469e-05
3.026017489603033883e-04 9.999998966563157232e-01 2.681171096309133847e-05
2.194221307312478088e-03 1.000005403836040418e+00 2.725001000475450334e-05
1.776720346506629024e-03 1.000003398757369544e+00 2.692025957522996944e-05
3.828765947280881590e-04 1.000001611383275923e+00 2.613717839624753628e-05
-2.491020593591562228e-05 9.999982688292265998e-01 2.845439635352659747e-05
2.178927083601761138e-03 1.000006463398651402e+00 2.615832288948059404e-05
5.322931986563915561e-04 9.999991736711446588e-01 2.737443387489943026e-05
1.845299743937264120e-03 1.000002736860844843e+00 2.840596434174940535e-05
2.468776166320370020e-03 1.000006957126643892e+00 2.757886784521404656e-05
4.410126988212495231e-05 9.999984729527109373e-01 2.816466984484470887e-05
2.182784454034121177e-03 1.000005045675550486e+00 2.760805018003271337e-05
2.429751481601978742e-03 1.000006184756435212e+00 2.814915050378667032e-05
1.779042931821079709e-03 1.000002939257432999e+00 2.757426002216365908e-05
2.830297042037622363e-03 1.000010994704321421e+00 2.765236995712149238e-05
-2.324488467976794023e-04 9.999998155021844193e-01 2.873666898762405314e-05
8.520445978595615972e-04 9.999990346705855959e-01 2.845545384077372307e-05
2.581636320434721726e-03 1.000008968746106008e+00 2.687078534672148771e-05
2.468778402607721498e-04 1.000000266986206032e+00 2.675648125119529640e-05
1.059037603253609478e-03 1.000001076509702047e+00 2.639960067014638650e-05
2.798990466827799405e-03 1.000009613404131636e+00 2.788803272681750705e-05
6.598487366480608983e-04 9.999986366994281228e-01 2.837148000829681948e-05
-4.045833817665604477e-04 1.000000358858116778e+00 3.005105974066315841e-05
2.645560278511096923e-03 1.000008879938867334e+00 2.728869517946059419e-05
2.353138787742627917e-05 1.000000722997405722e+00 2.748421842145034965e-05
3.084884963815293177e-03 1.000012973130306460e+00 2.904946985394973240e-05
1.280430492795123654e-03 1.000000847060456444e+00 2.764080384417320774e-05
3.005321761762407961e-03 1.000011323930517060e+00 2.858572218834465705e-05
1.733798455084555046e-03 1.000002670227561286e+00 2.766346531209941444e-05
5.819671831891234503e-04 9.999993575098599097e-01 2.723551729111617109e-05
3.797029199416413012e-04 1.000001282602051011e+00 2.617703713108035925e-05
9.734068296673044872e-04 1.000000919248464903e+00 2.633028363937830839e-05
2.744288603363389742e-03 1.000008482194935322e+00 2.828701307701607867e-05
5.271149655360605774e-04 1.000000973736004939e+00 2.599384203499509839e-05
1.847254503269321179e-03 1.000003049918412712e+00 2.790455804781266077e-05
1.448292623113041962e-03 1.000001238893914568e+00 2.801985521732485205e-05
2.320036667076119316e-03 1.000007340951784673e+00 2.631503200270951152e-05
2.295569871052697761e-03 1.000006444679288453e+00 2.685702236875490322e-05
1.950394550032778264e-03 1.000003691231023284e+00 2.771052772165862925e-05
2.913814013713801609e-03 1.000012652200563235e+00 2.827190470010119164e-05
-2.780948463963366958e-04 9.999985618472740923e-01 2.913527293925864209e-05
1.184937706537176044e-04 1.000001179856847777e+00 2.709816685194120622e-05
3.171294123384272700e-04 9.999993752406249881e-01 2.713356710293392753e-05
5.632632814233127583e-04 9.999987728399566400e-01 2.791916872282066916e-05
2.359213202932292260e-03 1.000006604249517261e+00 2.713398436614890161e-05
1.043839259610505584e-03 1.000000534502092364e+00 2.699903843473793643e-05
-1.834555617469908403e-05 1.000000889066397836e+00 2.771383212502122925e-05
2.271267715117647815e-03 1.000006819465129038e+00 2.640050283542678107e-05
2.219426438026840098e-03 1.000005311448435075e+00 2.754956270972862937e-05
2.904435360222130252e-03 1.000009382978904293e+00 2.884985772677581937e-05
1.906308818054825056e-03 1.000003018422909173e+00 2.842953347324904723e-05
2.377183986342736380e-03 1.000006328602262906e+00 2.755143360615171070e-05
1.004914270345832507e-03 9.999999264565098134e-01 2.769829821573051634e-05
-5.862221912487342555e-04 1.000002372079152213e+00 3.398201438541995306e-05
5.166354208016230281e-04 1.000000768386803074e+00 2.609936592782428514e-05
2.910319669907285647e-03 1.000012261035615690e+00 2.812639982797177134e-05
6.823420628909506467e-04 1.000000313254598705e+00 2.640654654752302665e-05
1.687507198384229599e-03 1.000002244212232272e+00 2.800959687177240052e-05
8.289390570529104642e-05 1.000000235963617534e+00 2.725686471154181592e-05
-3.489340175992262927e-04 9.999994717928144539e-01 2.940405294700439094e-05
-4.375459595123668173e-04 1.000001335834635352e+00 3.102093009234673892e-05
4.995975469710156342e-04 1.000001415554167883e+00 2.588499268079126096e-05
3.389644490704195844e-03 1.000015242330908549e+00 3.147522699574955510e-05
2.179653924821299549e-03 1.000005322720180168e+00 2.724056327047751533e-05
1.206249229631783156e-03 1.000000202404705663e+00 2.828027632678013935e-05
1.016486987358070342e-04 1.000001215192889648e+00 2.718000167043076892e-05
2.314775757896863143e-03 1.000006190479464818e+00 2.723939898325390051e-05
1.030131968404916906e-03 1.000001234373328440e+00 2.615394625552378504e-05
1.402276784455800925e-03 1.000001531120557230e+00 2.728262821503775720e-05
-3.809621978451071481e-04 1.000000746879636582e+00 3.007304932607902679e-05
1.814942244586317073e-03 1.000004007953120277e+00 2.642003643589646962e-05
2.790485537956860149e-03 1.000008960117059642e+00 2.825633706649338100e-05
1.820391437583269078e-03 1.000003569351859412e+00 2.697425663077052452e-05
1.842526574844678515e-03 1.000002631002326003e+00 2.856820034992358336e-05
1.295146390871964193e-03 1.000001101936333292e+00 2.733386797220755315e-05
3.101944727296842251e-03 1.000013673824596827e+00 2.939091700192272068e-05
2.071502720546180036e-04 1.000000715323593692e+00 2.676000326376393827e-05
3.140368912179228571e-03 1.000012460750206333e+00 2.928081217018830811e-05
2.765904477787590326e-03 1.000010790220938084e+00 2.736016669076122288e-05
-1.715773065478500524e-05 1.000000358925563049e+00 2.765640616748115966e-05
3.733775645943665684e-03 1.000019498460628764e+00 3.812235551970940065e-05
1.649292945770095605e-04 1.000000681814181336e+00 2.690632851918109311e-05
3.362031423876526461e-03 1.000013682656542002e+00 3.073587720866234022e-05
5.501550512175324738e-04 1.000000555799370971e+00 2.619364501824996775e-05
-1.076067010755746550e-04 9.999996033695812692e-01 2.811876817227702317e-05
-1.232248415873953788e-04 9.999994844408162109e-01 2.820732330637148129e-05
3.567450828354841105e-03 1.000018370503982235e+00 3.575481336382975575e-05
1.489156014425079347e-03 1.000000899261821230e+00 2.892618963062537797e-05
3.159409083718382662e-04 9.999987107298523581e-01 2.772191590538575242e-05
8.104624750713949497e-04 9.999996269425207585e-01 2.741051015601670473e-05
2.257808654059929518e-03 1.000006014395607323e+00 2.702461425961421974e-05
1.795068019310629408e-03 1.000003905787450575e+00 2.642254141152709362e-05
2.688364719319615969e-03 1.000008086052796008e+00 2.819604091012428289e-05
5.569952002610152521e-04 1.000001010161286619e+00 2.594729823746351084e-05
1.046033171670204560e-03 1.000000510569472256e+00 2.703865198213809568e-05
3.297633446810887669e-03 1.000014273105143348e+00 3.051255222589734640e-05
3.218968050612526759e-03 1.000013551367349596e+00 2.986087166123334091e-05
-3.537473625530769290e-04 9.999994456694154543e-01 2.943194692353847183e-05
3.142788300476754681e-03 1.000014158096362626e+00 2.981059038716616462e-05
1.098902074331493343e-03 1.000000089222233823e+00 2.788404541397944755e-05
2.696140513863229393e-03 1.000008687741274604e+00 2.775225038049754570e-05
1.877187726366203076e-03 1.000003417988796883e+00 2.756833268269597451e-05
2.303380766331656823e-03 1.000005679421662963e+00 2.774384054536978942e-05
6.330327332642853976e-04 1.000000697510727177e+00 2.608823427084626761e-05
8.898366012495008935e-05 9.999996777840233220e-01 2.738316524960016888e-05
1.999753652053630655e-03 1.000004010865671589e+00 2.762090385010445811e-05
1.375942776690880238e-04 9.999995897412196078e-01 2.728964114343329574e-05
1.166910882308930513e-03 1.000001084989618594e+00 2.676784046995674311e-05
-4.061425345752681278e-04 1.000000942260803161e+00 3.041420479639027905e-05
6.710731073568460730e-04 9.999997480895340685e-01 2.694262136595114481e-05
7.305045450032472687e-04 1.000000539275335276e+00 2.625959651354042360e-05
2.495734463412497932e-03 1.000007299125741378e+00 2.744693084747793955e-05
2.848614752330417763e-03 1.000008923060599075e+00 2.876709043724546864e-05
3.474248846181377881e-04 9.999999600927322874e-01 2.671439132980243388e-05
1.785510184648499751e-03 1.000003506840479117e+00 2.683693645716475815e-05
3.166365055776010091e-03 1.000011327293444330e+00 2.976474738186864462e-05
2.473833982281369026e-03 1.000008728367213662e+00 2.641738240300361208e-05
3.338271630734726677e-04 9.999987116173406632e-01 2.772408193318277005e-05
2.482055572113827172e-03 1.000006441209230879e+00 2.827540903019342959e-05
2.543907091958105826e-03 1.000008585682647499e+00 2.684012147027590580e-05
2.605617220704524277e-03 1.000008992481917991e+00 2.699334759065813742e-05
2.533143788243380143e-03 1.000008773359329250e+00 2.669460592160336355e-05
2.264516649192381114e-03 1.000006233994182425e+00 2.685199036041107135e-05
1.600613726556244501e-03 1.000001852520569834e+00 2.803306924654656049e-05
2.012796818331974956e-03 1.000003741879017305e+00 2.812695999793916966e-05
7.523217891819558101e-04 9.999987553544179564e-01 2.850872921857172882e-05
2.888852291204873062e-03 1.000010631084744084e+00 2.804273329526644459e-05
2.008426390123893481e-03 1.000004853669022031e+00 2.663092725860542002e-05
6.846985904648921189e-04 9.999989766697441329e-01 2.793975739529461867e-05
-5.599010478617447509e-04 1.000000737767232195e+00 3.168624813026098849e-05
2.290685353094175630e-03 1.000006237845165513e+00 2.702256178431288944e-05
3.911203472809070573e-04 1.000000033092591112e+00 2.662243705999892726e-05
2.782246188632030506e-03 1.000010400747580741e+00 2.749149604370407948e-05
4.209130313089238509e-04 1.000001255196880878e+00 2.608229043937843132e-05
6.871652269849165377e-04 1.000001079756927425e+00 2.584939523966436393e-05
-4.708056499832667836e-05 1.000000832581091625e+00 2.785468414565378902e-05
5.193952182282786248e-04 9.999989828255405611e-01 2.757707592620410266e-05
-7.924088221756804898e-05 9.999999591678899735e-01 2.795221248947232304e-05
-6.674543143900077847e-04 1.000001905380800471e+00 3.430428368629470632e-05
2.812377340908721844e-03 1.000010106261479681e+00 2.775025694942253782e-05
3.288990163133146630e-03 1.000013121605134225e+00 3.022261982125258768e-05
1.314762376482663322e-03 1.000001130699551544e+00 2.739502982732976873e-05
1.481053864915041901e-03 1.000002233940261220e+00 2.674177702684949338e-05
1.398944562227926163e-05 9.999987081346678464e-01 2.806285595217026692e-05
2.770880403418721910e-04 9.999990225231336627e-01 2.744273931627450364e-05
-3.198232567375731538e-04 9.999994895421056018e-01 2.922669979431254239e-05
1.294875232534828217e-04 9.999989116950508405e-01 2.769667835173261511e-05
-4.757445350514059087e-04 1.000002061169339207e+00 3.220795978290435569e-05
2.220776419090694266e-03 1.000004424521546476e+00 2.885881474228873834e-05
-2.607671200046193793e-05 9.999998032983403728e-01 2.774427793067792350e-05
2.515450096469668863e-03 1.000006984352634021e+00 2.791592547633492733e-05
3.104021232638089992e-03 1.000014004316807981e+00 2.958663600995392877e-05
8.381915725813654169e-04 1.000000105540266526e+00 2.688725916319913600e-05
7.931676094964728273e-04 1.000000761497146673e+00 2.614197420907420655e-05
-3.096145437498606153e-04 9.999992523526046728e-01 2.916531709458674613e-05
6.770625163358782181e-04 9.999986922059271865e-01 2.834093763433684799e-05
1.024323775867040263e-03 9.999999098357351679e-01 2.781033680973439911e-05
1.062408481891809371e-03 1.000000842248288002e+00 2.667984659793696696e-05
9.456165578973940071e-04 9.999996297368626275e-01 2.789787732326916861e-05
6.017465419160728966e-04 9.999989566427677223e-01 2.775765155720779978e-05
1.008837034996027185e-03 9.999992751702370120e-01 2.880903761546464880e-05
1.562254458204273035e-05 1.000001492225758959e+00 2.769588518645549501e-05
2.268189016811797930e-03 1.000005577254079014e+00 2.759428958199516336e-05
2.787913237327183016e-03 1.000010197608598439e+00 2.757483587484010521e-05
3.730760697476591739e-03 1.000019651057492354e+00 3.844407675772665978e-05
4.077930782890173489e-04 9.999985479380857356e-01 2.795743195981552562e-05
-4.460356446532984156e-04 1.000000948851458293e+00 3.077396355021703669e-05
1.350419391080181098e-03 1.000001130662065307e+00 2.759274596964333200e-05
-5.806564948952048187e-05 9.999997729229604948e-01 2.787986328027029613e-05
1.295193692303732175e-03 1.000000936583656852e+00 2.758311137739686490e-05
2.045702864119794753e-03 1.000005197388996070e+00 2.649989128029939638e-05
3.032136599724592416e-03 1.000012107575802167e+00 2.866182958511618055e-05
5.696241052419007177e-04 9.999997104346046717e-01 2.685662071732805348e-05
5.421014365887227675e-04 1.000000335156725040e+00 2.633838248700944590e-05
7.674693774105181008e-04 9.999994261228882797e-01 2.755330412126382210e-05
-2.027471250903975421e-04 9.999986242147453908e-01 2.879076620202048435e-05
1.510105835472494874e-03 1.000000993298978402e+00 2.890682048834896883e-05
2.051844929976670041e-03 1.000004145200006578e+00 2.782975255593201394e-05
1.933831957221911549e-04 9.999987502488101310e-01 2.773747220890444056e-05
1.893348918794954608e-03 1.000002867989920885e+00 2.858082541928955991e-05
1.731133879679437951e-03 1.000002426525772981e+00 2.803224408391184009e-05
2.768490144950746471e-03 1.000009179213272370e+00 2.793372551506489735e-05
1.119365266325230302e-03 1.000000418548823378e+00 2.747562255501966193e-05
1.566157074242297952e-05 9.999983955903927191e-01 2.827653410998685456e-05
-5.980659352525312909e-04 1.000001040511084183e+00 3.236820896049085713e-05
-2.785297733470183841e-04 1.000000856111525449e+00 2.933639732633529701e-05
-9.487715049678185908e-05 1.000000355296480681e+00 2.803483895912781902e-05
-2.908864870610197370e-04 1.000000300255204477e+00 2.919423467945827537e-05
-3.059121102987681466e-04 1.000001791763245773e+00 3.021761822166636345e-05
2.488217165040644378e-03 1.000008473470969994e+00 2.659136539154677880e-05
1.689440235371833087e-03 1.000001903740138864e+00 2.861664684516913485e-05
2.640216564275658234e-03 1.000009412754429894e+00 2.701409417893214885e-05
1.862473824675561686e-04 1.000001250097009020e+00 2.681736424992087930e-05
2.486941066874355337e-03 1.000006645863750432e+00 2.806643524277517581e-05
6.580631796223549313e-04 9.999992516285509669e-01 2.750033592709906255e-05
2.027278835560029566e-03 1.000004896157225431e+00 2.670157199153482593e-05
-3.315694784730032797e-04 1.000000357033987486e+00 2.949906501403799674e-05
1.628218571733994853e-04 1.000000024728375125e+00 2.705386197846565912e-05
3.584600786280654370e-04 1.000001376031909750e+00 2.622368745311673329e-05
2.425044003837253763e-03 1.000006789997986978e+00 2.742132395802112863e-05
7.988965707228174243e-04 1.000000634984951287e+00 2.626043627961351969e-05
4.957087452444642077e-04 9.999992058921902682e-01 2.729958974987787711e-05
3.689815472562057129e-03 1.000018835663900596e+00 3.677163580076036524e-05
2.934578317700888353e-03 1.000011788997155815e+00 2.815296891405100256e-05
9.199134753639509610e-04 1.000001219041915190e+00 2.593736923882048403e-05
1.124870403478679540e-03 1.000000305754641161e+00 2.767223515848305082e-05
3.391173969550039143e-03 1.000014516194430048e+00 3.110607685065460727e-05
2.135052553950812001e-03 1.000005777338461188e+00 2.647434244633013360e-05
-5.173200381197531634e-04 1.000000991490470836e+00 3.148563421069227827e-05
4.308968178509898963e-04 9.999998081583963971e-01 2.674496741606663451e-05
8.081715070125318912e-04 9.999990556314780621e-01 2.823932246658791197e-05
3.401820500142735664e-03 1.000016752871498271e+00 3.299670416039291848e-05
1.402128203052739218e-03 1.000001488260498395e+00 2.734471007817146110e-05
7.161083115272068311e-04 1.000000614930250942e+00 2.618403228612760378e-05
-1.158833835309589465e-04 1.000000606157265270e+00 2.818721377014673900e-05
-1.226553218802697767e-04 9.999991441840248019e-01 2.828802002444014865e-05
7.537581768003228516e-04 9.999993712891775965e-01 2.758793393726252297e-05
6.726882722177549099e-04 9.999992940014079679e-01 2.747951207027841467e-05
2.599189736875044069e-03 1.000007942296372132e+00 2.763318128566635379e-05
2.124179977374941958e-04 9.999997755312570735e-01 2.703497539036597521e-05
4.607453847723855375e-04 9.999999403580358548e-01 2.663740393672991963e-05
3.345397153874890648e-03 1.000016041583153381e+00 3.201877417026020351e-05
3.506698165728907961e-03 1.000017107320873899e+00 3.370126659308364259e-05
2.018428223388812719e-04 9.999997217752709666e-01 2.708279456342014443e-05
2.293382932625149043e-04 1.000000287401773269e+00 2.679307082492136624e-05
3.123486331034966337e-03 1.000012283779418754e+00 2.918469606325231510e-05
3.331195170768916271e-03 1.000016130655201785e+00 3.208371036886846234e-05
1.048387045919482209e-03 9.999998291245019155e-01 2.805358225814021532e-05
9.424365737766926630e-05 9.999997116687030507e-01 2.735558329511022561e-05
6.959441956352896419e-04 9.999990452348751502e-01 2.787438609435657720e-05
1.518409112493890583e-03 1.000001747831262389e+00 2.764800962058922405e-05
3.129886878111763117e-03 1.000012466146709800e+00 2.921797767280325144e-05
3.743024370887069931e-04 1.000000918995990196e+00 2.626551551659307753e-05
2.986883230080785660e-03 1.000010585055416623e+00 2.872267775091503556e-05
2.586422701745768379e-03 1.000007274698873294e+00 2.818355061245397475e-05
1.180588090926375146e-03 1.000000662876676438e+00 2.740446871989163567e-05
1.462267430154139906e-03 1.000000912296465927e+00 2.869801158603766314e-05
1.993822482384914043e-04 9.999991665646442707e-01 2.741227808832768256e-05
2.860299267985538449e-03 1.000011823780071030e+00 2.783257897185587447e-05
-4.181128481225266334e-05 9.999997513977015862e-01 2.781671353468440110e-05
2.098911218995505937e-04 9.999984962409014244e-01 2.795479724321280247e-05
1.344438274976280778e-05 9.999988434414823768e-01 2.798192355660882952e-05
3.538161280854408477e-03 1.000016351705051765e+00 3.299332689885565539e-05
-3.588791038334039965e-04 1.000001081485015986e+00 3.010786571583008934e-05
2.009358644974006645e-03 1.000005115805806089e+00 2.636897485640013215e-05
2.883163164876347603e-04 9.999987402368162304e-01 2.769356619231334082e-05
2.773226962548612159e-03 1.000008336194583070e+00 2.867092905872921190e-05
2.772696246368684843e-03 1.000008270116502951e+00 2.873382347514108075e-05
1.748579280238298167e-04 9.999996881794097625e-01 2.715723352059093364e-05
3.026217887811941034e-03 1.000011386914340106e+00 2.870495024052079265e-05
2.987265236956238718e-03 1.000012825379648973e+00 2.859603460416374084e-05
2.283692001990590345e-03 1.000005659628854016e+00 2.761329661026729030e-05
3.502801121766793094e-03 1.000016899021775929e+00 3.343212372008802887e-05
-4.636497422864525788e-04 9.999998420669149457e-01 3.029109791456225309e-05
1.723531827384000006e-03 1.000001927619954545e+00 2.885332556009008949e-05
-4.444170814086548932e-04 1.000000847974660712e+00 3.068357117136346539e-05
1.474419500277347143e-03 1.000001061630250598e+00 2.851066506285662320e-05
1.898419479752845888e-04 9.999987114730306548e-01 2.777361571387109638e-05
3.221089967418593481e-03 1.000013211888446385e+00 2.980275742616168066e-05
2.726310040230703335e-03 1.000010093787854881e+00 2.726673580427242362e-05
2.990226449210531528e-03 1.000011832110397236e+00 2.843594188096936168e-05
1.666346675685064947e-03 1.000003124748119809e+00 2.661779297577301662e-05
8.636162783679139990e-04 1.000000733273761711e+00 2.627595068243228084e-05
3.559992119000670967e-03 1.000017033646004805e+00 3.377530719056653040e-05
2.016414239928200798e-03 1.000003784462390355e+00 2.808988352368197908e-05
2.649485163485822137e-03 1.000008720668367657e+00 2.740876631362368745e-05
1.529132851306350821e-03 1.000002449887296585e+00 2.671646806697716508e-05
8.204570341757190261e-04 1.000001135071005853e+00 2.587479079948324265e-05
-7.378667951082082226e-05 1.000000354048733886e+00 2.792720954974405476e-05
4.841955208131685064e-04 9.999991379714762152e-01 2.736133950077812154e-05
2.963559239726532620e-05 9.999985996081690587e-01 2.810046371948631797e-05
2.198312089338671019e-03 1.000006536259664847e+00 2.620801825079050406e-05
3.444789592145894135e-03 1.000015616412915032e+00 3.198345115765724867e-05
-8.393664518013517831e-05 9.999988835850144309e-01 2.824532174962817617e-05
3.120343392142778567e-03 1.000012317403416340e+00 2.916383647999771679e-05
1.770711580513644433e-03 1.000003794817784675e+00 2.641190407264415571e-05
2.366927870195675940e-03 1.000006458871018911e+00 2.733463660040102159e-05
6.368687990262480135e-05 1.000000616311950363e+00 2.730136529877171239e-05
2.472404213794051134e-03 1.000007260786438756e+00 2.731444968345976998e-05
2.917207823232939069e-03 1.000010935967055925e+00 2.813319898920194016e-05
3.030164570538716219e-03 1.000013317467683738e+00 2.895870384638183568e-05
2.120839428189886557e-03 1.000005708268422167e+00 2.645402582341502886e-05
2.269252285321244310e-03 1.000006762391145054e+00 2.643147853931837542e-05
2.955560184519333278e-03 1.000009583897841781e+00 2.912686269658755961e-05
3.081702652573945801e-04 1.000001622687973324e+00 2.637955285227647017e-05
3.225193423666828513e-03 1.000013420930691899e+00 2.986243792322351186e-05
1.378948897845979054e-03 1.000001512506525136e+00 2.718234062597102085e-05
1.535096056903799498e-03 1.000002134277798049e+00 2.717349899898025421e-05
3.334653516057003476e-03 1.000014124107759805e+00 3.065348527088703135e-05
8.074666576987019886e-04 9.999992274082498689e-01 2.796961042450690047e-05
-6.366037038414316604e-05 9.999990718319692329e-01 2.809682448746423638e-05
-3.291990761412465910e-05 9.999985883449771240e-01 2.825297202667100628e-05
2.135665162055858449e-03 1.000003916287955041e+00 2.892333761942012993e-05
3.154533681676436599e-04 1.000001427885083949e+00 2.635201513011533529e-05
6.719096105182813770e-05 9.999992060739520960e-01 2.764890510674703836e-05
2.443560777399564864e-03 1.000006080342404902e+00 2.840741887678362192e-05
2.960133433561825539e-03 1.000011391319095111e+00 2.830130345095787229e-05
1.149484113298305729e-05 1.000000274093136854e+00 2.753292501205486481e-05
2.738428125672035494e-03 1.000009820389544446e+00 2.741498583440990313e-05
1.081047567435820464e-03 1.000000925067012103e+00 2.664461325966697720e-05
9.034152285341661695e-04 1.000000891220501176e+00 2.620151717886638854e-05
2.000996849303237658e-03 1.000003647294050335e+00 2.817949503569463905e-05
2.950671242616410232e-03 1.000011734353686510e+00 2.823029066617886579e-05
6.046972767467856044e-04 1.000000104044636018e+00 2.652690762164949183e-05
2.160005707625419630e-03 1.000004937806360461e+00 2.757370264198716746e-05
3.109476390114293640e-03 1.000013820636367345e+00 2.949591298224490753e-05
-5.527277154015355735e-04 1.000000774689294714e+00 3.164654185364183185e-05
2.705112716497579985e-03 1.000010772120623725e+00 2.710223065182570530e-05
7.333123986095232798e-05 9.999998102398937050e-01 2.738691679161959521e-05
2.730923055426865906e-03 1.000008396943817823e+00 2.825474017137008141e-05
2.798959926368586176e-03 1.000008725712532076e+00 2.852144377773221687e-05
2.191318210644692486e-04 1.000001133246811946e+00 2.668792302633616725e-05
3.499238670840410133e-03 1.000015748649613734e+00 3.233441305992836251e-05
1.526685292032794496e-03 1.000001948041876698e+00 2.739382788935383620e-05
6.022893105123760041e-04 9.999996081243983648e-01 2.699252935995878264e-05
-1.939759257101709381e-04 9.999986595947591983e-01 2.874166059078716467e-05
1.188961932156442844e-03 1.000000638311515644e+00 2.748183647982631274e-05
-4.115053784066200013e-04 1.000001361976039060e+00 3.079810541336265546e-05
6.401754635404333484e-04 9.999990282717827750e-01 2.775047902169469632e-05
2.684073639874147085e-03 1.000009833020097494e+00 2.711401401285687922e-05
2.627327140128805742e-03 1.000007465126821593e+00 2.832177367561410899e-05
1.491324224609569260e-03 1.000001349103111004e+00 2.812194923527245073e-05
1.656554399346595909e-03 1.000001678898595481e+00 2.876695474771224405e-05
3.112029921987373698e-03 1.000012762869079808e+00 2.913969192577620671e-05
2.913119015591104401e-03 1.000011236700877770e+00 2.805817089981751272e-05
-1.224342016628847830e-04 9.999991438250320774e-01 2.828725516666254111e-05
8.352230093789335657e-04 9.999993169647448665e-01 2.793601464749236092e-05
2.989454948474910920e-03 1.000011931191533421e+00 2.843246115339975985e-05
1.135467707451525126e-03 9.999998985781259897e-01 2.840006134096473002e-05
-2.477189827600140629e-04 1.000000849788153179e+00 2.911007100165840413e-05
5.084746742497787009e-04 1.000000499981867907e+00 2.624939835036369047e-05
2.963247740949985411e-04 1.000000842466723716e+00 2.647424191358939139e-05
-5.199690990567479472e-05 9.999993538550996375e-01 2.795456646625424127e-05
2.607539165862810329e-03 1.000008148879085512e+00 2.752508277704592422e-05
-3.135352331318881289e-05 1.000001354254325348e+00 2.791697164170004611e-05
8.312390954116933043e-04 9.999999428763012288e-01 2.706449452709228082e-05
2.725410203825598485e-03 1.000011040781017657e+00 2.719963056524498927e-05
2.279351334542718387e-03 1.000004976282059310e+00 2.851763874746400420e-05
5.301534609655305080e-04 9.999988534908905713e-01 2.775154003864992663e-05
9.094748607839550332e-04 9.999996805202229222e-01 2.767445705671742757e-05
9.822466280045110115e-04 1.000000474815532003e+00 2.685990464713550381e-05
-8.827195757387046662e-05 1.000000537326586114e+00 2.802262018527398621e-05
3.192393652580659616e-03 1.000014090263668498e+00 2.995407620923932964e-05
-8.676139190095816939e-05 9.999997458498925962e-01 2.800676458520282442e-05
3.155409743829899662e-03 1.000011968002590956e+00 2.944201137085512114e-05
7.817010982723627838e-04 9.999994540474039795e-01 2.755760382930087503e-05
7.279402380849118656e-04 9.999998857569247779e-01 2.689263950991089064e-05
9.908255904737348768e-04 1.000000840861203777e+00 2.645990904484580211e-05
3.028998509736661061e-03 1.000013302513121261e+00 2.894747692445107551e-05
-1.501864058040781272e-04 9.999998668016335523e-01 2.829725021793152897e-05
2.957916553234770166e-03 1.000009943442345506e+00 2.887350972607260227e-05
1.287406448491685900e-03 1.000000468005631360e+00 2.831059507628195013e-05
-5.162619312769438622e-04 1.000001627211567490e+00 3.212512152945159029e-05
1.040965961924562823e-03 1.000001256782135695e+00 2.615952426739299877e-05
8.965384726342155112e-04 1.000000114315943822e+00 2.703910837825092983e-05
2.340391848305482542e-03 1.000005395139392350e+00 2.844366978137547494e-05
4.040266197413201494e-05 1.000001441193841156e+00 2.754127046381540575e-05
1.695875039316440628e-03 1.000002608819869465e+00 2.749517525855281480e-05
2.771499805741776436e-03 1.000010765051836170e+00 2.738726055636873800e-05
1.216673833357871572e-05 1.000001140296925328e+00 2.760844559738332639e-05
2.528627464712393004e-03 1.000007227509947638e+00 2.776442309193524603e-05
6.036458874862670777e-05 9.999990856774162440e-01 2.772953292305886403e-05
2.242860360816993420e-04 1.000001415134078586e+00 2.667860453159993423e-05
8.729809223659962779e-05 9.999989475736749123e-01 2.775091626276003805e-05
8.457947630781764660e-04 1.000000125650932103e+00 2.688306163421517740e-05
6.446974584980254188e-04 1.000000642400226569e+00 2.612719089130168985e-05
5.070271169572886441e-04 9.999990754074149502e-01 2.745397776077410581e-05
5.486682205906002422e-04 9.999997364074096895e-01 2.681701937703586205e-05
2.861331552892276177e-03 1.000009256818969128e+00 2.859124671902195649e-05
1.170329994503999235e-03 1.000000558536926931e+00 2.750977501973142961e-05
6.797212661300319585e-05 1.000001516579256844e+00 2.741720793137930720e-05
8.977345798697631760e-04 1.000000967548874575e+00 2.611984408792696378e-05
1.010563016957643102e-03 1.000000179243134557e+00 2.735248385001468917e-05
3.084460817194632949e-03 1.000012188192261675e+00 2.895498340926402274e-05
-7.516916433966914710e-04 1.000002575191127008e+00 3.670196087218799538e-05
2.902944707755202719e-03 1.000010048961948783e+00 2.838364356297476792e-05
2.726975307856694970e-03 1.000011204616908067e+00 2.722712224739148558e-05
3.608529054934374834e-03 1.000017666718611364e+00 3.472893630675944366e-05
3.185144695808480491e-04 1.000001025714410074e+00 2.638039665855690323e-05
8.497937771928747814e-04 1.000001052312144312e+00 2.597229230143009818e-05
1.339847497458781546e-03 1.000000892081117643e+00 2.791204039578385515e-05
2.063141315395576950e-03 1.000004753514748490e+00 2.710101068769907464e-05
2.590825402020139126e-03 1.000009145668963262e+00 2.684923769606623956e-05
2.222327112571271818e-03 1.000005195270356140e+00 2.772164427352950976e-05
1.526593417647166334e-03 1.000001292919324491e+00 2.847145576698247257e-05
2.633593479674351499e-03 1.000008693129599724e+00 2.732224757423097646e-05
1.624921468114083178e-03 1.000002344063703141e+00 2.742183395914171774e-05
2.250730415857975925e-03 1.000005314416601676e+00 2.779159846931698289e-05
2.883100811674501468e-03 1.000011383921280306e+00 2.789453109870848997e-05
3.315411658493672663e-03 1.000013367806679598e+00 3.040365347908872276e-05
2.800881066498411669e-03 1.000010336183156934e+00 2.760908698960478554e-05
5.304309157310265182e-04 9.999996071147322363e-01 2.692554910429141173e-05
3.499141560024252549e-03 1.000016240856252514e+00 3.272824650648428795e-05
3.038558404261814576e-04 1.000001212676735918e+00 2.640003610968620604e-05
-9.009369152786781201e-05 1.000000997103768219e+00 2.814103842019584803e-05
1.647994803632627306e-03 1.000003019257025949e+00 2.664545514021908888e-05
5.690852591318286153e-04 1.000000920543797855e+00 2.598022747118238832e-05
2.913890577518066065e-03 1.000010288884071175e+00 2.833939092811550248e-05
1.760383627714870013e-03 1.000002088837719016e+00 2.886228655463163239e-05
8.163037276305466295e-04 9.999997937766406109e-01 2.720987461038974713e-05
1.768323109389629329e-03 1.000003762305763377e+00 2.643502997721471773e-05
2.020607299882145377e-03 1.000003388662859649e+00 2.878466377598418735e-05
-1.711115418905429040e-04 1.000000728311345011e+00 2.854965723107545791e-05
9.232652186493414074e-04 1.000001215972835089e+00 2.594554123962113456e-05
2.821436069324244345e-03 1.000010521799180152e+00 2.767767215002780144e-05
1.993452419303964537e-03 1.000004590477502342e+00 2.683045567878533969e-05
2.385348122526816626e-04 9.999993773961176613e-01 2.721574761326269877e-05
5.521352897875753769e-04 9.999987160788504914e-01 2.797202312000899552e-05
-1.585244430195255263e-04 1.000001812059898132e+00 2.901794246569492343e-05
2.169855443109541294e-03 1.000006385008395560e+00 2.616773279414828364e-05
3.129678566317711796e-03 1.000012034413456208e+00 2.925228097702255330e-05
-6.120890134580945705e-04 1.000002188366628131e+00 3.402425129394423580e-05
2.324025758286151280e-03 1.000006857510289171e+00 2.668047369284975154e-05
-8.035856575108520777e-04 1.000002911497499758e+00 3.828416828862959482e-05
3.200354842647816847e-03 1.000011991139152068e+00 2.976549862463078879e-05
2.846669263674534052e-03 1.000009897498860267e+00 2.806518300922428407e-05
2.633709850072064960e-03 1.000007578098151662e+00 2.825384854290896770e-05
2.727339094008642082e-03 1.000010554174158184e+00 2.719988356373236673e-05
2.653466597837766863e-03 1.000008466693885323e+00 2.760919301331192648e-05
2.852481981090850514e-03 1.000012007572927075e+00 2.784451857707922714e-05
4.895195606031123260e-04 9.999987729099072409e-01 2.778730382850543877e-05
2.963403251234789787e-03 1.000011546328996026e+00 2.830353075029298879e-05
-4.730301229640856801e-04 1.000000330938082937e+00 3.059697060191268124e-05
1.697618461816805414e-04 1.000000628949254899e+00 2.689555816058543814e-05
2.993465192043364125e-03 1.000009978785355136e+00 2.914569194165162646e-05
-2.507368249490030902e-04 9.999998629104740466e-01 2.884660225133408069e-05
-4.561715200070181383e-04 1.000001894960615534e+00 3.179176965767912286e-05
2.067903357178820217e-03 1.000004512544773405e+00 2.744064344641771743e-05
1.196756591015835005e-03 1.000000134725712586e+00 2.834230296526249398e-05
1.676718718490404761e-03 1.000002800955625659e+00 2.709635594511613759e-05
2.492391826369975538e-03 1.000006362780387015e+00 2.846865966821651822e-05
1.414434861314322169e-03 1.000001975902468976e+00 2.673741892135116243e-05
2.400914683090140094e-03 1.000007964824057405e+00 2.638550195823990234e-05
2.220388111854306422e-03 1.000004555651679894e+00 2.863955675603705052e-05
2.569199094723523605e-03 1.000007373595554361e+00 2.793631631764830831e-05
8.817649842343885935e-04 9.999990304091247451e-01 2.859731980838562917e-05
1.054261129585727262e-03 9.999993889874493336e-01 2.885592074732071390e-05
3.401661640285304645e-03 1.000015558288938067e+00 3.175530922840334426e-05
1.862349716570557354e-03 1.000002691020160261e+00 2.862953832652591045e-05
3.222909789588155639e-03 1.000015177922546128e+00 3.083863971697898659e-05
-2.027753820849451539e-04 9.999995740973961489e-01 2.857452084184125901e-05
1.640465179103620845e-03 1.000002570786250988e+00 2.719201599161855508e-05
1.872556960756526032e-03 1.000003758760314998e+00 2.706622182301927785e-05
2.356776538376395645e-03 1.000005763437930684e+00 2.807482616638039695e-05
-3.375898446642546739e-04 1.000001721182501413e+00 3.043949671689086950e-05
3.156521926889242248e-03 1.000011531295354805e+00 2.959113667974914481e-05
5.507206035119952469e-04 1.000000969762548486e+00 2.597163539336721296e-05
2.704184455428485824e-03 1.000009189008720378e+00 2.749046528108893190e-05
1.523128275646472556e-03 1.000001352277406719e+00 2.833995605072129446e-05
-3.713105905420411787e-04 1.000000662194523438e+00 2.994582416517531376e-05
7.352095982775816788e-04 9.999993726193587840e-01 2.753397836543454772e-05
2.297320554700069996e-03 1.000007457382320331e+00 2.613271766448568639e-05
2.633892187765638632e-04 9.999991783863305672e-01 2.732835483919942557e-05
1.816796652857863119e-03 1.000003190890723648e+00 2.746850914721127789e-05
2.192702055134913928e-03 1.000004722041347494e+00 2.813810062839190113e-05
6.549571148038474833e-04 1.000000536458702349e+00 2.620710479257006652e-05
3.739393638491247430e-03 1.000019627906497455e+00 3.840136958844840809e-05
2.012274010244126388e-03 1.000004414624057425e+00 2.716899776993154830e-05
2.334079844481647559e-03 1.000005749410803224e+00 2.790361090203415312e-05
-3.376051905212746913e-04 9.999994911648888429e-01 2.933526518421685660e-05
2.014441708327622746e-03 1.000004780560482587e+00 2.674822060499097579e-05
2.848213665700405871e-03 1.000010087429141548e+00 2.798545893420871430e-05
1.361174597421381614e-03 1.000001098161297231e+00 2.770628935748504368e-05
5.050267300249977002e-05 1.000001737144465386e+00 2.759145654729991154e-05
1.648498767477247530e-03 1.000001471041769729e+00 2.909988573471591899e-05
2.639678596481027234e-03 1.000008533275745126e+00 2.746632309665027891e-05
2.621255814783299276e-03 1.000007343801428972e+00 2.840518918370749083e-05
2.160714363692057150e-04 9.999993151326517227e-01 2.728853020549484501e-05
1.744185612949513287e-03 1.000003343697875247e+00 2.679307279547584009e-05
2.408201997268892905e-03 1.000005786266878305e+00 2.849531996426241223e-05
3.254944915242244038e-03 1.000013250317259850e+00 3.000870281359473770e-05
3.100774125013756443e-03 1.000010961089810690e+00 2.941512974448219566e-05
5.983563194024781821e-04 9.999998477991983714e-01 2.675117498836758191e-05
5.462231170633806681e-04 9.999991659172940972e-01 2.740169026485013816e-05
2.651998183414589969e-03 1.000008259536556032e+00 2.775916450714746358e-05
1.824242100458095192e-03 1.000002912306964475e+00 2.794747884930335756e-05
2.614739020546059684e-03 1.000010302747117885e+00 2.674439216265017260e-05
2.314353902997801212e-04 1.000001452584479367e+00 2.665368293130670755e-05
6.418415962751266961e-04 1.000000535675532598e+00 2.620276981072294648e-05
1.677078555960635851e-03 1.000003129229203758e+00 2.667193957591828838e-05
4.027147849265045243e-04 9.999990592793138733e-01 2.739136212839470027e-05
2.280134117934602255e-04 1.000000117680276190e+00 2.685479636766383750e-05
2.397268310077530634e-03 1.000005990282093693e+00 2.812190157291211836e-05
2.383218013741996138e-03 1.000005711462238267e+00 2.837556091120659984e-05
6.952707127169058948e-04 9.999993053016977829e-01 2.751879040240990759e-05
3.090241947718631085e-03 1.000010761772753609e+00 2.944139200312974319e-05
8.203414992392042693e-04 9.999999989818174617e-01 2.696792393303261507e-05
-3.237071873558180438e-04 1.000001569286619540e+00 3.018125250582547782e-05
2.519316454267544331e-03 1.000006369429711883e+00 2.870726091873160215e-05
2.844242637513602102e-03 1.000009690235162729e+00 2.816166673673705219e-05
1.617497336147289116e-03 1.000002030158290145e+00 2.785927356233990060e-05
2.490840903493622607e-03 1.000007830115029028e+00 2.698102108028871702e-05
3.015807550976223102e-03 1.000010902230282328e+00 2.879148682472777666e-05
2.466563905123959899e-03 1.000006032744833240e+00 2.868409654760331511e-05
3.028413781048283539e-03 1.000013037013427031e+00 2.883140475194633038e-05
2.381440712152271474e-03 1.000007477619301088e+00 2.656523087675532975e-05
1.025544625155509586e-03 9.999998403928581636e-01 2.792523173914139684e-05
9.811130132885196274e-04 1.000000599078392227e+00 2.670639571875100878e-05
2.625253390404834030e-03 1.000007737603178848e+00 2.802099574398151405e-05
3.239862841743480727e-04 9.999986828143434536e-01 2.775182120519760235e-05
2.466720786647262458e-03 1.000006661554773801e+00 2.788142311953818535e-05
6.171496060479444642e-04 9.999992206010989149e-01 2.745422070630977013e-05
4.745414722953499465e-04 1.000000642939322892e+00 2.620357008601192903e-05
1.782173496238956788e-03 1.000003552741225876e+00 2.675986022785721433e-05
2.673828250134061522e-03 1.000008882247611197e+00 2.746922013944290319e-05
4.069116143055770364e-04 9.999988408156342823e-01 2.762034631563460644e-05
1.146642716528694034e-03 1.000000371311148495e+00 2.767834307532370238e-05
2.944063599958674556e-03 1.000012631252007012e+00 2.836739956987533666e-05
1.711802150158670335e-03 1.000002854330779067e+00 2.724372887732195232e-05
-4.354781943841845235e-04 9.999996332349817552e-01 3.001467972804676141e-05
3.067876267661456130e-03 1.000010590969659496e+00 2.935841437804896301e-05
2.512560834556232768e-03 1.000006591028414160e+00 2.835397089142826949e-05
2.145611606808647993e-03 1.000004803300328371e+00 2.764116751126530103e-05
2.313786173849659462e-03 1.000004958046462056e+00 2.886775214268738610e-05
2.512309878863256589e-04 9.999993934535919005e-01 2.718816338969183625e-05
-2.992294609266102790e-04 9.999999847340665937e-01 2.916545394222795997e-05
2.169558792110210573e-03 1.000004207971710191e+00 2.874140514178195427e-05
1.983078012434095518e-03 1.000003208298023694e+00 2.876553481568115499e-05
2.534679128265607522e-03 1.000009300282866498e+00 2.653038187403022915e-05
7.068520435031925859e-04 9.999993352853245865e-01 2.750867501687850842e-05
1.092862549201534944e-03 1.000000533463722308e+00 2.719427063322075999e-05
2.581579981389337496e-03 1.000006992962406471e+00 2.846855885940941888e-05
1.171599010688384370e-03 1.000001352321611803e+00 2.646255867691158886e-05
1.110386052391057086e-03 9.999995344006255005e-01 2.891757460293861235e-05
4.590059166610298107e-04 1.000001124021392407e+00 2.603823683251782744e-05
-3.498001643494552063e-04 9.999992981051887275e-01 2.939974492308793677e-05
-8.148512155763726252e-04 1.000002800137129277e+00 3.821682691157434473e-05
-5.584717882531435845e-04 1.000002303821287519e+00 3.352239421646321992e-05
3.457842115654697224e-03 1.000015907482472155e+00 3.226777711180324655e-05
9.016822569226343219e-04 9.999995084298791692e-01 2.790245386846133992e-05
-2.103731265495291294e-04 9.999986306250808754e-01 2.881891792671495544e-05
1.020247076102191340e-03 1.000001244651874011e+00 2.611914992522585126e-05
1.262702888744701626e-03 1.000001758692048437e+00 2.633716237187378817e-05
1.262504969487714514e-03 1.000001361000086186e+00 2.681842355894437723e-05
2.784810191447780782e-03 1.000009874591631043e+00 2.767151925942734313e-05
3.089642211109736979e-03 1.000011777690040571e+00 2.903400061205284159e-05
-2.121454302676183644e-04 1.000000345505893673e+00 2.869769006452811919e-05
1.261457829426495918e-03 1.000001657460050764e+00 2.644863114749982136e-05
-3.219781582492872631e-04 1.000001262883012831e+00 2.992733064555457603e-05
2.811830051836151229e-03 1.000011691660232627e+00 2.762210952475355568e-05
-1.596344847122320183e-04 1.000000030154540420e+00 2.835004383182604507e-05
3.070184826148290944e-03 1.000011142195696756e+00 2.909063690795937740e-05
3.377538509168602054e-03 1.000015484879408056e+00 3.160179380583310249e-05
1.292428441679279285e-03 1.000001322231852008e+00 2.700850993724621362e-05
5.529241535986225298e-04 1.000000954741563142e+00 2.597663882041969236e-05
9.007316601255053578e-04 1.000000866525106114e+00 2.621973279536236190e-05
3.555849987361415533e-03 1.000018065975722514e+00 3.521349426409188402e-05
1.987207380787306150e-03 1.000004395462212869e+00 2.702208826292506501e-05
2.031875941450080048e-03 1.000004363499834348e+00 2.737429786176915714e-05
1.191043169755099653e-03 1.000001176451638996e+00 2.674981373597880126e-05
2.056450387155335166e-03 1.000005444776306485e+00 2.632557250240482371e-05
2.245574271548838718e-03 1.000005334916075572e+00 2.772360799642031531e-05
1.718128364210594599e-03 1.000001917825826148e+00 2.882635626137008679e-05
2.290927645771012947e-03 1.000007139336227757e+00 2.628770737829426028e-05
1.196088125352761473e-03 1.000001114680671765e+00 2.684969690042221369e-05
3.335835727351780904e-03 1.000013690781426767e+00 3.056502455547733762e-05
1.314275145204630169e-03 1.000000844494651320e+00 2.783741133373801048e-05
9.943092241515615395e-04 1.000000416031830319e+00 2.697418508990598689e-05
3.059590572214213131e-03 1.000012464277824531e+00 2.883015964867242543e-05
7.696115001858607352e-04 9.999988257267972136e-01 2.846044926443762154e-05
1.214063459680443701e-04 9.999983564344249176e-01 2.815241938160316615e-05
2.771326834283741438e-04 9.999991467246929222e-01 2.734122560769414550e-05
3.318057555917022609e-03 1.000015872922450866e+00 3.176857830054340284e-05
2.880205834215217569e-04 9.999996897772548410e-01 2.695120335635058808e-05
8.235696332073959292e-05 1.000001039616517984e+00 2.724430978400324424e-05
3.644423308281926179e-04 1.000001683214302162e+00 2.619246271726109930e-05
3.257658683615528850e-03 1.000013905998336838e+00 3.016975011919110204e-05
3.199790558504497090e-03 1.000012771207258844e+00 2.964387952011521288e-05
1.176847814195978179e-03 1.000000104516185040e+00 2.827838752711872810e-05
7.330266370558806074e-04 1.000000844855641668e+00 2.601963547652178947e-05
3.465826623989876672e-04 9.999995480428360839e-01 2.698343248759722734e-05
-4.849398467572008011e-04 1.000001971779212129e+00 3.219684601106654877e-05
6.558558376468584528e-06 9.999988555896675013e-01 2.799240734542686535e-05
2.990982834476603805e-03 1.000012659827073769e+00 2.855607373893986637e-05
7.196377131567092186e-04 1.000000332511776113e+00 2.642952809310315264e-05
1.764503237751698268e-03 1.000003348519962199e+00 2.690958444999950783e-05
2.620092087167331376e-04 1.000000023347612066e+00 2.681984212239776707e-05
2.358764701920076489e-03 1.000007521946826516e+00 2.641123880187724418e-05
3.784415906307473038e-04 9.999996716138634945e-01 2.687191629590419378e-05
-1.062075309284115678e-05 1.000000359276884465e+00 2.762676641315489729e-05
2.212343138560711811e-04 9.999993878997245345e-01 2.723406934855903755e-05
1.465538694812820730e-03 1.000000741584616826e+00 2.905140493079320157e-05
9.848605552317793357e-04 9.999992685170469020e-01 2.869102871684709374e-05
2.066762783838147800e-03 1.000005431043105242e+00 2.639701441058415397e-05
7.663534957845251957e-04 9.999997301294865082e-01 2.715765590603554062e-05
5.380926129445661940e-04 9.999994717664514310e-01 2.706346837309289886e-05
1.148165917480311379e-03 1.000001117548025453e+00 2.665472801866806138e-05
5.636329037565025778e-04 1.000001000140938068e+00 2.594598443289071753e-05
1.283731284367724875e-04 9.999996692860965153e-01 2.727812988917096776e-05
2.800230007942024549e-03 1.000008297273309754e+00 2.895502686577041470e-05
1.081487273230245620e-03 1.000000686591482113e+00 2.694340625198350959e-05
2.637542839237142552e-03 1.000007907845102517e+00 2.795595091776867670e-05
8.066767833900836916e-04 1.000000315238328774e+00 2.658446664895349599e-05
1.744447633508194352e-03 1.000003664531151637e+00 2.641461672198885792e-05
1.789335529388716862e-03 1.000003527622467692e+00 2.683418143060202894e-05
1.127017548358665239e-03 1.000000358602112005e+00 2.760170820351210907e-05
-3.385711205046821552e-04 1.000000410311906007e+00 2.957169197765810833e-05
1.961500010486371022e-03 1.000004969706144609e+00 2.624279993594534467e-05
2.229946552751712035e-03 1.000006729536650818e+00 2.623882320457557682e-05
2.445441636836648107e-03 1.000008628366875207e+00 2.632006203551250515e-05
3.374468123905832902e-03 1.000013931233716180e+00 3.084879577572138045e-05
1.933508969678941324e-03 1.000004728636871398e+00 2.632354680953648474e-05
2.308276416743772902e-03 1.000007198514003770e+00 2.634223555522432597e-05
7.368793432567060080e-04 9.999997057844637327e-01 2.711769758406846326e-05
1.411387210071263177e-03 1.000001095625349112e+00 2.802037206625815992e-05
8.346268574804051365e-04 9.999999875100584745e-01 2.701899680333871783e-05
1.287154171046423108e-03 1.000001761622298480e+00 2.642995222546995338e-05
4.307892532293340930e-04 9.999991934920492431e-01 2.726983750966217288e-05
2.558109108257480488e-03 1.000008901162230401e+00 2.677283080815277052e-05
3.482445729293836504e-03 1.000016461519391830e+00 3.287886158284937602e-05
7.565469821404346030e-04 1.000000616696685496e+00 2.622180688651041191e-05
3.157050532442187783e-03 1.000012216218800321e+00 2.940651477901843645e-05
1.819084264232295224e-03 1.000003252176204560e+00 2.739619008190545310e-05
3.240992394323476914e-03 1.000012075050686899e+00 3.005495783034975424e-05
9.395591006880798027e-04 9.999993303224761210e-01 2.835588445231539419e-05
6.540895341313477176e-04 9.999990062910442123e-01 2.781485769608476357e-05
3.640158191341419814e-03 1.000018581938875162e+00 3.623209300783010380e-05
1.605907781516494916e-03 1.000002257385834703e+00 2.742864937313193270e-05
1.569822912227648035e-03 1.000001735632449540e+00 2.801156010031881656e-05
1.969811415319822935e-03 1.000003720523100492e+00 2.781595288993657687e-05
-2.798499037200657784e-04 9.999984794166371094e-01 2.917211221775428573e-05
-4.742719941008919499e-05 1.000000636312140756e+00 2.782272090091173909e-05
2.234986564347264670e-03 1.000005752639925527e+00 2.714465636352914372e-05
2.988962786943668605e-03 1.000010900291763871e+00 2.860367720318037041e-05
1.940959219883741770e-03 1.000002836885648838e+00 2.906125429755501710e-05
2.372296138623671219e-04 1.000001366848216167e+00 2.662562452310836833e-05
1.511212170976431639e-03 1.000001312980365764e+00 2.832395123731639331e-05
2.764865770618391179e-05 9.999984933915735397e-01 2.818032115490721429e-05
1.517370736034310847e-03 1.000001454168686355e+00 2.812195851410237952e-05
4.498430257061144383e-05 9.999988404774496908e-01 2.790879875031991529e-05
1.036650684777452045e-03 1.000001120538334121e+00 2.628746005761648470e-05
3.014871505843258904e-03 1.000011958597437411e+00 2.856735042363731152e-05
3.956449234737700101e-04 1.000000176683131237e+00 2.653447123157158307e-05
2.549471204113272493e-03 1.000008793598199830e+00 2.677252212274470829e-05
6.303430397562254442e-04 9.999987771537089953e-01 2.807445560026822841e-05
1.020851500977278895e-03 1.000001057214236599e+00 2.631053561351411282e-05
-2.870350027799862484e-04 9.999995624413533513e-01 2.903615840917688688e-05
3.955587526737901118e-05 1.000001531062665538e+00 2.757552891485069821e-05
1.283608179963251650e-03 1.000001430063560681e+00 2.682361850202169052e-05
3.775965772799463362e-03 1.000020252274792076e+00 3.984951186201397377e-05
5.842835197956290682e-04 1.000000338690617108e+00 2.633424491832837762e-05
2.739250452713549305e-03 1.000008245674294249e+00 2.846672107978395487e-05
2.636588622989787835e-03 1.000008982370309552e+00 2.717881003663593552e-05
