  -1.34030    0.00000
  -0.44632    0.00170
   0.25737    0.00162
  -1.23972    0.00000
  -0.45501    0.00170
  -1.84821    0.00000
   0.15706    0.00161
  -2.25641    0.00000
  -1.84596    0.00000
  -0.72349    0.00184
   0.07355    0.00160
  -1.70812    0.00000
  -1.11192    0.00000
  -1.34806    0.00000
  -0.99556    0.00207
   0.44770    0.00166
  -1.33210    0.00000
   0.95719    0.00194
  -0.21579    0.00163
  -0.50115    0.00172
   0.16874    0.00161
  -1.48844    0.00000
  -0.42957    0.00169
   0.56051    0.00170
  -0.31486    0.00165
  -0.17589    0.00162
  -1.58046    0.00000
   0.23222    0.00161
  -1.83858    0.00000
   0.94947    0.00193
  -2.01572    0.00000
  -0.44245    0.00169
  -0.54067    0.00174
   0.91504    0.00190
  -1.15775    0.00000
  -0.51936    0.00173
  -1.63957    0.00000
  -0.04110    0.00160
   0.09386    0.00160
  -1.62597    0.00000
   0.55358    0.00170
  -0.90260    0.00198
  -0.61732    0.00178
   1.00644    0.00000
  -1.41760    0.00000
   0.30037    0.00162
   0.05630    0.00160
  -1.97221    0.00000
  -0.70252    0.00183
   0.03270    0.00160
  -1.99528    0.00000
  -1.14954    0.00000
  -1.89486    0.00000
  -1.84045    0.00000
  -1.34199    0.00000
  -1.02741    0.00000
  -2.12486    0.00000
  -0.53049    0.00173
   1.15590    0.00000
   0.02273    0.00160
  -2.30087    0.00000
   0.68163    0.00176
  -0.78637    0.00188
  -0.20275    0.00163
  -2.30836    0.00000
  -0.49540    0.00172
   0.88865    0.00188
   0.79330    0.00182
  -0.99390    0.00206
  -0.89428    0.00197
   0.13028    0.00160
  -0.53294    0.00173
  -1.77845    0.00000
  -0.34165    0.00166
   0.63925    0.00173
  -1.31984    0.00000
  -1.19424    0.00000
  -0.22829    0.00163
  -0.99964    0.00207
   0.64451    0.00174
  -1.42699    0.00000
  -0.06970    0.00161
   0.16540    0.00161
   0.03340    0.00160
  -0.69295    0.00182
  -0.27919    0.00164
  -0.97204    0.00204
  -0.85911    0.00194
  -0.05896    0.00161
  -1.57837    0.00000
   0.39163    0.00164
  -0.96254    0.00203
  -1.51575    0.00000
   0.94265    0.00193
  -0.38854    0.00167
  -0.11862    0.00161
  -0.42831    0.00169
  -2.20486    0.00000
  -2.32427    0.00000
  -0.66730    0.00181
  -2.33094    0.00000
  -1.44710    0.00000
   1.15462    0.00000
  -1.85791    0.00000
  -0.13422    0.00161
  -0.40436    0.00168
  -0.74860    0.00186
  -0.86987    0.00195
  -1.32625    0.00000
   0.23990    0.00161
   0.65975    0.00174
  -1.17122    0.00000
  -0.96655    0.00204
  -1.01597    0.00000
  -2.07652    0.00000
  -0.42660    0.00169
  -0.42937    0.00169
   0.28452    0.00162
  -1.97153    0.00000
   0.62259    0.00173
  -0.33641    0.00166
  -1.45264    0.00000
  -2.00162    0.00000
   0.82401    0.00184
  -1.92050    0.00000
  -1.02501    0.00000
  -1.45908    0.00000
  -0.04554    0.00160
  -1.53687    0.00000
  -0.48241    0.00171
  -1.87145    0.00000
   0.48983    0.00167
   0.00149    0.00160
  -2.04072    0.00000
   0.20704    0.00161
   0.23569    0.00161
  -1.49737    0.00000
  -1.81817    0.00000
  -2.11207    0.00000
   0.90730    0.00190
   0.44191    0.00166
   0.37676    0.00164
   0.83528    0.00185
  -0.25224    0.00164
  -0.82543    0.00191
  -1.82086    0.00000
  -1.70020    0.00000
  -0.63534    0.00179
  -1.87136    0.00000
  -1.71671    0.00000
   0.58491    0.00171
   0.60702    0.00172
  -0.99620    0.00207
  -0.50763    0.00172
   0.93017    0.00192
  -1.38495    0.00000
  -1.77149    0.00000
  -1.47474    0.00000
  -0.61690    0.00178
  -1.62445    0.00000
  -0.66343    0.00180
  -1.34703    0.00000
  -1.26296    0.00000
  -2.13369    0.00000
  -0.83550    0.00192
  -1.90044    0.00000
  -1.45504    0.00000
   0.96133    0.00194
  -2.05821    0.00000
  -0.99553    0.00207
   0.27509    0.00162
  -0.27631    0.00164
  -2.00392    0.00000
  -0.40776    0.00168
   0.83400    0.00185
  -0.10720    0.00161
   0.13658    0.00160
   0.57528    0.00171
  -0.59761    0.00177
  -0.29059    0.00165
  -0.52272    0.00173
  -0.35791    0.00166
  -0.49770    0.00172
  -1.84035    0.00000
   0.08248    0.00160
  -0.90804    0.00198
  -2.10456    0.00000
  -0.20224    0.00163
  -1.54551    0.00000
  -2.31730    0.00000
  -1.31431    0.00000
  -0.25853    0.00164
  -0.72632    0.00184
  -0.21300    0.00163
   0.88838    0.00188
  -0.08546    0.00161
  -0.31248    0.00165
  -0.77986    0.00188
   0.93190    0.00192
   0.75821    0.00180
  -0.15870    0.00162
  -0.29404    0.00165
   0.88125    0.00188
  -1.18301    0.00000
  -0.90862    0.00198
  -0.89707    0.00197
  -1.61871    0.00000
  -0.78447    0.00188
  -1.49912    0.00000
  -0.23155    0.00163
  -0.80257    0.00190
  -1.67682    0.00000
  -0.61024    0.00177
  -0.86323    0.00194
  -1.33689    0.00000
  -1.70397    0.00000
   0.38317    0.00164
  -0.44695    0.00170
  -1.02471    0.00000
  -1.94037    0.00000
  -0.35455    0.00166
  -2.33695    0.00000
  -0.01280    0.00160
  -0.93742    0.00201
  -0.35849    0.00167
  -0.64499    0.00179
  -0.52547    0.00173
   0.87220    0.00187
  -0.65891    0.00180
   0.19684    0.00161
  -0.66875    0.00181
   0.04513    0.00160
  -1.48766    0.00000
  -1.36745    0.00000
  -0.38823    0.00167
  -0.45552    0.00170
   0.91379    0.00190
  -1.91366    0.00000
   0.39558    0.00165
   0.51217    0.00168
   0.55379    0.00170
  -2.22303    0.00000
  -0.11688    0.00161
  -2.13326    0.00000
  -0.74017    0.00185
  -0.52723    0.00173
  -1.63980    0.00000
   0.70876    0.00177
  -0.55359    0.00174
  -2.18264    0.00000
  -1.05727    0.00000
  -2.26531    0.00000
  -0.26457    0.00164
  -1.51852    0.00000
   0.45270    0.00166
   1.37735    0.00000
   1.33442    0.00000
  -1.91916    0.00000
  -0.98694    0.00206
  -1.37776    0.00000
  -1.12340    0.00000
  -0.27541    0.00164
  -1.40753    0.00000
  -1.23821    0.00000
  -0.99892    0.00207
  -1.36634    0.00000
  -1.04750    0.00000
  -0.89139    0.00197
   1.12325    0.00000
  -2.09053    0.00000
   0.02143    0.00160
   1.09857    0.00000
  -1.48664    0.00000
  -1.94628    0.00000
  -1.92039    0.00000
  -1.65732    0.00000
  -1.02301    0.00000
  -1.91000    0.00000
  -0.30154    0.00165
  -2.04928    0.00000
   0.79017    0.00182
  -1.05889    0.00000
  -2.06330    0.00000
  -0.52976    0.00173
   0.60946    0.00172
  -0.02373    0.00160
   0.23757    0.00161
  -1.59382    0.00000
  -1.48120    0.00000
  -1.07516    0.00000
  -0.87752    0.00196
  -1.36822    0.00000
  -2.03701    0.00000
  -0.15019    0.00162
  -1.41301    0.00000
  -0.20012    0.00162
  -0.82251    0.00191
  -0.26512    0.00164
   0.76852    0.00180
  -1.42822    0.00000
   0.32635    0.00163
   0.99524    0.00197
  -1.61674    0.00000
  -1.42306    0.00000
  -1.00268    0.00000
  -0.39950    0.00168
  -0.41765    0.00169
  -2.30212    0.00000
   1.27146    0.00000
  -1.86944    0.00000
  -2.25848    0.00000
   0.70486    0.00177
  -2.03240    0.00000
  -0.37923    0.00167
   0.10322    0.00160
   0.85353    0.00186
   0.44728    0.00166
  -0.01618    0.00160
   1.19859    0.00000
  -1.38441    0.00000
  -1.67249    0.00000
  -0.20335    0.00163
  -0.92746    0.00200
   0.84516    0.00185
   0.67710    0.00175
   0.11583    0.00160
  -1.10274    0.00000
  -0.09891    0.00161
  -1.93200    0.00000
  -1.38597    0.00000
  -1.73893    0.00000
  -0.68117    0.00181
  -0.80176    0.00190
  -1.83266    0.00000
  -1.55733    0.00000
  -0.81954    0.00191
  -0.59060    0.00176
  -0.82378    0.00191
  -0.36715    0.00167
  -0.11814    0.00161
  -1.46232    0.00000
  -2.36786    0.00000
   0.56153    0.00170
   1.00543    0.00000
   1.34761    0.00000
  -0.81062    0.00190
   0.19219    0.00161
  -1.97211    0.00000
  -0.20258    0.00163
  -2.37865    0.00000
  -0.91687    0.00199
  -1.07874    0.00000
   0.10173    0.00160
  -2.02386    0.00000
  -0.32022    0.00165
  -1.57791    0.00000
  -1.87105    0.00000
   1.08351    0.00000
  -1.00173    0.00000
  -0.45343    0.00170
  -1.80756    0.00000
   0.98372    0.00196
  -1.05362    0.00000
   0.56517    0.00170
  -1.46780    0.00000
  -1.47901    0.00000
  -2.12433    0.00000
   0.57762    0.00171
  -0.17777    0.00162
  -0.86401    0.00195
  -1.00005    0.00000
  -1.01588    0.00000
   0.97413    0.00195
   1.27534    0.00000
   1.20246    0.00000
  -0.17702    0.00162
  -1.68914    0.00000
  -0.90722    0.00198
  -0.89068    0.00197
   0.94928    0.00193
  -0.61362    0.00177
  -1.17648    0.00000
  -0.33859    0.00166
  -2.00351    0.00000
  -1.77797    0.00000
   0.43135    0.00166
  -2.14298    0.00000
  -1.39850    0.00000
  -0.34433    0.00166
  -1.55589    0.00000
   0.45389    0.00166
   0.86264    0.00187
   0.27464    0.00162
  -0.45232    0.00170
   1.23391    0.00000
  -2.25676    0.00000
  -1.87725    0.00000
   0.72809    0.00178
  -1.22487    0.00000
  -1.42107    0.00000
  -0.41475    0.00168
  -2.25557    0.00000
  -0.45385    0.00170
  -0.78307    0.00188
  -0.56891    0.00175
  -2.08028    0.00000
   0.52350    0.00169
  -2.04616    0.00000
  -0.52224    0.00173
   0.41054    0.00165
  -1.00122    0.00000
  -1.36226    0.00000
   0.45899    0.00166
   1.38388    0.00000
   0.04459    0.00160
   0.04389    0.00160
   0.56185    0.00170
  -1.66677    0.00000
  -1.15473    0.00000
  -0.63392    0.00179
  -0.15786    0.00162
   1.10518    0.00000
  -0.09381    0.00161
  -0.52538    0.00173
  -1.39988    0.00000
  -0.16700    0.00162
  -1.09157    0.00000
  -0.18809    0.00162
   0.56075    0.00170
  -0.60292    0.00177
  -1.54784    0.00000
  -2.15120    0.00000
  -0.12125    0.00161
   0.13577    0.00160
   0.38407    0.00164
  -0.00851    0.00160
  -0.32307    0.00165
   0.22125    0.00161
  -0.23079    0.00163
  -0.12275    0.00161
  -0.46368    0.00170
  -0.19431    0.00162
   0.49337    0.00168
  -2.11281    0.00000
   0.39797    0.00165
  -1.73441    0.00000
  -1.18892    0.00000
  -0.91664    0.00199
  -1.47748    0.00000
   0.08889    0.00160
  -0.54400    0.00174
  -1.22908    0.00000
  -1.06262    0.00000
   0.80622    0.00183
  -2.18374    0.00000
   1.31760    0.00000
  -2.28086    0.00000
   0.14612    0.00160
  -0.78971    0.00189
   0.00208    0.00160
  -2.12471    0.00000
  -0.78203    0.00188
   0.65741    0.00174
  -0.37231    0.00167
  -0.85972    0.00194
   0.44843    0.00166
  -2.07924    0.00000
   0.70670    0.00177
  -2.29488    0.00000
  -0.90641    0.00198
  -0.55430    0.00174
  -0.47500    0.00171
   0.06137    0.00160
  -0.08708    0.00161
  -2.24577    0.00000
  -0.18261    0.00162
  -1.91087    0.00000
  -1.93356    0.00000
  -0.99739    0.00207
   0.23586    0.00161
   1.23778    0.00000
   0.80594    0.00183
  -1.01021    0.00000
   0.12769    0.00160
  -0.61883    0.00178
   0.33666    0.00163
  -2.22609    0.00000
  -1.20697    0.00000
  -1.15721    0.00000
  -0.47355    0.00171
  -0.06966    0.00161
   0.55163    0.00170
  -1.31687    0.00000
   0.09963    0.00160
  -0.93352    0.00201
  -0.72352    0.00184
  -0.91500    0.00199
   0.63132    0.00173
  -1.44882    0.00000
  -0.94116    0.00201
  -1.43842    0.00000
  -1.39061    0.00000
  -0.53170    0.00173
   1.37290    0.00000
  -1.63287    0.00000
  -1.54447    0.00000
  -1.21684    0.00000
  -2.08618    0.00000
  -1.64561    0.00000
  -1.13601    0.00000
   1.10712    0.00000
  -0.37877    0.00167
  -1.51483    0.00000
  -1.83663    0.00000
  -1.32363    0.00000
  -0.62237    0.00178
  -0.72384    0.00184
  -1.56776    0.00000
   0.50155    0.00168
  -0.06071    0.00161
  -1.10396    0.00000
  -1.56209    0.00000
   1.14907    0.00000
  -0.09763    0.00161
   0.26299    0.00162
  -0.39139    0.00168
  -0.50240    0.00172
  -1.37249    0.00000
   0.22016    0.00161
  -0.23486    0.00163
  -1.37466    0.00000
  -1.95066    0.00000
  -0.69663    0.00182
  -1.33227    0.00000
  -0.40498    0.00168
  -2.00781    0.00000
  -0.73808    0.00185
   0.36471    0.00164
   1.38575    0.00000
  -0.23301    0.00163
  -2.13312    0.00000
   1.22263    0.00000
  -0.73129    0.00185
  -1.01416    0.00000
  -0.78567    0.00188
   0.37808    0.00164
   0.65925    0.00174
  -1.85856    0.00000
  -1.33618    0.00000
  -0.55301    0.00174
   1.02623    0.00000
  -0.11265    0.00161
  -1.03689    0.00000
  -0.82248    0.00191
   0.27037    0.00162
  -0.84232    0.00193
  -1.30832    0.00000
   0.58996    0.00171
  -1.39222    0.00000
  -0.72710    0.00184
  -0.55579    0.00174
  -0.90666    0.00198
   1.00005    0.00000
   0.42668    0.00165
  -0.12896    0.00161
   0.29582    0.00162
  -1.09463    0.00000
  -0.56851    0.00175
  -0.11381    0.00161
   0.64898    0.00174
   0.57787    0.00171
  -1.80107    0.00000
  -0.66290    0.00180
   0.36745    0.00164
  -0.41741    0.00169
  -0.51897    0.00173
  -1.26257    0.00000
  -0.49448    0.00172
  -1.15804    0.00000
  -0.43003    0.00169
  -0.57481    0.00175
  -0.66186    0.00180
  -0.20163    0.00163
  -0.65694    0.00180
  -1.61364    0.00000
  -0.80104    0.00190
  -0.67339    0.00181
   0.65090    0.00174
  -1.81393    0.00000
  -1.57529    0.00000
   1.13882    0.00000
   0.95757    0.00194
  -1.70737    0.00000
  -0.12306    0.00161
  -0.83655    0.00192
  -0.50638    0.00172
  -0.67168    0.00181
  -1.08906    0.00000
  -0.50570    0.00172
   1.11868    0.00000
  -1.56752    0.00000
  -0.30085    0.00165
   0.53179    0.00169
  -1.44001    0.00000
   0.88208    0.00188
  -1.32019    0.00000
  -0.83712    0.00192
   1.03367    0.00000
   0.89901    0.00189
   0.80785    0.00183
  -0.47348    0.00171
  -0.42017    0.00169
   0.56713    0.00170
  -0.59691    0.00177
  -0.66346    0.00180
  -1.82542    0.00000
   0.79767    0.00182
  -1.76450    0.00000
  -0.23246    0.00163
  -2.33788    0.00000
  -0.25027    0.00164
  -1.70499    0.00000
  -0.55783    0.00175
   0.11541    0.00160
   0.84470    0.00185
   1.24263    0.00000
  -1.75045    0.00000
  -0.98415    0.00205
   0.34558    0.00163
  -0.59447    0.00176
   0.58934    0.00171
  -0.77328    0.00188
  -0.01200    0.00160
   0.08101    0.00160
   0.20178    0.00161
  -0.99694    0.00207
  -0.32715    0.00166
  -1.95397    0.00000
  -0.49423    0.00172
   0.53544    0.00169
   1.03026    0.00000
  -2.23001    0.00000
   0.09679    0.00160
  -0.73512    0.00185
   0.28268    0.00162
   0.65155    0.00174
   0.22510    0.00161
  -0.20881    0.00163
  -1.35946    0.00000
  -1.66439    0.00000
  -1.42972    0.00000
   0.36716    0.00164
  -1.45453    0.00000
  -0.75852    0.00186
  -1.00923    0.00000
  -1.11117    0.00000
   0.23271    0.00161
  -1.02360    0.00000
   0.03057    0.00160
  -0.99896    0.00207
   0.54879    0.00170
  -2.26174    0.00000
  -0.76908    0.00187
   1.18444    0.00000
  -0.31135    0.00165
  -1.23126    0.00000
   0.34131    0.00163
  -2.20906    0.00000
  -0.45727    0.00170
   0.23308    0.00161
   0.59538    0.00171
  -0.68034    0.00181
  -1.46912    0.00000
   0.41160    0.00165
   1.37595    0.00000
   0.64830    0.00174
  -1.70799    0.00000
  -1.49726    0.00000
  -2.25780    0.00000
   0.33251    0.00163
   0.65927    0.00174
  -2.18829    0.00000
  -0.20737    0.00163
  -0.88150    0.00196
  -0.01238    0.00160
  -0.79292    0.00189
  -1.31128    0.00000
  -0.50019    0.00172
  -1.36674    0.00000
  -0.81903    0.00191
  -0.08194    0.00161
  -0.39967    0.00168
   0.53189    0.00169
  -2.02823    0.00000
   0.53961    0.00169
   0.20852    0.00161
  -1.34112    0.00000
  -0.33128    0.00166
   0.00737    0.00160
  -0.30977    0.00165
  -0.83963    0.00193
  -1.90479    0.00000
  -0.99914    0.00207
  -1.12187    0.00000
   1.29313    0.00000
   0.38782    0.00164
  -1.59948    0.00000
  -0.45159    0.00170
  -1.41964    0.00000
  -1.94319    0.00000
   0.51839    0.00168
   0.16554    0.00161
  -0.33400    0.00166
  -1.15773    0.00000
   0.11298    0.00160
  -0.51549    0.00173
  -0.84758    0.00193
  -2.16062    0.00000
  -0.81134    0.00190
  -0.67994    0.00181
  -1.11732    0.00000
   1.00880    0.00000
  -1.19097    0.00000
  -1.82093    0.00000
   0.73541    0.00178
  -0.20614    0.00163
  -0.15858    0.00162
  -0.02471    0.00160
  -0.66810    0.00181
  -0.97616    0.00205
  -0.74878    0.00186
   0.39030    0.00164
  -2.06628    0.00000
  -1.16811    0.00000
   0.23682    0.00161
  -1.61368    0.00000
  -0.12227    0.00161
  -0.33365    0.00166
  -0.18649    0.00162
  -1.84477    0.00000
   0.05162    0.00160
   0.08259    0.00160
  -1.43752    0.00000
  -1.82191    0.00000
   0.04102    0.00160
  -1.29070    0.00000
  -1.42872    0.00000
  -0.45655    0.00170
  -1.08634    0.00000
   0.60365    0.00172
  -1.75279    0.00000
  -1.81515    0.00000
   0.94616    0.00193
  -1.64295    0.00000
  -0.67623    0.00181
  -1.97224    0.00000
   0.55149    0.00170
  -0.58516    0.00176
  -0.56247    0.00175
  -1.60411    0.00000
   0.29404    0.00162
  -0.43174    0.00169
  -1.60088    0.00000
   1.00192    0.00000
  -1.67287    0.00000
   1.34094    0.00000
  -0.07506    0.00161
   0.20915    0.00161
  -2.18087    0.00000
  -1.34095    0.00000
  -1.53638    0.00000
   1.25838    0.00000
  -1.14743    0.00000
  -1.77355    0.00000
  -0.94893    0.00202
  -1.07962    0.00000
   0.38072    0.00164
   0.01124    0.00160
  -1.49452    0.00000
  -0.61871    0.00178
  -0.87557    0.00195
  -1.15299    0.00000
  -0.45342    0.00170
  -1.92839    0.00000
  -0.90637    0.00198
  -1.06244    0.00000
   0.36366    0.00164
   0.17756    0.00161
  -0.75795    0.00186
  -2.27245    0.00000
  -0.07482    0.00161
  -0.63191    0.00178
  -2.23617    0.00000
   1.21441    0.00000
  -0.72867    0.00184
  -1.85783    0.00000
  -1.50897    0.00000
  -0.24097    0.00163
   1.39082    0.00000
   0.46658    0.00167
  -2.08152    0.00000
  -0.51492    0.00173
  -1.26973    0.00000
   0.27431    0.00162
  -1.63480    0.00000
  -1.64748    0.00000
  -0.09528    0.00161
  -0.76965    0.00187
   0.25808    0.00162
   0.91043    0.00190
   1.11611    0.00000
   0.56675    0.00170
   0.73682    0.00179
   0.40711    0.00165
  -1.84869    0.00000
  -1.65220    0.00000
  -2.37356    0.00000
  -1.30493    0.00000
  -0.62475    0.00178
  -1.74496    0.00000
  -0.61816    0.00178
  -1.75707    0.00000
  -0.56480    0.00175
  -0.96701    0.00204
  -1.14625    0.00000
  -0.19286    0.00162
  -0.51226    0.00172
  -2.31265    0.00000
  -1.27699    0.00000
   0.55003    0.00170
   1.39346    0.00000
  -0.05287    0.00161
  -2.29428    0.00000
  -0.66749    0.00181
  -1.40722    0.00000
  -1.85457    0.00000
   0.44093    0.00166
  -1.19955    0.00000
  -0.93060    0.00200
  -0.09266    0.00161
  -1.69047    0.00000
   0.12172    0.00160
   1.00849    0.00000
  -0.53654    0.00174
  -0.55674    0.00174
  -0.12380    0.00161
  -1.28711    0.00000
   0.71110    0.00177
   0.43007    0.00166
  -0.65326    0.00180
  -0.20321    0.00163
  -1.18403    0.00000
  -0.51385    0.00172
   1.34168    0.00000
   0.49565    0.00168
  -1.04193    0.00000
  -0.19539    0.00162
   0.31407    0.00163
  -1.10134    0.00000
   0.06278    0.00160
  -1.67786    0.00000
   0.29329    0.00162
  -1.91423    0.00000
  -1.91996    0.00000
  -1.13393    0.00000
  -1.15590    0.00000
  -1.33542    0.00000
   1.26566    0.00000
   0.05711    0.00160
   0.00384    0.00160
  -0.79809    0.00189
  -1.39422    0.00000
   1.32015    0.00000
  -1.01175    0.00000
  -1.04425    0.00000
  -1.08031    0.00000
   0.21316    0.00161
  -0.17049    0.00162
   0.74799    0.00179
   0.20304    0.00161
   0.22861    0.00161
  -1.19476    0.00000
   0.94937    0.00193
  -1.30463    0.00000
  -0.12855    0.00161
  -1.14996    0.00000
  -0.87388    0.00195
  -0.80504    0.00190
   0.81172    0.00183
  -0.27905    0.00164
  -0.14650    0.00162
  -0.63603    0.00179
   0.89892    0.00189
  -1.84915    0.00000
  -2.12075    0.00000
  -2.01424    0.00000
  -2.11700    0.00000
  -1.14981    0.00000
  -2.21872    0.00000
   1.08508    0.00000
  -0.49733    0.00172
  -1.02539    0.00000
  -1.56295    0.00000
  -2.32616    0.00000
   0.15427    0.00160
  -2.15544    0.00000
  -1.22755    0.00000
  -0.61216    0.00177
  -0.23866    0.00163
   1.10830    0.00000
  -1.20484    0.00000
  -0.06014    0.00161
  -0.45858    0.00170
  -2.31519    0.00000
   0.29457    0.00162
  -0.24738    0.00163
  -1.14469    0.00000
  -0.63124    0.00178
  -0.86734    0.00195
   0.03066    0.00160
  -0.21070    0.00163
  -1.18743    0.00000
   1.06123    0.00000
  -0.56489    0.00175
   1.29673    0.00000
  -0.74710    0.00186
   0.57656    0.00171
  -1.75610    0.00000
   0.08787    0.00160
   0.93140    0.00192
  -0.53673    0.00174
  -0.62361    0.00178
  -1.78292    0.00000
  -0.47824    0.00171
   0.23232    0.00161
  -0.69032    0.00182
  -0.65922    0.00180
   0.28586    0.00162
   0.64539    0.00174
   0.45539    0.00166
  -0.24360    0.00163
  -2.33509    0.00000
  -2.19483    0.00000
  -1.23998    0.00000
   0.63035    0.00173
  -1.08369    0.00000
  -0.49867    0.00172
  -0.76620    0.00187
  -1.65229    0.00000
  -0.17934    0.00162
  -1.93326    0.00000
   1.13198    0.00000
  -2.33523    0.00000
  -0.30871    0.00165
   0.61863    0.00172
  -0.82911    0.00192
   0.58295    0.00171
  -1.69535    0.00000
  -0.12906    0.00161
  -1.10949    0.00000
  -1.53161    0.00000
   1.17407    0.00000
  -1.99297    0.00000
  -1.33652    0.00000
  -1.12621    0.00000
  -1.40942    0.00000
  -0.25280    0.00164
  -0.51247    0.00172
   0.48811    0.00167
  -2.37843    0.00000
  -1.83265    0.00000
  -1.02682    0.00000
  -1.51985    0.00000
  -0.26646    0.00164
   1.05835    0.00000
  -0.92272    0.00200
   1.36441    0.00000
  -0.41645    0.00168
   0.06266    0.00160
  -1.36412    0.00000
  -2.08348    0.00000
  -0.10547    0.00161
   1.12554    0.00000
  -0.33100    0.00166
  -1.40587    0.00000
  -1.07142    0.00000
  -2.35524    0.00000
   0.59781    0.00172
  -1.79047    0.00000
  -0.45327    0.00170
  -2.25621    0.00000
   0.87205    0.00187
  -0.04181    0.00160
  -0.73727    0.00185
   0.94790    0.00193
   1.18509    0.00000
  -0.49575    0.00172
  -0.38856    0.00167
  -2.20426    0.00000
   0.93840    0.00192
