1.223629912356036264e+01	7.071094090623777362e-01	0.000000000000000000e+00
1.213393421028410302e+01	4.905079436044335051e-01	0.000000000000000000e+00
1.235766544727546901e+01	8.238975577017259022e-01	0.000000000000000000e+00
1.210481293401320180e+01	5.351316880655651032e-01	0.000000000000000000e+00
1.199344571792895131e+01	9.451494431690105058e-02	0.000000000000000000e+00
1.201386285901081408e+01	2.388607396723003706e-01	1.137389698521953640e+01
1.227873871676145434e+01	7.757294051759309195e-01	0.000000000000000000e+00
1.200937503116231397e+01	3.366523503505083337e-01	2.425008839479642075e-01
1.205788801920109954e+01	2.787554112921839522e-01	2.088023385142400434e-01
1.207814807975021942e+01	3.693539757811257762e-01	1.391653784631671260e+04
1.215349930569290393e+01	5.204197512396842029e-01	0.000000000000000000e+00
1.206005400032184660e+01	4.206920257744424241e-01	0.000000000000000000e+00
1.211527552167644295e+01	5.270003731029151428e-01	0.000000000000000000e+00
1.202513139769550321e+01	3.717690919410455153e-01	2.332267411883026109e-01
1.200931956055578809e+01	3.146959593401638111e-02	0.000000000000000000e+00
1.210080927582617072e+01	4.773203110491347489e-01	0.000000000000000000e+00
1.206025886554271409e+01	3.927156372705951082e-01	1.762692953514663485e-01
1.206208128710415117e+01	3.198646511780195989e-01	3.099532836022035887e-01
1.206877941888994066e+01	3.882450026852012348e-01	2.084651610309469771e-01
1.217046475386658244e+01	6.232306243243895816e-01	0.000000000000000000e+00
1.210118274256778825e+01	5.440026897745413592e-01	0.000000000000000000e+00
1.205236803506731214e+01	2.229650242324895393e-01	1.939548786915211986e-01
1.205661521398785041e+01	3.367871776386346938e-01	1.940488474963957821e-01
1.204720361709856924e+01	3.399241892462559478e-01	2.739854084992210392e-01
1.201680578804707089e+01	2.948384151216785209e-01	1.910129188462122152e-01
1.199881821438623675e+01	4.142845113364676535e-02	0.000000000000000000e+00
1.203090491467947487e+01	2.740187500975022616e-01	2.010835017140569225e-01
1.201579435214162928e+01	1.853600480997394384e-01	2.205850649282353471e-01
1.204641164838750100e+01	2.299998269305770504e-01	2.671135466427059235e-01
1.198887999371492086e+01	2.362853280610045514e-01	1.473057307697811735e+00
1.205041408122940894e+01	3.109274500088629600e-01	2.410792135870670205e-01
1.214647198783075055e+01	5.926683612542396062e-01	0.000000000000000000e+00
1.210721518137802200e+01	4.172292670445692520e-01	0.000000000000000000e+00
1.196378221936196518e+01	2.232381555762752434e-02	0.000000000000000000e+00
1.210045874110383046e+01	4.125045124932539276e-01	0.000000000000000000e+00
1.198129656057304260e+01	2.383125511035792954e-01	2.651568141899726672e-01
1.208971639975855261e+01	4.399880497974809068e-01	0.000000000000000000e+00
1.218264230494212796e+01	5.690721391294304432e-01	0.000000000000000000e+00
1.215175420643010895e+01	5.087158483337973491e-01	0.000000000000000000e+00
1.206168349132398809e+01	4.506453803351584408e-01	0.000000000000000000e+00
1.215926116147062785e+01	5.484722113267515020e-01	0.000000000000000000e+00
1.205048646810502966e+01	4.323426529799127560e-01	0.000000000000000000e+00
1.206677619797178203e+01	2.883835216788119271e-01	1.813013371937266249e-01
1.202593591403119966e+01	3.689867145983900532e-01	2.769290700233825175e-01
1.197533993405367880e+01	4.786762234768775215e-02	0.000000000000000000e+00
1.196512566431431424e+01	7.881528350201860711e-02	0.000000000000000000e+00
1.232614126532319077e+01	7.724357274630682113e-01	0.000000000000000000e+00
1.202284301477641293e+01	2.192081478843164177e-01	1.716593952262547018e-01
1.214298034609198318e+01	4.858823880250721094e-01	0.000000000000000000e+00
1.225371621328725880e+01	6.647868468455649937e-01	0.000000000000000000e+00
1.210409060791052305e+01	3.921470895897173348e-01	2.324873620886415693e-01
1.218266728714819536e+01	5.743012515638430404e-01	0.000000000000000000e+00
1.198788734212730134e+01	2.815371308538855977e-01	1.806565916488936385e-01
1.205592934664455562e+01	3.800567702810621062e-01	1.957824513136232070e-01
1.202842044719032799e+01	2.596528129586854750e-01	2.709770509450640796e-01
1.206283797925135026e+01	3.119269495031724571e-01	2.209000138960178772e-01
1.198738613849601542e+01	1.397642601987567068e-01	4.746786982098585850e-01
1.197284832702369251e+01	5.371617748164136952e-03	0.000000000000000000e+00
1.205283814231918704e+01	3.801149296843028269e-01	1.860883503375149739e-01
1.212547560715383810e+01	5.035201531885218351e-01	0.000000000000000000e+00
1.235640383542759224e+01	9.078304723067840420e-01	0.000000000000000000e+00
1.205163250590231527e+01	4.440890777075134910e-01	0.000000000000000000e+00
1.236100123365724990e+01	9.110128386168885317e-01	0.000000000000000000e+00
1.226755616605358767e+01	7.782090304273703296e-01	0.000000000000000000e+00
1.229315892841331959e+01	8.310435562294666845e-01	0.000000000000000000e+00
1.210986350820746971e+01	4.655492974669986905e-01	0.000000000000000000e+00
1.218063412697276604e+01	6.023584618313250205e-01	0.000000000000000000e+00
1.221305472143782289e+01	6.397195828723456490e-01	0.000000000000000000e+00
1.218172721288070015e+01	6.157543055031594603e-01	0.000000000000000000e+00
1.219827459776377232e+01	6.452659109750398247e-01	0.000000000000000000e+00
1.206876465895185646e+01	2.865780177918952898e-01	1.957295252983591582e-01
1.216755075383123952e+01	5.892558063820569902e-01	0.000000000000000000e+00
1.203615290810487970e+01	2.896073213783859623e-01	1.764122396462794173e-01
1.205426374129351252e+01	3.109777450558278700e-01	2.592628725921449218e-01
1.207018234801125978e+01	2.941522457432149684e-01	3.097601165633580567e-01
1.198017193747744003e+01	3.535182895855282226e-02	0.000000000000000000e+00
1.212857328973191962e+01	5.083797189704820640e-01	0.000000000000000000e+00
1.211980304769356565e+01	4.664137400872688799e-01	0.000000000000000000e+00
1.217824687683114604e+01	5.592285509910827068e-01	0.000000000000000000e+00
1.222610872366513490e+01	6.532290466373764648e-01	0.000000000000000000e+00
1.199145092066110330e+01	2.172774669535907088e-01	1.905229696414466878e-01
1.212003044227125770e+01	5.816641362954936278e-01	0.000000000000000000e+00
1.212265612142165061e+01	5.291038040041773360e-01	0.000000000000000000e+00
1.210953850210954741e+01	4.032587136186304155e-01	0.000000000000000000e+00
1.198013686991290427e+01	1.121211950602194751e-01	3.713548687533864134e-01
1.198488763542104962e+01	1.314093941955515321e-01	2.028741986432689437e-01
1.202477851368126771e+01	2.348912777137465713e-02	0.000000000000000000e+00
1.217462434247905101e+01	5.393943078033128780e-01	0.000000000000000000e+00
1.221692854586673072e+01	6.740758554674151082e-01	0.000000000000000000e+00
1.207379412846738376e+01	3.654750181911553542e-01	1.667409907162024973e+00
1.242639339871897697e+01	9.868576467055777401e-01	0.000000000000000000e+00
1.206112520900662233e+01	3.886893679421127845e-01	1.735554238933557092e-01
1.208647206532881668e+01	4.247619561013511458e-01	0.000000000000000000e+00
1.201855663545156894e+01	2.500869805829890602e-01	1.913404481786689648e-01
1.203728522976157933e+01	3.708804828600512637e-01	1.861776146405436094e-01
1.212549757678294782e+01	5.710871295504045264e-01	0.000000000000000000e+00
1.218204570478775750e+01	6.386545763360477190e-01	0.000000000000000000e+00
1.207317061347679044e+01	4.745240650951917383e-01	0.000000000000000000e+00
1.231766425881379412e+01	8.000501414496187236e-01	0.000000000000000000e+00
1.209079460513050819e+01	5.174013244524521271e-01	0.000000000000000000e+00
1.216867406030986487e+01	5.715081658627965133e-01	0.000000000000000000e+00
1.204219253337310391e+01	3.944660163111033957e-01	4.819814605477444891e-01
1.210540170696939555e+01	4.131559997822682462e-01	0.000000000000000000e+00
1.208924587710374432e+01	4.863984734926091180e-01	0.000000000000000000e+00
1.221789678061072237e+01	6.165695603923322388e-01	0.000000000000000000e+00
1.214882969748442321e+01	6.238128144454030410e-01	0.000000000000000000e+00
1.206788200437469882e+01	3.948569151194050719e-01	5.561935761813796489e+03
1.216296938233564262e+01	5.609348190438279147e-01	0.000000000000000000e+00
1.201797363561674103e+01	3.649351791521729949e-01	1.907430417711221127e+00
1.199231586396501292e+01	1.940607602846990964e-01	7.244156115244224647e-01
1.203003145196497137e+01	1.440405529006328067e-01	2.222420706835669668e-01
1.203039994754974451e+01	1.828902127728443960e-01	2.860464695801861468e-01
1.203088900620600121e+01	2.947775501646766605e-01	1.797958693123295204e-01
1.218413896457904144e+01	5.976155115764210102e-01	0.000000000000000000e+00
1.221100824628667425e+01	6.140228158693106231e-01	0.000000000000000000e+00
1.208118458211306567e+01	4.187317493759340481e-01	0.000000000000000000e+00
1.199971746515918269e+01	1.891982102599663040e-01	1.813673207588364089e-01
1.208773182480940100e+01	5.081970389773756702e-01	0.000000000000000000e+00
1.240686230176661020e+01	9.439080320371040500e-01	0.000000000000000000e+00
1.204720535189357200e+01	4.201330137262686004e-01	0.000000000000000000e+00
1.201318605031544706e+01	3.622304301100352508e-01	7.241550728498400424e-01
1.206091002069616458e+01	2.580670246277045887e-01	4.230864461651744790e+00
1.214432112159515498e+01	5.858364212293627471e-01	0.000000000000000000e+00
1.212628802054128485e+01	5.097229931570903538e-01	0.000000000000000000e+00
1.208058249373875626e+01	4.825387660456408323e-01	0.000000000000000000e+00
1.203346531366312355e+01	2.777198856982549535e-01	1.397121197795727410e+00
1.218947559507551581e+01	6.754277812607873965e-01	0.000000000000000000e+00
1.198977081001417844e+01	1.480424235478156880e-01	1.684414874375100568e-01
1.215757223421554123e+01	5.850613673388631586e-01	0.000000000000000000e+00
1.201269270256267241e+01	1.682618275465454227e-01	2.349816426794063551e-01
1.203916967392061643e+01	3.072273426922216277e-01	1.913529833101997590e-01
1.196496724282662605e+01	1.631595724617836141e-01	1.918489001003466921e-01
1.207355403050569720e+01	3.785921478394157491e-01	2.755272831891952823e-01
1.241310250477181576e+01	8.999885280070645255e-01	0.000000000000000000e+00
1.210844512442485765e+01	4.574103411286316589e-01	0.000000000000000000e+00
1.231482527853650133e+01	8.341840135849063476e-01	0.000000000000000000e+00
1.207944817456440134e+01	3.379199096001056501e-01	2.272692672212181242e-01
1.230818614785504295e+01	7.590342331963073619e-01	0.000000000000000000e+00
1.200787446442912021e+01	7.660101215780895645e-02	0.000000000000000000e+00
1.206145147177820931e+01	2.824753755191450333e-01	2.171174490904817789e-01
1.225351703414815496e+01	7.065525136022576813e-01	0.000000000000000000e+00
1.203780477610587241e+01	3.781261386669005908e-01	2.773277366541111455e-01
1.197634146789468090e+01	1.151170847831398669e-01	2.785123332457676293e-01
1.195984658621267016e+01	1.151251993478042968e-01	1.773184025459227653e-01
1.216957911658312241e+01	5.715607856583648783e-01	0.000000000000000000e+00
1.225725420336755178e+01	7.227968024840397687e-01	0.000000000000000000e+00
1.235836419209915960e+01	9.086146417601654868e-01	0.000000000000000000e+00
1.207818671904083985e+01	3.776735124889906703e-01	2.824183525155131713e-01
1.197373475218094363e+01	1.646794062331886355e-01	2.131283398556167996e-01
1.222201365705372034e+01	6.755017064648152214e-01	0.000000000000000000e+00
1.200109421358638251e+01	3.199675351355236730e-01	1.824252551507500320e-01
1.197870303757713550e+01	2.029113937889262809e-01	2.434386004612655030e-01
1.206727086275915894e+01	3.423841734417177873e-01	2.311535785555492439e-01
1.199259144678176447e+01	6.120540136036634049e-02	0.000000000000000000e+00
1.205970367473804217e+01	3.467044783146188136e-01	3.446170430711473776e-01
1.218354518499742767e+01	6.112731952839219884e-01	0.000000000000000000e+00
1.209302244816875671e+01	3.758045626748692802e-01	2.921614015064676884e-01
1.207182847375103840e+01	3.774993208708081749e-01	1.785485618209806946e-01
1.211145445304481605e+01	4.106371710938363506e-01	0.000000000000000000e+00
1.201070775923046341e+01	2.154031678142376005e-01	2.465782805385053345e-01
1.198018135378291760e+01	9.610530322069305020e-02	0.000000000000000000e+00
1.206462148066030160e+01	4.722180991176486708e-01	0.000000000000000000e+00
1.209428614513270972e+01	4.118850260336123226e-01	0.000000000000000000e+00
1.203732558958517807e+01	2.472042696165598907e-01	2.686108237795272191e-01
1.201575039492137975e+01	2.610966687783681239e-01	1.734587918945498242e-01
1.201279036470420358e+01	8.445619046176160161e-02	0.000000000000000000e+00
1.206056992430085018e+01	2.544633486713451243e-01	2.012296661737038583e-01
1.195089355737132664e+01	5.506913549258404816e-02	0.000000000000000000e+00
1.213872868483903389e+01	5.883126392497712853e-01	0.000000000000000000e+00
1.204412985531791769e+01	2.285682034504114279e-01	1.857707012528337642e-01
1.232260615752935173e+01	8.198609988011809069e-01	0.000000000000000000e+00
1.211937252592616687e+01	4.583569073683860795e-01	0.000000000000000000e+00
1.222908893961901633e+01	6.397847971380119514e-01	0.000000000000000000e+00
1.197523276749047128e+01	7.980243491213434570e-02	0.000000000000000000e+00
1.197192337039310139e+01	1.647383994127129547e-01	1.727645619409025057e-01
1.200115581184264002e+01	2.822383623491364069e-01	2.587642930889117454e-01
1.203312229238708220e+01	1.507307426303047815e-01	2.944731726850321474e-01
1.214167343274905519e+01	4.780812216440286644e-01	0.000000000000000000e+00
1.206172853281889168e+01	4.268372635934148951e-01	0.000000000000000000e+00
1.198339149872958842e+01	1.810662973077341031e-01	2.709396951586547697e+00
1.220107238216672130e+01	6.609179444251433999e-01	0.000000000000000000e+00
1.203517639280634732e+01	2.325121180003453247e-01	2.437618885788364054e-01
1.202389161318257571e+01	2.123202324162335175e-01	2.242594809051100813e-01
1.224380469970223118e+01	6.844284317190134637e-01	0.000000000000000000e+00
1.201712311987694193e+01	8.764834292458112408e-02	0.000000000000000000e+00
1.205587645786522799e+01	3.017446597578516965e-01	1.967326152490552205e-01
1.207996696420878635e+01	4.025238532169457817e-01	0.000000000000000000e+00
1.198615857550115038e+01	2.694451064250402705e-01	1.931762365836100503e-01
1.200876854973742702e+01	3.067704408492036849e-01	1.846928062080405442e-01
1.218361386478499497e+01	5.791658207045541351e-01	0.000000000000000000e+00
1.222593748836722760e+01	6.900396439966474116e-01	0.000000000000000000e+00
1.202652534657725525e+01	1.500409351939510638e-01	2.901857355746425005e-01
1.218068765034453627e+01	5.945138562060666709e-01	0.000000000000000000e+00
1.199730903069432664e+01	2.772628282524053356e-01	1.865300915817637850e-01
1.225230012098117705e+01	6.823554909073979990e-01	0.000000000000000000e+00
1.201347971582291230e+01	1.756387251641319536e-01	1.812235402245620242e-01
1.227387378205540358e+01	7.247935246480357030e-01	0.000000000000000000e+00
1.214445076406400936e+01	6.183445287829557602e-01	0.000000000000000000e+00
1.200618689949345352e+01	2.158372390877393854e-01	4.697349665823276066e-01
1.211424311530698006e+01	4.843250070714072431e-01	0.000000000000000000e+00
1.208701483882627770e+01	3.457579245893985798e-01	2.031298391001138404e-01
1.200421852070880036e+01	2.608422893635506945e-01	6.175327612976567737e-01
1.203466114014516997e+01	3.075659852749454415e-01	2.073403229724541108e-01
1.216354672890486732e+01	5.475079344295257222e-01	0.000000000000000000e+00
1.212943328506755591e+01	5.808048183606282500e-01	0.000000000000000000e+00
1.222603023675832823e+01	6.738191477528866491e-01	0.000000000000000000e+00
1.199646692034624706e+01	1.254913639245566204e-01	7.126344182205014421e-01
1.207791315315847669e+01	3.867605166775567871e-01	2.384909136614593861e-01
1.202452692942961932e+01	3.651395403448158827e-01	1.794440907479817049e-01
1.198074441713200855e+01	2.398971143117428206e-01	3.167879111776330525e-01
1.200581611795769810e+01	3.310886129606323558e-01	1.979112430168633308e-01
1.203136296972686203e+01	1.634270868486650263e-01	3.676952034258617608e-01
1.204102907015834312e+01	3.863653444020884731e-01	1.739461983681347967e-01
1.202021625611548394e+01	2.829619816009227851e-01	2.173957595993516179e-01
1.217717209958469127e+01	6.127434217043861153e-01	0.000000000000000000e+00
1.196384483964510537e+01	1.209687720910929964e-01	2.287459711193934597e-01
1.214473292185681252e+01	6.126657440086771267e-01	0.000000000000000000e+00
1.199367255215681105e+01	1.672515072346813791e-01	2.385496549470389471e-01
1.207152320113666200e+01	3.234616741117321559e-01	2.567779088837424117e-01
1.211876955673703549e+01	4.702967063625888011e-01	0.000000000000000000e+00
1.205090243895701718e+01	4.273612300889502169e-01	0.000000000000000000e+00
1.198132230793967423e+01	1.414318353686611629e-01	5.951089677416553370e-01
1.200694042349803681e+01	3.233375048258311235e-01	1.706106351125616927e-01
1.201589725741701109e+01	2.254999098262917556e-01	2.604671238582237924e-01
1.210866697344221166e+01	4.140808698956369716e-01	0.000000000000000000e+00
1.197197866346686723e+01	1.169892860816830749e-01	1.875206452675158841e-01
1.224560702373021215e+01	7.199457801834143744e-01	0.000000000000000000e+00
1.210990888898484386e+01	5.049343604366700600e-01	0.000000000000000000e+00
1.205125605065432737e+01	2.618639382231756629e-01	1.603454775418709621e+00
1.201109207770394072e+01	2.799406638686933180e-01	1.778949865453292312e-01
1.196549763064840022e+01	1.769014592769496408e-01	2.199582771914565249e-01
1.203563296037921759e+01	2.479839741367510508e-01	1.828468169451209491e-01
1.210561614679348175e+01	4.051502425960921139e-01	0.000000000000000000e+00
1.202012885867209668e+01	2.221420271950668435e-01	2.685463657503006085e-01
1.204783663614503375e+01	3.627648011760300495e-01	3.008024446402450813e-01
1.216111665774920425e+01	5.463195087597076949e-01	0.000000000000000000e+00
1.238170972487361432e+01	9.339399136720045735e-01	0.000000000000000000e+00
1.209389054811846265e+01	4.161710909828730265e-01	0.000000000000000000e+00
1.223514555507284207e+01	7.258994881077585060e-01	0.000000000000000000e+00
1.204096253090303748e+01	3.481627294502954717e-01	1.892821108000948549e-01
1.211317669620134829e+01	4.270135786029256031e-01	0.000000000000000000e+00
1.222392913771747480e+01	6.445928785875414402e-01	0.000000000000000000e+00
1.206319914141938021e+01	3.734294373861399841e-01	1.869127975724830526e-01
1.205323842093686437e+01	4.033261259050533454e-01	0.000000000000000000e+00
1.217129260117054912e+01	6.214578774750773027e-01	0.000000000000000000e+00
1.205106111358112209e+01	3.923866450625320690e-01	1.406824702585083520e+00
1.204535672823915249e+01	3.191782167835929274e-01	2.001692972241085611e-01
1.213380988147756057e+01	5.086795907594530153e-01	0.000000000000000000e+00
1.212551608581904361e+01	5.276590262430671530e-01	0.000000000000000000e+00
1.205229507304363423e+01	2.893698827424733278e-01	3.978638540838526638e-01
1.207117396439261192e+01	4.793523191679651130e-01	0.000000000000000000e+00
1.224297094406463593e+01	7.403602724530394807e-01	0.000000000000000000e+00
1.200690700147541712e+01	6.125219591319605583e-02	0.000000000000000000e+00
1.206851175291757805e+01	3.666146861141793001e-01	1.728626970576830346e-01
1.204586605367952323e+01	2.876335841873871590e-01	3.907629285650914275e-01
1.205004278157906761e+01	2.902706914827489215e-01	2.885239997609489460e-01
1.204357263539179712e+01	4.293190615760968942e-01	0.000000000000000000e+00
1.201525554263312578e+01	3.465112788162224566e-01	2.834797976690732746e-01
1.218360485110378022e+01	5.989023187587279029e-01	0.000000000000000000e+00
1.209993025455957394e+01	4.291863444460131127e-01	0.000000000000000000e+00
1.202021221545618346e+01	3.429629348159177749e-01	2.109508015692233007e-01
1.197563135413588675e+01	1.189358828635824761e-01	2.667586463216987669e-01
1.202051148315211115e+01	2.015138608150180699e-01	1.935675707138349855e-01
1.197186940462666271e+01	2.371566536317859519e-02	0.000000000000000000e+00
1.199072626982888856e+01	2.479884777291260223e-01	2.190495914667304200e-01
1.206352634351573450e+01	3.883669435107965917e-01	2.151366464769250975e-01
1.198983837510808748e+01	2.015189712907212161e-01	1.923693345629815254e-01
1.223107314259889300e+01	6.770276399904505693e-01	0.000000000000000000e+00
1.207456834975139692e+01	3.905332220431246282e-01	2.754185400030144670e-01
1.209784505517282938e+01	3.801446433139973324e-01	2.570472729746573481e-01
1.199357623890892377e+01	2.283952368851481785e-01	1.839015087011074134e-01
1.218547392254103379e+01	6.873375594181398984e-01	0.000000000000000000e+00
1.235825641515510220e+01	8.236917816394208058e-01	0.000000000000000000e+00
1.220327942341664063e+01	6.456295150523150284e-01	0.000000000000000000e+00
1.213150105263484768e+01	4.877080016138403695e-01	0.000000000000000000e+00
1.198767987800117574e+01	2.282200116052297556e-01	1.727579975673780854e-01
1.202416365660127440e+01	3.284987052102252836e-01	1.966353319160741020e-01
1.212762581982613774e+01	4.861857414682345668e-01	0.000000000000000000e+00
1.208241780982752722e+01	3.832383416529193676e-01	2.298889617848833278e-01
1.203831938040438487e+01	3.211966959321108650e-01	2.230989149649976189e-01
1.200661679405787474e+01	1.493065067735248330e-01	1.749528846177368924e-01
1.210725664885753261e+01	4.760091445413490163e-01	0.000000000000000000e+00
1.197971030491091859e+01	1.590843047079205930e-01	2.526773046007815271e-01
1.196307636226755911e+01	1.662857438422880030e-01	1.837161973102194312e-01
1.200410842282208357e+01	6.368147038020541273e-02	0.000000000000000000e+00
1.206823221169980798e+01	2.843416623141381550e-01	1.826141356709752583e-01
1.229948341785938304e+01	7.556476922794477247e-01	0.000000000000000000e+00
1.203129951353321658e+01	1.160013424952028305e-01	1.708310329730454435e-01
1.220672330210514644e+01	6.735523102344790347e-01	0.000000000000000000e+00
1.208882901282775002e+01	3.868962754795757242e-01	1.850533913192504154e-01
1.195899964905802548e+01	8.846392966524632695e-02	0.000000000000000000e+00
1.195566141000054472e+01	5.561377937139523608e-02	0.000000000000000000e+00
1.235125056098453022e+01	8.765433109784482868e-01	0.000000000000000000e+00
1.209347108755991940e+01	5.212079011293255792e-01	0.000000000000000000e+00
1.205760297957238869e+01	3.456465076829255967e-01	3.295641572241431727e-01
1.220868007817563416e+01	6.825916846918190783e-01	0.000000000000000000e+00
1.197161947677284388e+01	6.098051076975036233e-02	0.000000000000000000e+00
1.207592093626039009e+01	3.741329628576293698e-01	1.734489831687462957e-01
1.233444987470797649e+01	8.162585524869228060e-01	0.000000000000000000e+00
1.206145069153338056e+01	3.901272436585353498e-01	1.963936460731444122e-01
1.204415667746551222e+01	2.673797735839138490e-01	2.415901774848309980e-01
1.203691376052552542e+01	2.860594080743161793e-01	2.187200886915967590e-01
1.214239797160642276e+01	5.641885480430662847e-01	0.000000000000000000e+00
1.199375497851488959e+01	1.068243760024773781e-01	2.705986887187654677e-01
1.196309541862739678e+01	3.676764140219188071e-02	0.000000000000000000e+00
1.213500154666729181e+01	5.287921735904133058e-01	0.000000000000000000e+00
1.218155952271444775e+01	6.547983666782044576e-01	0.000000000000000000e+00
1.202813105819161521e+01	2.773692923057436976e-01	3.117185866800867844e-01
1.200806324510693557e+01	1.799064732168852432e-01	7.298539005035001859e-01
1.198783905661264804e+01	2.672167324125341303e-01	3.439325044583903535e-01
1.205486550770195642e+01	4.598768745180898954e-01	0.000000000000000000e+00
1.215542803053577003e+01	5.959146027742763252e-01	0.000000000000000000e+00
1.224880483970719247e+01	6.848019895538157709e-01	0.000000000000000000e+00
1.205086759542853869e+01	3.249318680667900860e-01	1.770230381711672407e-01
1.197582839242531882e+01	1.858841616503147387e-01	1.837264214972939846e-01
1.210180473736067519e+01	3.948688631702731433e-01	2.043575143289132201e-01
1.194998443078263328e+01	3.317041142021648348e-02	0.000000000000000000e+00
1.223182565581067571e+01	6.749833407388340367e-01	0.000000000000000000e+00
1.200090914012101706e+01	1.837711748999890371e-01	1.796336287074403737e-01
1.206513548662467805e+01	3.447044986542707745e-01	3.207439680375865909e-01
1.232553770036926721e+01	8.534121491000686843e-01	0.000000000000000000e+00
1.209161233032598481e+01	4.405180244009733737e-01	0.000000000000000000e+00
1.203760795551619189e+01	3.019723609816979404e-01	2.080257194959759248e-01
1.227109500139895282e+01	7.965677995138356060e-01	0.000000000000000000e+00
1.196399193434773700e+01	3.114452679110998878e-02	0.000000000000000000e+00
1.198951431152867642e+01	1.352924640304510318e-01	2.274126445918736861e-01
1.201797345875792011e+01	1.128841611844025039e-01	1.761254476594976970e-01
1.223671478739509233e+01	7.210219115833385040e-01	0.000000000000000000e+00
1.198029778042789140e+01	9.983734689901799242e-02	0.000000000000000000e+00
1.213240368245641498e+01	4.998076210269405406e-01	0.000000000000000000e+00
1.214918294208184335e+01	5.583381256657300451e-01	0.000000000000000000e+00
1.195176202921252617e+01	7.522282264939872398e-02	0.000000000000000000e+00
1.215025283998723893e+01	4.938315056019780824e-01	0.000000000000000000e+00
1.202080414640682271e+01	3.041283568594954079e-01	1.904124565794265977e-01
1.202789468724939326e+01	3.548900479533945163e-01	2.018493609706554504e-01
1.224220303750645122e+01	7.625700037940300602e-01	0.000000000000000000e+00
1.227013053302032830e+01	7.509352477205217813e-01	0.000000000000000000e+00
1.202325598753333935e+01	1.923205119092424586e-01	1.772511680241459497e-01
1.214865199978808086e+01	6.063977651300457294e-01	0.000000000000000000e+00
1.209415617876838489e+01	5.283847401518608766e-01	0.000000000000000000e+00
1.208941246369377254e+01	5.105683092208174179e-01	0.000000000000000000e+00
1.211917779340033974e+01	4.353932684489019156e-01	0.000000000000000000e+00
1.200630813107674122e+01	4.589279223481745884e-02	0.000000000000000000e+00
1.197218288703538036e+01	1.102423811851013097e-01	2.176392433816246863e-01
1.195358948675633926e+01	5.642612693467226326e-02	0.000000000000000000e+00
1.222445024468191654e+01	7.191563647521428404e-01	0.000000000000000000e+00
1.201562929252322931e+01	1.479799562058928541e-01	2.550970124270922623e-01
1.202944704162914569e+01	3.595941904095137365e-01	2.242042526850629436e-01
1.205611176477736102e+01	3.556123689039569769e-01	3.177716395633258251e-01
1.220250498031005648e+01	6.760854360570089927e-01	0.000000000000000000e+00
1.200033794173147328e+01	1.660320269573492269e-01	5.482578307534646811e-01
1.224310075788276109e+01	7.624516715243356835e-01	0.000000000000000000e+00
1.200171261471488648e+01	7.872306371754077270e-02	0.000000000000000000e+00
1.206130892259075971e+01	3.950903439375088033e-01	2.078885718509979330e-01
1.197477045172599652e+01	1.587252183354349588e-01	1.891006287201970615e-01
1.201395906848698658e+01	1.139799479189724241e-01	2.476850172415304141e-01
1.204510439609322603e+01	2.788517254075386642e-01	2.932261232985518551e-01
1.207832031893367386e+01	4.772470504742991615e-01	0.000000000000000000e+00
1.196300696438407307e+01	9.013138988025798382e-02	0.000000000000000000e+00
1.197352284665634414e+01	2.590019740323978858e-02	0.000000000000000000e+00
1.227815874150358688e+01	7.438750838038583613e-01	0.000000000000000000e+00
1.215357490902741588e+01	5.389191693237771474e-01	0.000000000000000000e+00
1.202202561375480450e+01	2.544409600408409355e-01	2.847550601989828345e-01
1.200214079511873067e+01	2.420226854597871124e-01	2.263584665824764641e-01
1.196418531380237660e+01	1.200917805223349621e-01	1.748871868773065885e-01
1.209592965022531530e+01	4.935545992300027773e-01	0.000000000000000000e+00
1.221351160199590957e+01	6.754505277183155965e-01	0.000000000000000000e+00
1.213000522580281881e+01	5.502577486643455140e-01	0.000000000000000000e+00
1.202736190196437605e+01	6.841455048076591772e-02	0.000000000000000000e+00
1.229284985831080235e+01	8.041267540476443321e-01	0.000000000000000000e+00
1.203353251959553027e+01	1.956748822096266160e-01	2.762531666641184769e-01
1.223663249804739017e+01	7.262213379527535650e-01	0.000000000000000000e+00
1.208732279294882339e+01	5.217748653410244630e-01	0.000000000000000000e+00
1.213207692658517622e+01	5.477647602960085127e-01	0.000000000000000000e+00
1.222566054144221681e+01	6.735628727275249084e-01	0.000000000000000000e+00
1.207734325490318028e+01	3.585900707136421284e-01	6.159790516989859244e-01
1.198620684707986328e+01	1.055070345484012684e-01	1.686594688156340394e-01
1.211282587646043929e+01	4.416354259573284091e-01	0.000000000000000000e+00
1.197968783620279964e+01	2.308681396870829183e-01	2.755135951328754884e-01
1.202884332704396719e+01	1.780823925675124042e-01	1.903028717251502022e-01
1.223088080635669073e+01	6.699488517026801482e-01	0.000000000000000000e+00
1.210211042618856681e+01	4.664807907318149205e-01	0.000000000000000000e+00
1.200916686561462576e+01	1.323370896323658452e-02	0.000000000000000000e+00
1.196495109170436777e+01	1.219283850901218824e-01	3.084143696378433552e-01
1.233965193812882433e+01	8.271922026989270149e-01	0.000000000000000000e+00
1.207869977733184896e+01	4.363685428236564467e-01	0.000000000000000000e+00
1.206068275060691697e+01	3.661258501502199780e-01	2.390968314614433099e-01
1.203021055614865098e+01	1.397745713559735148e-01	2.462931630311943065e-01
1.211701589276617952e+01	5.771197540335670784e-01	0.000000000000000000e+00
1.202847073474008077e+01	1.964753613698349832e-01	3.243675947146042460e-01
1.198911467362186478e+01	4.208698224794252263e-02	0.000000000000000000e+00
1.198061799008446471e+01	2.605350906275441525e-02	0.000000000000000000e+00
1.199377004196276175e+01	1.277126893952596765e-01	1.953611143257695804e-01
1.201610224693067508e+01	1.084051241620832690e-01	1.988752842208131866e-01
1.201924200326008396e+01	3.094535192546794544e-01	1.899507175127317093e-01
1.196838286557811593e+01	2.047591047149990851e-02	0.000000000000000000e+00
1.219534318043579546e+01	6.167865929487386101e-01	0.000000000000000000e+00
1.220522025345096573e+01	6.686033789663391458e-01	0.000000000000000000e+00
1.202523206612504225e+01	2.810887522100491975e-01	1.713640275276208658e-01
1.202180342025363657e+01	3.752286954198882918e-01	1.740372572560212050e-01
1.215240059902520287e+01	5.468341356757273619e-01	0.000000000000000000e+00
1.204923411916038134e+01	3.805853171265215495e-01	1.948705533338145335e-01
1.205883995859160152e+01	4.657332675497148911e-01	0.000000000000000000e+00
1.205647479204770711e+01	4.316697576368580536e-01	0.000000000000000000e+00
1.203088877205614615e+01	1.701808885224980195e-01	1.683359880086167382e-01
1.234952388597179684e+01	8.394901128949463498e-01	0.000000000000000000e+00
1.200833490524044400e+01	9.063597812351104066e-02	0.000000000000000000e+00
1.201040301177925684e+01	2.981217108933180149e-01	4.418289229971401610e-01
1.200575913073788037e+01	1.347522725582823433e-01	3.504438054229439548e-01
1.197460065573255505e+01	1.586586949034431981e-01	2.577735053441853053e-01
1.204291349160208924e+01	2.407583438544968479e-01	1.860695448787329231e-01
1.219281410387693576e+01	5.704760338751319049e-01	0.000000000000000000e+00
1.199139464871838179e+01	7.389795165417573086e-03	0.000000000000000000e+00
1.211820398923944175e+01	4.384603012821350343e-01	0.000000000000000000e+00
1.206849110793149471e+01	2.898293163775194636e-01	2.450479586139817922e-01
1.196548808247139917e+01	1.085611737167167246e-01	1.187502186561612438e+00
1.204546155043849431e+01	2.883579863223919570e-01	1.722249434309514049e-01
1.209149646722981331e+01	4.507791207204377426e-01	0.000000000000000000e+00
1.202069159164519796e+01	8.468676999537050332e-02	0.000000000000000000e+00
1.203747283817920888e+01	2.289560631637891364e-01	1.719535351460080574e-01
1.213075186783527926e+01	5.595893055296041751e-01	0.000000000000000000e+00
1.203155287381122918e+01	3.840418030959080742e-01	2.139472887979718130e-01
1.202517993370569016e+01	3.676649790107016091e-01	5.137910237456054796e-01
1.198317822860875204e+01	6.146715710664985011e-02	0.000000000000000000e+00
1.202903437716327950e+01	3.473911183021665128e-01	2.501178864877283137e-01
1.220790640851845588e+01	6.697875805545057126e-01	0.000000000000000000e+00
1.206636426256957151e+01	2.943099826086976178e-01	2.562180416896055468e-01
1.197558034218218204e+01	1.983851215883249974e-01	1.980685957593861513e-01
1.216747759222220537e+01	5.628531329949943984e-01	0.000000000000000000e+00
1.221727218234356371e+01	7.097220269336756981e-01	0.000000000000000000e+00
1.219488700742430787e+01	5.902221644991643146e-01	0.000000000000000000e+00
1.202826062661393891e+01	2.560268069998944407e-01	1.829734555146681485e-01
1.198354405033843761e+01	1.768021208020761348e-01	2.988244486024385083e-01
1.223523344027254112e+01	7.495454157691432417e-01	0.000000000000000000e+00
1.211979173613130634e+01	5.846985089624102683e-01	0.000000000000000000e+00
1.198176384423734220e+01	1.427590904620738566e-01	2.352903567382855499e-01
1.220241556445793485e+01	5.959026534567022360e-01	0.000000000000000000e+00
1.213078905391678930e+01	5.290155889361058961e-01	0.000000000000000000e+00
1.207301211828956333e+01	3.390518228758182540e-01	1.832915031801212735e-01
1.212537744452471777e+01	4.821999037029122692e-01	0.000000000000000000e+00
1.202894292617595262e+01	1.708847405167364941e-01	1.801839622985134393e-01
1.209556720692008547e+01	4.291058294419415331e-01	0.000000000000000000e+00
1.198345364785209277e+01	8.908358863948134809e-02	0.000000000000000000e+00
1.214777133915118768e+01	5.233991107363074047e-01	0.000000000000000000e+00
1.203321722866764709e+01	3.359966986932225175e-01	1.965049700155522827e-01
1.216336097215576828e+01	6.173252841180808526e-01	0.000000000000000000e+00
1.199228932730926545e+01	1.975040191159899150e-02	0.000000000000000000e+00
1.209802182025849682e+01	4.156221549227908652e-01	0.000000000000000000e+00
1.198470297208144864e+01	1.804178878111444839e-01	1.859909514177174317e-01
1.205960309501270977e+01	3.300177952217491217e-01	2.397866490344951751e-01
1.221095524953500089e+01	6.984654350604337925e-01	0.000000000000000000e+00
1.207699170995387483e+01	5.000001490997523224e-01	0.000000000000000000e+00
1.224788524218489982e+01	7.492305870016486846e-01	0.000000000000000000e+00
1.200127928153668933e+01	2.439358281475573487e-01	1.756158614315117827e-01
1.203434228349676260e+01	3.050905082320552464e-01	4.179291250369308042e-01
1.195987445680273886e+01	2.628962259544173619e-02	0.000000000000000000e+00
1.197703303401658914e+01	2.234385360263221876e-01	1.907199748111037263e-01
1.204008325593930806e+01	1.783308292058643496e-01	1.908414464773716124e-01
1.196731830170723043e+01	5.669881598685633239e-02	0.000000000000000000e+00
1.208272830891782412e+01	4.493214965193347288e-01	0.000000000000000000e+00
1.205714661869174797e+01	3.334194904982745733e-01	2.551941136481255534e-01
1.199100089198632979e+01	1.368968543929680592e-01	2.581855701137854009e-01
1.210098645091011704e+01	4.387954307626966699e-01	0.000000000000000000e+00
1.206152231958510157e+01	3.828378512247495591e-01	2.136164526076033687e-01
1.198368195781289458e+01	4.032734748784383427e-02	0.000000000000000000e+00
1.200414301982736731e+01	3.004023470161522602e-01	2.583345128861035400e-01
1.199886954394331973e+01	3.013555944373168538e-01	1.912621626144440090e-01
1.199556125394172135e+01	2.413792827095661842e-01	1.757062162269323602e-01
1.197303604002614463e+01	8.135024749411667866e-02	0.000000000000000000e+00
1.196785178650819681e+01	1.290473950981288476e-01	2.426391178648282798e-01
1.203563068809894077e+01	3.974426763937685125e-01	2.214514203986702179e-01
1.206970532377629191e+01	4.025441675865460422e-01	0.000000000000000000e+00
1.199556772506275237e+01	6.841225945051863933e-02	0.000000000000000000e+00
1.202708861074739843e+01	1.940421093764967686e-01	3.562618794219435947e-01
1.203002190449847930e+01	3.604031063200519025e-01	1.943523197174686912e-01
1.214060796048833346e+01	4.974822640660646611e-01	0.000000000000000000e+00
1.205615376756545665e+01	2.896771149836912529e-01	1.724250030693483260e-01
1.209867551799015928e+01	3.781075985297664976e-01	1.915582862067857217e-01
1.198612566378195510e+01	2.435788409662688059e-01	2.163244409623982234e-01
1.212769412346461095e+01	4.751893037993940028e-01	0.000000000000000000e+00
1.203022747633918321e+01	2.791792834714484917e-01	1.690433819514964298e-01
1.195871111401064901e+01	1.188524470533676991e-01	2.421666796323390103e-01
1.199456051380559352e+01	1.661777065532833442e-01	1.792572760530447007e-01
1.198769771456862188e+01	8.189480887005473608e-02	0.000000000000000000e+00
1.208994349140433933e+01	4.459101841376946762e-01	0.000000000000000000e+00
1.198871513546900935e+01	2.609139308719484740e-01	2.711596954576645513e-01
1.197613217928274487e+01	8.455307876686382618e-02	0.000000000000000000e+00
1.235998356835270506e+01	8.538518645193162726e-01	0.000000000000000000e+00
1.204467918414706240e+01	3.769593381409334643e-01	2.104168710674096110e-01
1.198203164479187421e+01	2.096431966078091402e-01	1.798890647369607021e-01
1.202238412458992478e+01	3.483971002732884070e-01	2.374966374404514635e-01
1.213124288714697485e+01	5.792784189356792179e-01	0.000000000000000000e+00
1.211368986786456503e+01	4.910254330043707371e-01	0.000000000000000000e+00
1.198316035692873527e+01	3.575961448275112586e-02	0.000000000000000000e+00
1.202956992457165342e+01	3.454247006902176897e-01	3.547915575542955890e-01
1.197039589585823549e+01	5.696575694006689172e-02	0.000000000000000000e+00
1.213941888515232392e+01	5.531400669521716607e-01	0.000000000000000000e+00
1.195289101707102830e+01	8.392146970511545068e-02	0.000000000000000000e+00
1.209838993752616254e+01	4.184905430994800835e-01	0.000000000000000000e+00
1.205931960325798435e+01	3.839055678054023035e-01	2.641417430678150713e-01
1.204578305646377423e+01	2.577300470098777829e-01	5.733136088017531939e-01
1.202237398500664511e+01	3.631433481063243152e-01	2.384650816522349281e-01
1.197124688776651169e+01	8.111620768515764857e-02	0.000000000000000000e+00
1.195513633606557669e+01	4.403906132495705172e-02	0.000000000000000000e+00
1.225334484879808272e+01	6.890329781126447450e-01	0.000000000000000000e+00
1.211846498907661029e+01	4.902457856233533029e-01	0.000000000000000000e+00
1.220223749207229069e+01	6.530489229653692052e-01	0.000000000000000000e+00
1.224697630861381903e+01	7.392008252503754484e-01	0.000000000000000000e+00
1.213601757812241999e+01	5.635545677433306810e-01	0.000000000000000000e+00
1.205074004314169756e+01	3.172177244769629478e-01	2.140969308004830041e-01
1.197373130286898757e+01	1.386095533237640676e-01	2.265329932236161969e-01
1.214822447028133467e+01	5.555991209778635698e-01	0.000000000000000000e+00
1.218654687198032072e+01	6.607025451659271909e-01	0.000000000000000000e+00
1.198699175605087142e+01	1.005480016356711803e-01	1.710430423188938065e-01
1.201493842265120371e+01	3.309238500813799777e-01	2.193260981753798466e-01
1.210183621181990787e+01	4.712632061341629486e-01	0.000000000000000000e+00
1.206267712784175217e+01	2.673269869184716208e-01	1.753938826214445357e-01
1.240787046679898076e+01	8.808495441551229543e-01	0.000000000000000000e+00
1.201657654516718132e+01	9.473645715639897325e-02	0.000000000000000000e+00
1.200028692931641494e+01	5.508386157739769695e-02	0.000000000000000000e+00
1.200349302490696068e+01	2.143334027202358494e-01	1.771873556457073950e-01
1.206454849098378190e+01	3.677813881829961606e-01	2.595251454418155967e-01
1.212876500942573088e+01	5.604695823157541668e-01	0.000000000000000000e+00
1.221967713034537795e+01	6.344795585809832605e-01	0.000000000000000000e+00
1.204018840927717271e+01	2.379494753266412077e-01	3.041962358353265117e-01
1.197921165964187296e+01	5.379038261337346083e-02	0.000000000000000000e+00
1.203280642414909174e+01	3.568401974545782895e-01	4.691889760384813646e-01
1.212454749152531086e+01	5.902608710871843911e-01	0.000000000000000000e+00
1.222638212272488190e+01	6.994476296885915323e-01	0.000000000000000000e+00
1.201822821511124673e+01	1.779527461977700453e-01	6.497480983323116277e+01
1.201180303603007360e+01	3.044560223498251061e-01	2.020017090110771130e-01
1.205032561466990160e+01	3.740526692696199418e-01	1.174417893534359658e+00
1.197080279204372211e+01	1.202662994221404269e-01	1.815544362020052316e-01
1.225977667074673150e+01	7.431470076266950553e-01	0.000000000000000000e+00
1.218892879152675590e+01	5.983652925542222167e-01	0.000000000000000000e+00
1.212177510466042740e+01	4.581197357684307914e-01	0.000000000000000000e+00
1.202445877974960808e+01	1.552628681426684587e-01	1.700328705451021050e-01
1.205225367851772234e+01	2.846307342917875904e-01	1.677526538383522503e-01
1.217991569298729360e+01	5.998589012833539513e-01	0.000000000000000000e+00
1.222604015335885919e+01	6.923751342751793825e-01	0.000000000000000000e+00
1.197164366272552982e+01	1.381324346715591678e-01	1.878345632142381927e-01
1.206028609193934820e+01	4.154457870858578872e-01	0.000000000000000000e+00
1.203747936745150859e+01	2.503917468125711476e-01	2.134696696497840607e-01
1.205619972516449501e+01	3.852890804733949404e-01	2.590895895626489365e-01
1.206835793727982420e+01	4.289749031343262908e-01	0.000000000000000000e+00
1.229843044523690665e+01	7.979651645997631881e-01	0.000000000000000000e+00
1.197101587101119691e+01	3.906569551127703210e-02	0.000000000000000000e+00
1.221575094500760805e+01	7.108575989468299827e-01	0.000000000000000000e+00
1.206032295282834177e+01	4.210423310458960011e-01	0.000000000000000000e+00
1.214548970847486586e+01	4.839246235265494134e-01	0.000000000000000000e+00
1.231731766430131891e+01	7.862645279855792202e-01	0.000000000000000000e+00
1.206138162527183333e+01	4.251399615872857307e-01	0.000000000000000000e+00
1.206535284101570582e+01	3.777450550465510370e-01	2.148301162714587320e-01
1.234116632552123782e+01	8.478692212825307273e-01	0.000000000000000000e+00
1.203297290138036857e+01	7.713276978549843399e-02	0.000000000000000000e+00
1.209271218525032943e+01	4.053755542300039871e-01	0.000000000000000000e+00
1.197674277608100013e+01	2.076557059831945495e-01	3.131658541889842384e-01
1.202012857201118123e+01	3.708640443837189493e-01	1.982096316574406825e-01
1.207807620945456328e+01	3.685476056516828747e-01	1.928777218550912220e-01
1.205732654130637904e+01	2.650352216115794413e-01	2.431289464197302352e-01
1.204703463033131428e+01	2.419654797442485350e-01	4.105431323325041681e-01
1.228856105601829718e+01	8.120156271235028367e-01	0.000000000000000000e+00
1.201600242679798392e+01	3.291172689772148274e-01	2.043581157376941071e-01
1.201588236160491974e+01	2.224488006212351210e-01	3.303822874019287092e-01
1.197416159979515626e+01	7.927452210936122845e-02	0.000000000000000000e+00
1.211556568395731759e+01	4.223732611089694999e-01	0.000000000000000000e+00
1.203747530372640284e+01	1.733028583976058690e-01	2.452988297371008763e-01
1.200911016236064022e+01	2.808452147274729249e-01	1.893447584907935188e-01
1.200781054365288547e+01	1.629845744151502129e-01	3.469741102909253416e-01
1.202947835183191572e+01	2.993819711874972089e-01	1.692586359998474455e-01
1.207126691770814908e+01	3.453472813251768359e-01	4.108589873161649364e-01
1.232134789170639877e+01	8.139588732239899649e-01	0.000000000000000000e+00
1.207422482558698640e+01	3.520640289385016941e-01	2.466240766687230135e+00
1.210575615715874598e+01	4.105580605345792722e-01	0.000000000000000000e+00
1.198411571902030026e+01	1.618373479757575506e-01	5.653568553929043672e-01
1.206702335637825385e+01	2.798730970921913253e-01	1.996408618441602723e-01
1.200607764558005108e+01	9.343065875590311764e-02	0.000000000000000000e+00
1.199506287638868685e+01	1.430145096052879150e-01	1.906993785701773525e-01
1.243877170436288182e+01	1.009398787895816607e+00	0.000000000000000000e+00
1.209361886110739981e+01	4.470018355115329411e-01	0.000000000000000000e+00
1.205224658515060554e+01	2.090992100648054741e-01	1.865750077501928395e-01
1.215182399781218336e+01	5.182429477014167674e-01	0.000000000000000000e+00
1.197838266116493422e+01	9.828015330948727812e-02	0.000000000000000000e+00
1.196006623827671511e+01	1.074853492368663538e-01	1.767554265728287777e-01
1.204854812951198895e+01	2.602530990909510122e-01	1.982359619102945780e-01
1.196594430090631711e+01	5.224037292178113079e-02	0.000000000000000000e+00
1.212277595456068191e+01	5.457699015439090307e-01	0.000000000000000000e+00
1.209349520876594752e+01	4.388669913106649778e-01	0.000000000000000000e+00
1.204992614947095930e+01	2.899496621248018324e-01	2.536789306939949973e-01
1.195068512979068487e+01	6.405363217343695847e-02	0.000000000000000000e+00
1.219589966601475695e+01	6.174909836371550442e-01	0.000000000000000000e+00
1.198996148755899682e+01	1.766605394967489251e-01	1.795003707011418592e-01
1.219979967879348415e+01	6.502366189913646455e-01	0.000000000000000000e+00
1.211887913429563390e+01	5.064728460128211651e-01	0.000000000000000000e+00
1.201028945400739367e+01	3.352291781718663710e-01	1.914083078889235456e-01
1.200958015714630100e+01	2.469450615500520529e-01	2.028398341742833622e-01
1.204062338235464935e+01	2.599837316251035202e-01	5.917957557663975354e-01
1.217603783680748819e+01	5.614113859126728112e-01	0.000000000000000000e+00
1.200417920935349336e+01	3.094748089944598934e-01	2.574327706024115425e-01
1.198252263653310834e+01	1.939471839869635617e-01	1.011298450826331408e+00
1.208815683908226113e+01	3.819848604581784213e-01	2.408291902365255477e-01
1.203366061990513636e+01	1.495506175826375184e-01	1.831625497694203131e-01
1.207831659049909412e+01	3.621250989765478212e-01	2.262168906670787294e-01
1.231869760060743602e+01	8.066545957477024853e-01	0.000000000000000000e+00
1.201898335607060275e+01	2.414606167597362352e-01	2.182229086045952837e-01
1.212133456336687409e+01	4.952502881248090905e-01	0.000000000000000000e+00
1.221009277526293957e+01	6.062976304091842739e-01	0.000000000000000000e+00
1.203665336919079998e+01	3.120965114504461457e-01	1.727464191688104778e-01
1.203470097529515570e+01	1.081473010830727999e-01	2.009701845680452459e-01
1.206834477723203669e+01	2.986678532984425871e-01	1.729781567800084963e-01
1.203144800538394499e+01	2.638034727963169401e-01	2.106242227752478935e-01
1.203222032683134124e+01	3.366578840775314996e-01	1.852933126028585009e-01
1.203971377657531328e+01	2.441589032595291864e-01	2.912270219202977017e-01
1.207536044451007839e+01	4.221950382364942911e-01	0.000000000000000000e+00
1.224999878498051409e+01	7.560239381477191767e-01	0.000000000000000000e+00
1.227148085243964459e+01	7.149496335124755353e-01	0.000000000000000000e+00
1.204879833995837046e+01	4.013909716254472348e-01	0.000000000000000000e+00
1.215700009713098950e+01	5.461845457936342907e-01	0.000000000000000000e+00
1.205715125144029720e+01	4.106419947573291540e-01	0.000000000000000000e+00
1.201761573826830265e+01	2.410020383063432581e-01	2.403838998910066971e-01
1.204468980535168932e+01	3.913594782325560129e-01	1.781191942404252437e-01
1.207871807652303531e+01	4.810134245004961118e-01	0.000000000000000000e+00
1.201263452949435617e+01	2.304015339931313466e-01	1.781292380924352214e-01
1.208460476956490126e+01	3.370015772658321862e-01	2.372253399622346881e-01
1.237639487553504658e+01	9.259375394445266139e-01	0.000000000000000000e+00
1.209934452099476232e+01	4.196498802641917547e-01	0.000000000000000000e+00
1.219361273798047662e+01	6.577101699105333266e-01	0.000000000000000000e+00
1.203513528763096829e+01	3.979591182658409054e-01	2.558207798157452473e-01
1.205952758193714303e+01	3.684267497082022169e-01	1.999564800079275950e-01
1.232723139161244141e+01	7.823001665361625223e-01	0.000000000000000000e+00
1.231685115595475111e+01	8.555137032686075393e-01	0.000000000000000000e+00
1.209895493958942936e+01	5.078231126387785510e-01	0.000000000000000000e+00
1.205148426877242862e+01	2.960218907097703633e-01	1.682369983165594163e-01
1.201631784810689219e+01	2.990149742506754693e-01	2.334648402833726932e-01
1.199099363910694294e+01	1.685975263292537607e-01	4.521698543654981139e-01
1.199525805278525681e+01	2.565693104951018988e-01	1.678865387245814522e-01
1.208679996801199330e+01	3.506053665420553189e-01	2.138736114023846446e-01
1.199219723194212683e+01	2.095055480128452108e-01	1.689872490851533904e-01
1.204128781870046971e+01	4.134994894371670227e-01	0.000000000000000000e+00
1.210220448405728888e+01	4.712549972784755292e-01	0.000000000000000000e+00
1.205181593978264942e+01	2.497006720208728159e-01	2.347853745175731699e-01
1.196373842566907619e+01	5.105588917873990495e-02	0.000000000000000000e+00
1.220818645423859472e+01	6.663887619165598242e-01	0.000000000000000000e+00
1.201702854421889377e+01	2.205800639278187314e-01	5.456136610117225949e-01
1.197947488456086340e+01	1.698787593763342596e-01	2.602030633888766098e-01
1.211626497185806528e+01	5.106797663204974969e-01	0.000000000000000000e+00
1.198345438724066092e+01	7.734922196925536619e-02	0.000000000000000000e+00
1.212439149526433724e+01	5.029885091650279083e-01	0.000000000000000000e+00
1.200371314695472869e+01	2.086892992805992608e-01	5.220932062181052880e-01
1.203709513906341932e+01	2.934178148173615663e-01	1.854956453143197237e-01
1.207530057165570092e+01	2.995299771165866876e-01	1.903286568456845629e-01
1.206416042023921165e+01	3.858332274853940591e-01	2.113206748976932392e-01
1.220806348473682412e+01	6.711270560563484811e-01	0.000000000000000000e+00
1.211092261907427137e+01	5.596689613712912958e-01	0.000000000000000000e+00
1.208849957510882867e+01	3.963744517745346196e-01	4.225755996254005886e-01
1.201264278023800713e+01	1.277927773379026188e-01	2.651907461904861596e-01
1.231517738417328722e+01	8.421380702077154723e-01	0.000000000000000000e+00
1.202224678761969479e+01	1.473075535481278564e-01	2.329728399946648654e-01
1.216120130840539559e+01	5.214355186698913514e-01	0.000000000000000000e+00
1.230178734156412901e+01	7.972494421138218712e-01	0.000000000000000000e+00
1.196094427603226329e+01	5.946021510550208999e-02	0.000000000000000000e+00
1.202222019963448751e+01	2.607741686654181379e-01	2.040369062934136446e-01
1.207834740292417131e+01	4.766955030422408424e-01	0.000000000000000000e+00
1.201072507163040726e+01	2.387451238102772377e-01	2.638327187010433561e-01
1.238491035832881870e+01	9.317676805379675464e-01	0.000000000000000000e+00
1.209486378314975141e+01	5.009242549173791303e-01	0.000000000000000000e+00
1.227816921868723732e+01	7.357470972028206102e-01	0.000000000000000000e+00
1.222940382642020651e+01	6.950406404255888848e-01	0.000000000000000000e+00
1.207723362342858131e+01	3.468994291368173166e-01	1.832845967342043303e-01
1.205909778376919306e+01	4.468335698484254825e-01	0.000000000000000000e+00
1.227990115205940924e+01	7.248922620352822310e-01	0.000000000000000000e+00
1.224931702800088651e+01	7.645867183955221691e-01	0.000000000000000000e+00
1.196795326358874867e+01	1.768979597316577557e-01	1.931558159607727199e-01
1.203877384098510817e+01	3.058759241068605417e-01	1.785891929551951252e-01
1.214070411644519609e+01	5.173350361533416431e-01	0.000000000000000000e+00
1.212869419609582167e+01	5.032142339453652413e-01	0.000000000000000000e+00
1.200839899695686164e+01	3.110922599588163973e-01	2.602439674180874740e-01
1.225760229265041978e+01	7.647844056674528712e-01	0.000000000000000000e+00
1.202663327054504094e+01	2.730122393192350172e-01	1.872658804854364645e-01
1.205868104860352297e+01	2.605670607289819474e-01	1.879925682020839872e-01
1.228316340281737773e+01	7.775142782762444194e-01	0.000000000000000000e+00
1.196668642903559920e+01	3.914521797142639370e-02	0.000000000000000000e+00
1.204209836286726620e+01	3.864640432330219144e-01	4.051891365591153149e-01
1.198594838234954274e+01	9.431912875880874014e-02	0.000000000000000000e+00
1.204782915100557084e+01	3.649361320831955857e-01	2.577266924493664679e-01
1.226500432391079620e+01	7.117645168927149157e-01	0.000000000000000000e+00
1.217294881817074526e+01	6.507864571653011465e-01	0.000000000000000000e+00
1.196623635176399425e+01	1.816522266207135361e-01	1.826091656904339222e-01
1.213339655039562892e+01	5.549655841447267424e-01	0.000000000000000000e+00
1.200792226206804969e+01	1.148400666180800500e-01	3.984149115308905920e-01
1.216269388971972099e+01	5.279177679462173645e-01	0.000000000000000000e+00
1.209105241913963269e+01	4.233267765122616377e-01	0.000000000000000000e+00
1.235262790219194962e+01	8.845191941917718292e-01	0.000000000000000000e+00
1.218889478418228833e+01	6.093061846602313425e-01	0.000000000000000000e+00
1.213044289125332575e+01	5.036100651147061846e-01	0.000000000000000000e+00
1.223186340104940761e+01	7.256395123557108917e-01	0.000000000000000000e+00
1.212410371222541805e+01	5.510980246699854757e-01	0.000000000000000000e+00
1.231638046419888965e+01	7.797685031391536903e-01	0.000000000000000000e+00
1.222896881880218167e+01	7.139655452916535694e-01	0.000000000000000000e+00
1.229940401722058496e+01	7.685487480182429110e-01	0.000000000000000000e+00
1.197203293285919479e+01	1.192598804869746815e-01	4.490120923892209959e+01
1.223565192527986589e+01	7.347821867974598797e-01	0.000000000000000000e+00
1.199708219524829467e+01	2.098350910486310172e-01	1.842045383539695214e-01
1.202424846996466457e+01	1.653688157454301644e-01	1.882630711127480094e-01
1.202936076599277548e+01	3.223322787792133881e-01	2.692665480027966463e-01
1.225092392348221892e+01	7.331126408976400555e-01	0.000000000000000000e+00
1.208285702063814426e+01	5.145865911742477650e-01	0.000000000000000000e+00
1.205380826521042437e+01	2.235062591794755860e-01	2.569427561644687108e-01
1.231641816705169745e+01	8.101979576355964330e-01	0.000000000000000000e+00
1.210656865039586449e+01	4.911620774840929071e-01	0.000000000000000000e+00
1.204043785282937407e+01	4.042454860142612461e-01	0.000000000000000000e+00
1.217141256978601582e+01	5.652168592874805553e-01	0.000000000000000000e+00
1.208720483905451282e+01	3.480704112278353302e-01	1.685372969636635410e-01
1.202695768371049034e+01	3.401826189647526588e-01	1.976780603078872045e-01
1.212248562684927755e+01	5.054701620803960793e-01	0.000000000000000000e+00
1.195254318044740494e+01	9.760450777858820093e-02	0.000000000000000000e+00
1.197540147285897127e+01	1.586397124104613199e-01	2.709521579586098294e-01
1.203585142154532051e+01	3.099370373618566266e-01	1.679023866428522860e-01
1.195667555996083209e+01	5.132490424271146656e-02	0.000000000000000000e+00
1.218034307006932693e+01	6.401198827478219444e-01	0.000000000000000000e+00
1.203229992073874755e+01	3.564617594328214345e-01	1.897645067074451575e-01
1.197655644707070088e+01	8.305994793372795115e-02	0.000000000000000000e+00
1.198540901837237449e+01	1.340278432740606429e-01	1.912134731362407358e-01
1.208352752103899697e+01	4.233278914498361800e-01	0.000000000000000000e+00
1.200499472195260076e+01	3.175950366029577365e-01	1.954094534386883741e-01
1.211642772648925970e+01	4.337289438492044069e-01	0.000000000000000000e+00
1.222998909610728013e+01	6.931265149278436066e-01	0.000000000000000000e+00
1.200921474948903622e+01	1.383166717209512175e-01	1.801931630697293230e-01
1.222491711254311397e+01	7.078829202155265676e-01	0.000000000000000000e+00
1.224244670902152521e+01	7.643168325497000648e-01	0.000000000000000000e+00
1.206707839310937480e+01	4.459514293870320834e-01	0.000000000000000000e+00
1.210438741957887210e+01	3.886715900722299000e-01	2.430684629358050852e-01
1.199536873917368496e+01	5.847278552345791525e-02	0.000000000000000000e+00
1.225106761583521298e+01	6.896315363809253363e-01	0.000000000000000000e+00
1.219638658237068718e+01	5.841206071740736583e-01	0.000000000000000000e+00
1.205727494516972520e+01	2.470987937594472106e-01	9.266475825550533063e-01
1.197310209291660144e+01	1.093093003500894556e-02	0.000000000000000000e+00
1.200780397839087676e+01	1.743386603053702910e-01	2.980417695221275198e-01
1.203007798131614869e+01	2.379078773097585420e-01	1.883707524788212073e-01
1.196263163809020647e+01	1.163660656847681496e-02	0.000000000000000000e+00
1.209047227908385658e+01	4.613048968399876548e-01	0.000000000000000000e+00
1.216808906081305963e+01	6.481224401055731832e-01	0.000000000000000000e+00
1.199782711426838411e+01	1.390081468787956465e-01	2.849674721296128754e-01
1.230047533592289177e+01	7.498004697375695304e-01	0.000000000000000000e+00
1.241592114143477410e+01	9.551275781553488775e-01	0.000000000000000000e+00
1.196573383974164884e+01	9.560062011424798334e-02	0.000000000000000000e+00
1.209333660629726559e+01	3.779060374106294473e-01	1.778463335350580488e-01
1.202263590847469743e+01	2.572483630779745511e-01	1.826682770606938566e-01
1.211366592691196686e+01	4.570895360506735394e-01	0.000000000000000000e+00
1.197911278975450067e+01	9.433503817727541263e-02	0.000000000000000000e+00
1.200728804054091903e+01	2.679713116648144156e-01	2.707131532051727518e-01
1.207238102288262205e+01	3.080977995479701192e-01	1.955848899683250708e-01
1.201669287765967375e+01	1.388197160097112970e-01	5.441636956579156692e-01
1.234403097986106168e+01	8.740558494800250156e-01	0.000000000000000000e+00
1.238589710636853702e+01	9.461990879836216228e-01	0.000000000000000000e+00
1.203680411924941751e+01	1.858446977593685434e-01	1.811194958369135022e-01
1.203083551980745725e+01	3.673950375694216008e-01	1.915673688870469793e-01
1.210839507108089919e+01	4.007563001440672124e-01	0.000000000000000000e+00
1.198560222401202147e+01	2.478561846841048355e-01	3.340992642682380498e-01
1.231297955644259723e+01	8.339435710510371136e-01	0.000000000000000000e+00
1.204928062379037712e+01	2.189529708202235248e-01	2.874500559600666194e-01
1.209139947216703703e+01	5.131196443070644708e-01	0.000000000000000000e+00
1.200646491341121802e+01	1.880026701119306698e-01	2.281358029480821115e-01
1.212562063773313881e+01	4.704497150851989495e-01	0.000000000000000000e+00
1.205433245893923200e+01	4.553808698574581815e-01	0.000000000000000000e+00
1.195300948269519736e+01	1.107825916918153963e-01	2.307644340316572507e-01
1.210129546918515153e+01	5.403949903956495326e-01	0.000000000000000000e+00
1.205749813922639468e+01	2.968904494655954518e-01	1.841838938605464826e-01
1.204213160053888565e+01	3.739041041534296173e-01	3.543663960507203448e-01
1.199899084753396927e+01	8.256708791732453312e-02	0.000000000000000000e+00
1.205220808465533544e+01	4.409292164361177102e-01	0.000000000000000000e+00
1.225271892873696089e+01	7.177185260224436814e-01	0.000000000000000000e+00
1.200284531540556543e+01	1.861797030831493782e-01	2.428431497373751136e-01
1.208198944493624616e+01	4.147731213385488225e-01	0.000000000000000000e+00
1.197036686414976359e+01	7.526120241545969369e-02	0.000000000000000000e+00
1.198959467680258584e+01	1.152806889857957706e-01	2.037871373143328724e-01
1.214248009700841280e+01	4.741845627953162889e-01	0.000000000000000000e+00
1.197758311433234724e+01	1.893590205445760677e-01	2.425966390340372203e-01
1.201780877880361409e+01	1.166469470847555367e-01	4.594748711857892243e-01
1.204956119228878642e+01	2.349027855274745391e-01	2.284252196092380061e-01
1.203261368724751534e+01	3.710088732334681505e-01	2.060735343960720112e-01
1.208029533328559246e+01	3.492742103836353196e-01	1.774159193463803186e-01
1.199909370635729822e+01	8.881794267932838216e-02	0.000000000000000000e+00
1.207063237183957760e+01	3.328721335378183044e-01	1.693156948846098186e-01
1.221501798789896753e+01	7.121789988674962490e-01	0.000000000000000000e+00
1.220474663100342738e+01	6.945147008877239347e-01	0.000000000000000000e+00
1.205762573273685945e+01	3.954199313210960964e-01	1.992836807258114573e-01
1.203288430764614780e+01	1.211244501931087042e-01	3.595333532366531415e-01
1.196089166784899405e+01	1.141080048855098728e-01	1.793276457964893267e-01
1.207184831366142674e+01	3.906763080556707735e-01	2.264869466909655571e-01
1.197363234598137183e+01	6.349130134386579694e-02	0.000000000000000000e+00
1.207921422740586337e+01	3.127105418120715297e-01	1.931884615903523561e-01
1.200509335394422727e+01	2.630583811826466278e-01	2.315604642453040207e-01
1.201512287137979840e+01	2.468450220943995133e-01	3.802289613507570110e-01
1.204707559126264194e+01	2.942077247529208961e-01	2.516158828581762652e-01
1.199735353575555052e+01	1.881892760569671141e-01	3.374872202254481368e-01
1.200721560171894531e+01	8.117316856256157065e-02	0.000000000000000000e+00
1.196608237764363025e+01	1.170502776274209566e-01	1.856342158055562797e-01
1.200015817959810072e+01	1.631265377123997107e-01	3.768299480909137467e-01
1.208916866077770536e+01	4.143108943797474408e-01	0.000000000000000000e+00
1.204258309478608879e+01	2.935078396893975872e-01	2.318400144641175054e-01
1.223483337137623472e+01	7.081685117377835015e-01	0.000000000000000000e+00
1.204985257880964689e+01	3.665710941544327306e-01	1.709269002720119890e-01
1.207520411012420958e+01	3.031683189414884350e-01	1.709768038620645969e-01
1.229335033697323354e+01	8.299782614247767087e-01	0.000000000000000000e+00
1.201401546615659122e+01	3.287477739157624312e-01	1.936696165881659215e-01
1.230370289079023038e+01	8.307947204914392092e-01	0.000000000000000000e+00
1.202398019934605777e+01	2.747711336155078676e-02	0.000000000000000000e+00
1.198443965084732987e+01	1.758446988191236793e-02	0.000000000000000000e+00
1.199856522204526676e+01	1.631894030131144369e-01	2.319023536519359552e-01
1.219850967630714855e+01	5.976033425435764990e-01	0.000000000000000000e+00
1.202660423080597418e+01	3.362093078520684841e-01	1.705479406137266896e-01
1.225245716107625960e+01	7.040644574655152699e-01	0.000000000000000000e+00
1.214636257570652234e+01	5.820372244494124159e-01	0.000000000000000000e+00
1.212272678880863985e+01	4.923685681041662932e-01	0.000000000000000000e+00
1.227502656713510198e+01	7.317445049347129915e-01	0.000000000000000000e+00
1.199482803178947954e+01	1.412097082662786551e-01	3.128636204244715779e-01
1.220577890255143849e+01	6.917185616710149754e-01	0.000000000000000000e+00
1.226225529323454566e+01	7.099597588232990919e-01	0.000000000000000000e+00
1.218894671757676029e+01	6.566839866476078535e-01	0.000000000000000000e+00
1.245912544824743584e+01	9.643395662868767815e-01	0.000000000000000000e+00
1.198600898908152956e+01	1.795253603474601112e-01	2.055114149551446889e-01
1.196300493802569775e+01	1.492599585512494609e-01	2.101499336719026556e-01
1.197204259346332833e+01	1.960604218687107270e-01	2.901067656130609684e+00
1.202548048502346845e+01	1.035899501037194081e-01	6.518222098799617559e-01
1.198622991840281493e+01	2.741737232261660662e-01	7.369053712487494412e-01
1.203042862741298435e+01	2.817459219438703255e-01	1.837927993593608533e-01
1.205631998197065968e+01	2.774702331294920388e-01	2.087380524310627483e-01
1.212475172446683302e+01	4.948013092714668160e-01	0.000000000000000000e+00
1.235363600714847010e+01	8.693702169220569598e-01	0.000000000000000000e+00
1.218783351302079865e+01	6.190470322637621203e-01	0.000000000000000000e+00
1.198894029563354913e+01	7.965964696286395585e-02	0.000000000000000000e+00
1.205517620494790876e+01	3.186689879981838280e-01	1.780623929873103861e-01
1.208735224419509890e+01	3.568477567039729514e-01	2.058287566024465942e-01
1.198233921901334398e+01	2.397455080276664208e-02	0.000000000000000000e+00
1.226901171895782205e+01	7.796322771615498137e-01	0.000000000000000000e+00
1.229203656273234557e+01	7.492861264354441220e-01	0.000000000000000000e+00
1.208497947592545252e+01	3.876094408486272513e-01	2.231632853180016141e-01
1.231859817429460158e+01	7.809907100087206677e-01	0.000000000000000000e+00
1.204383110387870914e+01	2.543310287021544602e-01	1.138574522821192314e+00
1.205370914381407665e+01	3.378174072316767473e-01	5.848731155644223412e-01
1.196469529952479682e+01	1.803992442287823406e-01	1.692927868377135936e-01
1.229174772855467168e+01	7.891880697356856711e-01	0.000000000000000000e+00
1.203761750272181352e+01	2.056922416416417931e-01	2.111173401388803661e-01
1.211708603181777910e+01	4.665103005860702368e-01	0.000000000000000000e+00
1.208904642734581714e+01	3.767096504073687013e-01	2.331012224461333771e-01
1.209436017722584644e+01	4.324834413035891223e-01	0.000000000000000000e+00
1.201171354031114191e+01	2.976939741212159540e-01	2.340591646746412735e-01
1.201039345958588100e+01	9.939434047233919323e-02	0.000000000000000000e+00
1.247550728190331348e+01	9.790725316234512032e-01	0.000000000000000000e+00
1.214553544668035734e+01	5.348260754221549895e-01	0.000000000000000000e+00
1.210508125856395445e+01	5.180400805806251174e-01	0.000000000000000000e+00
1.202890484745375943e+01	1.793297614932031214e-01	2.743913958669689235e-01
1.210376968868167147e+01	4.866796407351179909e-01	0.000000000000000000e+00
1.197711476153259724e+01	1.787914688084620285e-01	2.189310396002221715e-01
1.220449871279123322e+01	6.701734077822280033e-01	0.000000000000000000e+00
1.201173752370538317e+01	1.842572862747784423e-01	1.730336034334848394e-01
1.211029661292376680e+01	4.659216921097241171e-01	0.000000000000000000e+00
1.207514118279421211e+01	4.297592565907286111e-01	0.000000000000000000e+00
1.196884482714449938e+01	1.959710588175834767e-01	7.818045048845109202e-01
1.208673385271518441e+01	4.839497549516966757e-01	0.000000000000000000e+00
1.198631645845168947e+01	8.377839995931021799e-02	0.000000000000000000e+00
1.210480415950836885e+01	4.115170584372320750e-01	0.000000000000000000e+00
1.211282409138287797e+01	4.125103848263450557e-01	0.000000000000000000e+00
1.211325503135311799e+01	4.672766350796588863e-01	0.000000000000000000e+00
1.196345037550036139e+01	6.267502796839685697e-03	0.000000000000000000e+00
1.208028804041279258e+01	3.531085831205523773e-01	3.101267698038903120e-01
1.204712871686191100e+01	2.544779608023812756e-01	1.683137495999051658e-01
1.212730318971824772e+01	5.966026001882320795e-01	0.000000000000000000e+00
1.205776679938154317e+01	3.111530079705664420e-01	2.316348778242239559e-01
1.204193185970774849e+01	3.044771574582828544e-01	2.279480503827989446e-01
1.205877999407557688e+01	4.243400779260722011e-01	0.000000000000000000e+00
1.210762709004871951e+01	5.469745909463947786e-01	0.000000000000000000e+00
1.197073444083298632e+01	5.087031971422673049e-02	0.000000000000000000e+00
1.209697812442223253e+01	4.759105850588219999e-01	0.000000000000000000e+00
1.209203170484336631e+01	4.791684726822654783e-01	0.000000000000000000e+00
1.203467340471580904e+01	2.570755442610111463e-01	1.948323383485780214e-01
1.198897794096735758e+01	8.790338524037989709e-02	0.000000000000000000e+00
1.207310532022798277e+01	4.139062999058736869e-01	0.000000000000000000e+00
1.209587746595631685e+01	5.181807623749771219e-01	0.000000000000000000e+00
1.214761359922357009e+01	5.083369271262526690e-01	0.000000000000000000e+00
1.200285443855747225e+01	2.611124319489078749e-01	2.700739026641691409e-01
1.235923764630115684e+01	8.577181635142890892e-01	0.000000000000000000e+00
1.196870900380229230e+01	7.853940662354080837e-02	0.000000000000000000e+00
1.208702085704318385e+01	3.265432801174834587e-01	2.498410855620067927e-01
1.194937955297521093e+01	5.077218472338390631e-02	0.000000000000000000e+00
1.209683550184883138e+01	4.129653396941085353e-01	0.000000000000000000e+00
1.227452800572878111e+01	7.479649738695274275e-01	0.000000000000000000e+00
1.210070387150473614e+01	4.502393742288732792e-01	0.000000000000000000e+00
1.204430966555795024e+01	2.601068356454028785e-01	1.933605651529717306e-01
1.199481395354286661e+01	2.592393817459835992e-01	2.232785103055145437e-01
1.211418294529293860e+01	4.854432722096503894e-01	0.000000000000000000e+00
1.208817662107235513e+01	4.487011007864586398e-01	0.000000000000000000e+00
1.206348259314846771e+01	3.832510021407587453e-01	1.708622549730052786e-01
1.198748437042392823e+01	1.300464495630913597e-01	1.881995870869229148e-01
1.202485809614936763e+01	3.797430769746128476e-01	1.980975301268148858e-01
1.209827396240029529e+01	4.669282737195200594e-01	0.000000000000000000e+00
1.195692825226694822e+01	1.059738753718144078e-01	1.927296195704197856e-01
1.208756680690050445e+01	3.786264976210057531e-01	1.941752425030042750e-01
1.200159731739038804e+01	3.206529429159367117e-01	1.724129508231617147e-01
1.212876696146125255e+01	4.586723884220991199e-01	0.000000000000000000e+00
1.201111624275362821e+01	2.151978612425440029e-01	2.359848519516514753e-01
1.225632409428232528e+01	7.221145703857494436e-01	0.000000000000000000e+00
1.203825154342905179e+01	3.604495438218631165e-01	1.940508897363079355e-01
1.208675251545975016e+01	3.913741621898719769e-01	1.679656700772153288e-01
1.214714172706889528e+01	6.041457519955517608e-01	0.000000000000000000e+00
1.202229799835246560e+01	2.154989973738028197e-01	1.720472881167728618e-01
1.206345067563174212e+01	3.490956323265354544e-01	2.775822394410545346e-01
1.200562804575498710e+01	2.273832411107855611e-01	1.992906368952024609e-01
1.199640859607877275e+01	2.451911711300120422e-01	1.831625536495487816e-01
1.201824091579412723e+01	3.669271790730366245e-01	1.778583588781150193e-01
1.208264793835388495e+01	3.925694703411467534e-01	8.050123946223116667e-01
1.215679782682662058e+01	5.200068967328241865e-01	0.000000000000000000e+00
1.204646318263820071e+01	2.873092731498693708e-01	1.678078565609988915e-01
1.205669920571455833e+01	3.696794123122401077e-01	1.869285009947124487e-01
1.211804092536532451e+01	4.241104482861243197e-01	0.000000000000000000e+00
1.226911873217258098e+01	7.789952078003568037e-01	0.000000000000000000e+00
1.204320747971317296e+01	2.885164940920294518e-01	2.826957113804732802e-01
1.204390905327110417e+01	3.655839194019711025e-01	2.504818164076006437e-01
1.229717736034522702e+01	7.860021026122792076e-01	0.000000000000000000e+00
1.206895510867428634e+01	2.845187786642058292e-01	3.402333233323561745e-01
1.201970521278399673e+01	3.179808117218057006e-01	2.578168398781147674e-01
1.218902508841740762e+01	5.794334752444558756e-01	0.000000000000000000e+00
1.239806147083816690e+01	9.098881883808062065e-01	0.000000000000000000e+00
1.205106324518094674e+01	4.111908753850217479e-01	0.000000000000000000e+00
1.212391433417988473e+01	5.749445965181907425e-01	0.000000000000000000e+00
1.199711615644678986e+01	2.668287752579677208e-01	2.130912333543992232e-01
1.207648427470199870e+01	4.547292316244076482e-01	0.000000000000000000e+00
1.200143384928421142e+01	2.874415916199022369e-01	1.922525558743623242e-01
1.202959684010037300e+01	1.180105231322286508e-01	2.897734153516551836e-01
1.204431414883323193e+01	2.371334413327700341e-01	2.521086048282924486e-01
1.219783409208376490e+01	6.751421183259654901e-01	0.000000000000000000e+00
1.228486769733071959e+01	8.041699567197801990e-01	0.000000000000000000e+00
1.198315692291855328e+01	2.194915446314299468e-02	0.000000000000000000e+00
1.206343954079457248e+01	3.131547653466765779e-01	2.068243079919390159e-01
1.196198198230663046e+01	3.887432760540660004e-02	0.000000000000000000e+00
1.224388870321048017e+01	6.614880276784003144e-01	0.000000000000000000e+00
1.197726773657133847e+01	1.134214532719361596e-01	2.664897158702949631e-01
1.226863348049869096e+01	7.272765374109025904e-01	0.000000000000000000e+00
1.200080107223026538e+01	6.735417080683733793e-02	0.000000000000000000e+00
1.216545609412735551e+01	5.656236729601847868e-01	0.000000000000000000e+00
1.199374856138907042e+01	1.206164396573566333e-01	1.742398591938103258e-01
1.200300279628960531e+01	2.977412196754226081e-01	3.035357832460822691e-01
1.228999470833760377e+01	7.511100029899775432e-01	0.000000000000000000e+00
1.221663673303601705e+01	6.091672023082486120e-01	0.000000000000000000e+00
1.215705465180984213e+01	6.062462833533952544e-01	0.000000000000000000e+00
1.198996546868637658e+01	2.375327516112112347e-01	2.174648498473852054e-01
1.202601649278619256e+01	1.832520737565270230e-01	8.218404649504099657e-01
1.206071038347603697e+01	3.784753780550776381e-01	7.201548113220507252e-01
1.215736489426221922e+01	4.991128629381179627e-01	0.000000000000000000e+00
1.197294937627454914e+01	4.942217641728977040e-02	0.000000000000000000e+00
1.209390977108367515e+01	4.040753327308814757e-01	0.000000000000000000e+00
1.227842751456168102e+01	7.588316000616098789e-01	0.000000000000000000e+00
1.202213065976488515e+01	2.822968918563072971e-01	2.806110681085026148e-01
1.198448668082704671e+01	2.456589029760968268e-01	1.770871178800702828e-01
1.215607587114385346e+01	6.036969642344367504e-01	0.000000000000000000e+00
1.201226214944661130e+01	2.087748400212469935e-01	3.796532162222479578e-01
1.196647776855934708e+01	1.749660965036557714e-02	0.000000000000000000e+00
1.200379296191650624e+01	1.953291370595879317e-01	4.859770029937497959e-01
1.202044953890399093e+01	1.636921572719695905e-01	3.548516726097679652e-01
1.205336944863605098e+01	2.287411397254844880e-01	1.785009679279752626e-01
1.216787303882489013e+01	5.417445658833264233e-01	0.000000000000000000e+00
1.200498732362143528e+01	1.292810916789178532e-01	1.722594597375374792e-01
1.217258060244118134e+01	6.437725224071062513e-01	0.000000000000000000e+00
1.199182917600046672e+01	7.133005092423803928e-02	0.000000000000000000e+00
1.204578436731372904e+01	4.153296776368819998e-01	0.000000000000000000e+00
1.210138373084271812e+01	4.375473010016359132e-01	0.000000000000000000e+00
1.223286613157705105e+01	6.531882198026653930e-01	0.000000000000000000e+00
1.212175969036114864e+01	4.690336892298348492e-01	0.000000000000000000e+00
1.201012449921485192e+01	2.155280926513397088e-01	2.254913423560296337e-01
1.201519469887608338e+01	2.976431880322615298e-01	7.249838192403097459e-01
1.215259232429995961e+01	5.749378905569431097e-01	0.000000000000000000e+00
1.211059150126022033e+01	4.448209995984888088e-01	0.000000000000000000e+00
1.207587978050378119e+01	3.476251279286233786e-01	1.838111101363532063e-01
1.218264901054116223e+01	6.306738146714612192e-01	0.000000000000000000e+00
1.201869942521881107e+01	2.437814877875708885e-01	1.490594093598855086e+00
1.204311487419487392e+01	3.665717159610055731e-01	1.852226821697230963e-01
1.218609547663085557e+01	6.362448297408676012e-01	0.000000000000000000e+00
1.206194525213996904e+01	2.774319491919483571e-01	1.770083242479133234e-01
1.212569711717802079e+01	5.941922226082122505e-01	0.000000000000000000e+00
1.198104231022836075e+01	1.065001311239309467e-01	5.119029416537091981e-01
1.201904411667770134e+01	3.015033246313503223e-01	1.845972522331575938e-01
1.211265341906632109e+01	4.705366211222311579e-01	0.000000000000000000e+00
1.199262520780207097e+01	2.232648557400624401e-01	5.791051038569597909e-01
1.197198866812365203e+01	2.006694772529380999e-01	1.752878802542129077e-01
1.199437376471566452e+01	1.759482010923481832e-01	1.675657479485870294e-01
1.199681610157476896e+01	1.052652834237070567e-01	6.508633102133738468e-01
1.205137694109686386e+01	2.776272780485563030e-01	2.169741993247684131e-01
1.199993887585437413e+01	1.984183301537563171e-01	1.904307350277561484e-01
1.200609730913239481e+01	1.428271644587108258e-01	2.382917909202125206e-01
1.208807766265318584e+01	4.130091872321383084e-01	0.000000000000000000e+00
1.205742804989816364e+01	2.454661904820958085e-01	1.855586506776736311e-01
1.197580300970770217e+01	1.742672966377117050e-01	2.044762851774915569e-01
1.214516862465994151e+01	5.253760583242031990e-01	0.000000000000000000e+00
1.202318931171954475e+01	1.250906136799774526e-01	4.268558559240869799e-01
1.204934798456212341e+01	3.642555909609368481e-01	1.955140789106336596e-01
1.218439431551029273e+01	5.635261969115373804e-01	0.000000000000000000e+00
1.226160356726200718e+01	7.700753622883442784e-01	0.000000000000000000e+00
1.210551470571962795e+01	4.834284040556739437e-01	0.000000000000000000e+00
1.202980111986190792e+01	1.745262621652162727e-01	1.813253564009808527e-01
