1.199125856710950444e+01	1.216874059209405307e-01	6.638828689431188756e-01
1.203422094172201717e+01	3.114366965548773791e-01	6.510405490523076821e-01
1.203244198377586471e+01	2.862129040876829067e-01	6.197315842637011185e-01
1.207212165974187634e+01	4.159873646515249712e-01	0.000000000000000000e+00
1.201597639563668096e+01	2.519649217107603478e-01	3.818057373583168612e+01
1.203635646958093020e+01	2.961746048648888352e-01	8.504309569657364509e-01
1.207080699085615016e+01	4.090862261491160501e-01	0.000000000000000000e+00
1.199594897475780364e+01	1.444704675770343283e-01	6.703146202641331319e-01
1.200075113118272263e+01	1.398569424885570955e-01	7.107924551913844535e-01
1.201900484215941844e+01	2.597723672770864689e-01	7.682386352292627230e-01
1.204442520669748262e+01	3.365369500168645667e-01	7.220482704644245464e-01
1.200286238771474778e+01	1.850526463464695071e-01	7.217606168968896396e-01
1.202797097661984260e+01	2.925255873675493556e-01	1.541412839052507922e+00
1.205613926374801359e+01	3.769315475163107498e-01	7.074463960972456888e-01
1.203792296972259912e+01	3.185189085386193608e-01	6.361131064204381680e-01
1.199748142240049198e+01	1.543053772260999934e-01	1.298371315122691882e+00
1.200274642896338406e+01	1.909148580799864547e-01	1.044686541874066732e+00
1.203289211763719990e+01	3.007751767470859816e-01	7.114224325223383882e-01
1.204573685199034117e+01	3.378665820027932920e-01	6.367257595167660211e-01
1.200786651523959847e+01	2.189177496198163042e-01	6.277602616355806298e-01
1.202002757019973522e+01	2.573943775626909014e-01	8.699375295565665578e-01
1.199541231949764608e+01	1.214342650202379914e-01	1.025117285964056490e+00
1.200069300326450694e+01	1.781234015367449131e-01	8.129594933661962175e-01
1.206363922452612591e+01	3.824989760732280808e-01	8.614915750008740325e-01
1.199234346050480404e+01	6.189373686976276656e-02	0.000000000000000000e+00
1.200853259189051947e+01	2.261549775136786344e-01	7.071324721931440127e-01
1.209868027054333695e+01	4.782084910710373005e-01	0.000000000000000000e+00
1.203860527418962789e+01	3.342171351803958634e-01	7.951970269116895862e-01
1.206754928194823684e+01	4.022361312358877505e-01	0.000000000000000000e+00
1.199610327298422519e+01	1.497298794265417010e-01	7.788550006450024599e-01
1.201620443282242157e+01	2.526482375138496828e-01	7.320244650178506784e-01
1.209030472248317878e+01	4.618606215700118978e-01	0.000000000000000000e+00
1.200248144583212628e+01	1.749517942291080042e-01	8.091996475814244860e-01
1.200927773581540592e+01	2.100940202358019260e-01	6.289761062328415031e-01
1.205220361973369947e+01	3.639848564152491917e-01	9.255154308266846375e-01
1.201160064330740695e+01	2.327274444352684102e-01	7.854977517768649831e-01
1.201310613071733080e+01	2.203892389526602158e-01	3.900517743809367666e+00
1.204923058097467070e+01	3.475451066245651144e-01	6.337469686337213748e-01
1.208141837958172005e+01	4.437247793485384895e-01	0.000000000000000000e+00
1.200982020892040580e+01	2.105654941648664735e-01	7.012375786189923854e-01
1.199117250910766153e+01	9.878417385270135687e-02	0.000000000000000000e+00
1.201598170391192788e+01	2.477673235113426742e-01	8.434763430307913312e-01
1.201894312947541898e+01	2.447125398979689281e-01	2.810341926466020990e+00
1.202128175940975829e+01	2.756058561051685230e-01	7.760597550426741043e-01
1.200121650889779801e+01	1.838220293485129941e-01	2.313653355243087795e+00
1.204132632738813591e+01	3.244805525585251482e-01	6.169601756452788299e-01
1.207727348935983613e+01	4.342999431418265166e-01	0.000000000000000000e+00
1.209008226875810266e+01	4.433377406374700014e-01	0.000000000000000000e+00
1.200766718597462202e+01	1.942059859115063958e-01	6.832099295360218871e-01
1.199754350828358973e+01	1.535255162094624204e-01	7.010117299871869712e-01
1.205504974055346423e+01	3.595805869138347655e-01	2.530977124736385253e+00
1.202359133168989125e+01	2.607888135522791750e-01	6.975768453231809829e-01
1.203194537604636238e+01	2.821342773953086080e-01	8.714863879166239169e-01
1.198331513230613155e+01	5.872770033154658953e-02	0.000000000000000000e+00
1.209030840331179135e+01	4.547633528044419116e-01	0.000000000000000000e+00
1.199417830543543850e+01	1.306804734517268141e-01	6.676243787624629444e-01
1.205052369075676211e+01	3.518464060618680667e-01	7.447870755546052157e-01
1.205458627601245958e+01	3.527217387188946174e-01	7.058254274360639124e-01
1.198747067169409952e+01	8.885150734807700790e-02	0.000000000000000000e+00
1.204036680190314001e+01	3.278749600211957604e-01	6.154676457024809144e-01
1.201265085873383498e+01	2.251043424197730070e-01	7.937069288239163578e-01
1.200109757005448152e+01	1.788026132235150112e-01	6.166888843834673617e-01
1.201293377724328693e+01	2.207411788789507834e-01	1.328659655305811871e+00
1.199617224685062844e+01	1.109240005111197108e-01	1.650381739287076099e+00
1.199981137987845337e+01	1.705571959720333930e-01	7.158715890605211740e-01
1.204864050005958909e+01	3.410197263083352137e-01	1.710782336502425727e+00
1.200627025518088153e+01	1.973834253219662604e-01	9.410624265161332547e-01
1.204197107651932441e+01	3.207560040274408664e-01	9.534736630299479598e-01
1.204877648099981080e+01	3.507062337427400145e-01	8.465315582171667463e-01
1.202107644471548653e+01	2.745418686991637491e-01	2.092033171630697019e+00
1.209551610062102434e+01	4.682185330461122175e-01	0.000000000000000000e+00
1.209503243487468538e+01	4.671628368925053731e-01	0.000000000000000000e+00
1.201166259550694271e+01	2.134018908979484486e-01	1.035402353028143319e+00
1.202337140883969724e+01	2.795145934981421165e-01	6.186854297467649921e-01
1.204012707765849299e+01	3.180286545696008327e-01	7.958749993543915435e-01
1.205729989958358672e+01	3.782625842236256308e-01	6.615162554757022528e-01
1.200812849557067175e+01	2.120706968753928723e-01	6.131108980020899546e-01
1.198931652005296655e+01	1.065865478194285704e-01	6.733181829713821287e-01
1.203365375694956541e+01	3.148424769740523210e-01	7.778284553553448388e-01
1.201825127403114557e+01	2.515635841808901985e-01	6.171338387397415914e-01
1.199575469978235098e+01	1.466943339987089312e-01	8.706839234074094103e-01
1.202318382399771579e+01	2.614657047145081403e-01	8.858475811267274569e-01
1.199635618536404280e+01	1.518191861433702272e-01	1.049114974321883054e+00
1.199465030837005486e+01	9.321362111986959686e-02	0.000000000000000000e+00
1.199445436964226630e+01	1.467337804272406121e-01	9.213953990422468765e-01
1.204679053330009353e+01	3.387003928986155876e-01	6.471157996871873541e-01
1.198916666129914965e+01	2.461384971403579591e-02	0.000000000000000000e+00
1.203484944340914176e+01	3.021004101364982986e-01	7.558359393189273412e-01
1.200343570419852135e+01	1.611590926303873017e-01	6.548184632331849331e-01
1.202398369935523093e+01	2.705023489427421657e-01	7.483355066998641503e-01
1.201941969985842107e+01	2.578975681937764053e-01	2.097155640157527312e+00
1.198800915544861567e+01	9.985184364940535851e-02	0.000000000000000000e+00
1.200973574519726128e+01	2.075768006894377071e-01	7.570447510039667316e-01
1.200582202761759021e+01	1.934734022438154566e-01	1.436762842978208443e+00
1.204753882139234378e+01	3.543035066307401726e-01	1.218139788960754144e+00
1.206001190130225531e+01	3.878089238661711069e-01	6.118515388388264808e-01
1.205518206999759911e+01	3.604362419238970050e-01	1.142876590961817485e+00
1.200660599386663741e+01	1.908840064664308334e-01	6.654624763894227968e-01
1.208185030035707541e+01	4.297159298716257680e-01	0.000000000000000000e+00
1.208979151344987457e+01	4.581788433717936537e-01	0.000000000000000000e+00
1.205761045067896120e+01	3.673645986562557586e-01	7.026690239707540364e-01
1.201259264217522649e+01	2.322395146820622758e-01	7.124051987582904477e-01
1.199628617567760003e+01	9.695952109075683945e-02	0.000000000000000000e+00
1.209212733949711271e+01	4.625231098649479344e-01	0.000000000000000000e+00
1.198954414460595963e+01	1.050089187976857019e-01	6.749364975513956200e-01
1.202304806661661907e+01	2.702449262652173445e-01	6.915138172731530863e-01
1.206822740388250814e+01	3.986636245969726322e-01	6.612432223400824816e-01
1.205730215313375631e+01	3.730552317597209400e-01	1.236667324801117296e+00
1.200673995365817603e+01	1.820177780822624936e-01	6.223083072123646309e-01
1.205635755254409958e+01	3.794055920920823555e-01	9.065007601632097956e-01
1.202140064819489318e+01	2.508875991007316064e-01	6.364112295800072872e-01
1.199686989462740350e+01	1.343057677040560005e-01	1.616095467666622376e+00
1.201337889485543187e+01	2.083458318379494967e-01	6.657025659537691986e-01
1.201990363733570177e+01	2.445252730703702804e-01	6.208182516640299298e-01
1.204098766912774465e+01	3.316900485559874934e-01	1.015591505205457379e+00
1.204890288574045520e+01	3.443566505813614453e-01	6.948770648347258883e-01
1.199791302577415308e+01	1.524605306425104168e-01	6.650584569943858160e-01
1.201573497943189928e+01	2.319621366691453079e-01	6.215353269829825278e-01
1.200011854894764696e+01	1.737243571464019976e-01	6.208310093987338130e-01
1.204864776155381456e+01	3.619226821660373461e-01	6.461893835126371055e-01
1.208026556892802894e+01	4.190432858172906672e-01	0.000000000000000000e+00
1.198841599360093824e+01	3.927466106499460929e-02	0.000000000000000000e+00
1.210400034954133197e+01	4.937846019406441633e-01	0.000000000000000000e+00
1.203363182322645741e+01	3.053725293671267771e-01	1.098102975601005671e+00
1.206977952250157315e+01	4.071652017389605915e-01	0.000000000000000000e+00
1.200102331309232895e+01	1.868633783593606212e-01	8.849169423008288460e-01
1.203717080539483675e+01	3.270827287251445448e-01	7.678420158704380993e-01
1.200637925587768606e+01	2.101062707223068371e-01	4.909852857456087804e+03
1.200462942358162444e+01	1.928345050536212080e-01	1.581055255856766317e+00
1.203608046317418534e+01	3.117432915439412033e-01	6.182336900090849241e+00
1.200153939523760016e+01	1.651729796603136347e-01	6.980984923814304022e-01
1.207486712791461692e+01	4.139893622125481176e-01	0.000000000000000000e+00
1.207684318425368453e+01	4.224959990929966769e-01	0.000000000000000000e+00
1.206672189545016138e+01	3.899164827170168990e-01	5.576052380837690947e+00
1.201891732782780231e+01	2.573440134843927862e-01	7.586695924147059955e-01
1.199864741115972500e+01	1.532720445147537081e-01	2.541235629207791558e+00
1.200203230901631990e+01	1.725764882892175944e-01	6.798574390636489273e-01
1.203096025732276786e+01	3.051762255123391387e-01	1.339609828880265585e+00
1.209797519071765848e+01	4.690523754499702491e-01	0.000000000000000000e+00
1.208263422744326121e+01	4.299189033162832407e-01	0.000000000000000000e+00
1.206897358031062062e+01	4.103796457513038121e-01	0.000000000000000000e+00
1.198850176953744651e+01	3.791465907707469718e-02	0.000000000000000000e+00
1.204183210730757736e+01	3.395828939698427584e-01	6.759447063870652750e-01
1.209022621533086372e+01	4.489050576314655983e-01	0.000000000000000000e+00
1.199270620523310171e+01	1.195448931745755339e-01	7.727053539539615601e-01
1.203707989250011501e+01	3.000845221219831105e-01	6.410956137198554616e-01
1.203951951372403784e+01	3.064104831914845062e-01	6.206510067134389796e-01
1.209148442734106688e+01	4.612985306726772317e-01	0.000000000000000000e+00
1.200837615309789719e+01	2.042470543404201477e-01	9.190919039135485580e-01
1.205016827240549127e+01	3.642365846179122513e-01	8.231666380836546448e-01
1.210330237715063717e+01	4.762819330876155166e-01	0.000000000000000000e+00
1.202477217769347284e+01	2.774098025597713235e-01	6.744371916223079744e-01
1.207074237392622784e+01	4.069726748937662619e-01	0.000000000000000000e+00
1.206302288143696089e+01	3.896231928101885345e-01	6.460029477144391130e-01
1.208024973444656602e+01	4.297058086848375980e-01	0.000000000000000000e+00
1.204558427589702951e+01	3.473475788998526270e-01	1.746021464378341603e+00
1.205976032522311314e+01	3.729343614003859941e-01	6.976022327746075335e-01
1.204263969260594358e+01	3.233770589533926376e-01	7.189748650241105654e-01
1.203373258951847014e+01	3.092892349400360175e-01	8.054713963557451617e-01
1.202657263576428015e+01	2.868955427262422919e-01	6.202879179656314301e-01
1.201696411681444232e+01	2.325822466712296754e-01	7.140250493991897596e-01
1.210506784268817704e+01	4.764408118652359025e-01	0.000000000000000000e+00
1.200518018817587063e+01	2.091099282876779375e-01	1.078731433331177270e+00
1.201203306561110828e+01	2.255924134385877688e-01	6.498318612366571490e-01
1.205389919287984313e+01	3.555864554509121644e-01	4.268886357858060698e+00
1.200402395090669394e+01	1.933357220751168726e-01	1.195933546310243623e+00
1.198910083081597655e+01	1.017507042997117667e-01	6.694192535478001860e-01
1.209563125539246187e+01	4.599078197016471248e-01	0.000000000000000000e+00
1.199523625473234745e+01	1.500475623572659623e-01	6.472120118263336996e-01
1.200739115289308678e+01	2.030262742818609578e-01	7.319750307326803318e-01
1.199735790949599057e+01	1.472017990201660576e-01	8.362165625936824886e-01
1.204368777348988928e+01	3.345254720138839399e-01	7.838496486163708532e-01
1.199770276627233478e+01	1.581994567487431114e-01	8.793533855184939574e-01
1.199436855095392751e+01	1.362395064308186687e-01	1.125617202307299003e+00
1.203997706884825369e+01	3.360859066008220486e-01	7.400746438567872287e-01
1.201781832346172685e+01	2.578160661049259672e-01	6.573414010410657538e-01
1.205506586194071161e+01	3.790314229703510840e-01	6.889926657863069126e-01
1.206477923800475160e+01	3.810479792613067906e-01	6.588039348342650259e-01
1.209594725082919098e+01	4.730030228161921646e-01	0.000000000000000000e+00
1.203535869412696790e+01	2.954295973940314624e-01	8.716974698960175960e-01
1.201671383076446631e+01	2.515823254579719892e-01	6.544973319140423573e-01
1.200347286224944199e+01	1.644451125218859000e-01	8.413676924507761390e-01
1.201149039175330380e+01	2.371678902785995247e-01	1.377217085061914759e+00
1.199339002462689230e+01	1.386025592899429171e-01	6.402600995557731212e-01
1.200274873648577056e+01	1.725867801012178904e-01	2.310019439496239890e+00
1.201454782285454748e+01	2.396569426897834643e-01	6.706319700647280779e-01
1.205434925584819617e+01	3.604511408947912998e-01	1.022603975320898861e+00
1.208467661141412641e+01	4.460706395901660182e-01	0.000000000000000000e+00
1.199623995828871870e+01	1.436978513971203242e-01	1.160275791750211205e+01
1.199255609494053942e+01	1.174171562758970361e-01	7.393638215344480180e-01
1.199841847087834346e+01	1.676080936875571359e-01	6.395993518653579901e-01
1.202841123733249340e+01	2.869996383570979082e-01	8.072519449559951710e-01
1.199999933311735312e+01	1.544667614790239674e-01	6.309287566598567043e-01
1.207094545159390542e+01	4.083978722412294760e-01	0.000000000000000000e+00
1.202640097381247308e+01	2.903006773614929537e-01	6.179682541734301537e-01
1.206190297487854579e+01	3.995713793094891053e-01	6.161782667878525910e-01
1.205638736019524870e+01	3.826539484376016431e-01	3.010018343035128385e+00
1.200984362050260579e+01	2.191554995150834517e-01	1.611652217610152547e+03
1.204050840609612827e+01	3.287476930356365012e-01	7.015611330592788075e-01
1.200891794382476796e+01	1.991387715101826938e-01	6.510236284060481049e-01
1.207190065978411475e+01	4.022988980590017638e-01	0.000000000000000000e+00
1.202541709800471992e+01	2.596370212559639401e-01	6.817167522245729527e-01
1.205385378839082122e+01	3.599550119588822983e-01	4.302878228910238789e+01
1.203175387013934028e+01	3.074094820237509573e-01	6.687015071170782088e-01
1.199249961023098088e+01	7.331393939216275524e-02	0.000000000000000000e+00
1.199975537807575776e+01	1.399939005268103220e-01	1.476095690726958676e+00
1.203575474764968867e+01	3.030224995668001631e-01	6.868037372267949969e-01
1.204635047121375813e+01	3.444161976711883622e-01	6.176386669061806334e-01
1.202216986392725673e+01	2.634158081490293180e-01	7.071625882078979020e-01
1.201076272932985667e+01	2.222040302322392247e-01	6.296274894406672651e-01
1.205878313788867118e+01	3.750648474265158572e-01	1.245621409744189112e+00
1.206966589471170082e+01	4.150132706737876820e-01	0.000000000000000000e+00
1.203267431689563161e+01	3.032784641037888917e-01	6.148195609033356712e-01
1.204235330270608628e+01	3.373062239737026347e-01	6.373091049580349443e-01
1.199839248344255616e+01	1.330845846539296107e-01	7.394348833872493865e-01
1.201325432414620131e+01	2.188408511308487236e-01	1.371022354899073203e+00
1.201766220417351683e+01	2.428812217003876173e-01	1.110985588110559918e+00
1.201458618316099525e+01	2.282555572898819496e-01	6.707637712664157315e-01
1.202126774130750597e+01	2.426934321636449177e-01	7.540413478310785678e-01
1.201410678225970408e+01	2.105847612318349216e-01	9.119487126897485307e-01
1.201636397898329456e+01	2.642793878598194146e-01	8.148483779556564555e-01
1.200443610099548764e+01	1.942991154112806707e-01	1.522643367730139197e+00
1.200667406435891138e+01	2.201221006795139046e-01	6.712078644540822037e-01
1.204337302084298678e+01	3.293474816444540432e-01	6.817155157766978668e-01
1.198916139818711102e+01	1.046889959824569560e-01	1.022515497408996277e+00
1.200472321415685784e+01	2.054759119464868722e-01	1.105972264764803814e+00
1.204642143640304930e+01	3.454549847690056574e-01	7.112306848067917464e-01
1.200084336517720374e+01	1.815962824053478919e-01	7.440702244248704744e-01
1.199486552666823336e+01	1.098205800921295688e-01	8.411565154825759727e-01
1.204164307225861563e+01	3.201461396770381440e-01	8.342799587991888144e-01
1.200655353456617469e+01	1.886614948413307125e-01	6.929876911350232316e-01
1.200889701662913112e+01	1.984177673747485882e-01	7.248971596531343931e-01
1.207981080551394548e+01	4.266211996376513271e-01	0.000000000000000000e+00
1.202608113891040453e+01	2.776518602017121196e-01	6.403093252612022113e-01
1.200919713590718274e+01	1.923387531228494818e-01	6.197625988714668965e-01
1.200734517988999350e+01	1.952725893240045696e-01	1.551003413533449393e+00
1.203161791068723119e+01	2.842580025331494786e-01	6.287730850145468731e-01
1.204160139272773833e+01	3.262630757961820227e-01	7.085655803835767541e-01
1.203540943742799207e+01	3.176409267583875651e-01	1.142703128672151847e+00
1.203875160514572684e+01	3.191967994902477068e-01	9.286183431152473799e-01
1.198738341664385132e+01	6.048863117674715961e-02	0.000000000000000000e+00
1.206786681821393614e+01	3.961234516176522780e-01	7.016045591317586982e+00
1.201538660625222832e+01	2.318367143060940383e-01	7.630562152725512970e-01
1.198980061100364125e+01	9.750290504154233984e-02	0.000000000000000000e+00
1.204271619377855984e+01	3.294925486593749397e-01	7.085737534241816071e-01
1.200674897447131961e+01	2.138623947553409121e-01	7.210609452391786300e-01
1.199485171713910425e+01	1.333320267980555862e-01	8.649314674462518227e-01
1.202989730056978779e+01	2.843395271791034351e-01	7.103885437001670189e-01
1.199343404832897342e+01	1.375366925887226699e-01	9.035477238723941262e-01
1.203199600834954097e+01	3.043205464938257832e-01	6.800922884030534687e-01
1.202742972819003420e+01	2.819301805231453351e-01	2.037258069259934690e+00
1.199918427885837069e+01	1.613716435809747496e-01	1.077006570988485512e+00
1.199903712854341187e+01	1.473959707715346013e-01	3.569366009266000450e+00
1.200768928479581454e+01	2.096944288105463405e-01	6.470444826005319339e-01
1.203004249093451961e+01	2.871368091361418129e-01	7.463072612507017922e-01
1.201595512079098249e+01	2.315922239952699635e-01	6.322207903821251973e-01
1.204641858603023508e+01	3.345376631824923397e-01	6.128491487131175752e-01
1.200265511396687224e+01	1.728947801342402835e-01	6.595959497758439039e-01
1.201531534074596763e+01	2.413421304893416386e-01	6.613762930262689910e-01
1.206389847543472449e+01	3.841082355523091074e-01	6.763876942170140572e-01
1.200656228824482596e+01	1.799704964344449876e-01	6.388524625186938755e-01
1.200005798601019968e+01	1.355534106635723490e-01	6.891664426943000521e-01
1.206003105031377132e+01	3.749774632132965024e-01	1.527666119586344129e+00
1.205726010625053135e+01	3.711197998500236905e-01	6.808018935746233957e-01
1.207321066113324726e+01	4.215001635111537137e-01	0.000000000000000000e+00
1.209202336882048101e+01	4.613506682905641476e-01	0.000000000000000000e+00
1.203042475049515581e+01	2.930688499961316973e-01	7.266728857421739241e-01
1.209682379194357971e+01	4.717170692572060231e-01	0.000000000000000000e+00
1.201191667979508715e+01	2.066469944272968651e-01	6.766296546391988853e-01
1.202150110357236201e+01	2.638583120717236108e-01	6.865784396853003013e-01
1.202380348540630983e+01	2.637452483575125628e-01	6.152132490160463485e-01
1.207465442226384589e+01	4.157617573532848554e-01	0.000000000000000000e+00
1.200509881014193247e+01	1.966142146971159577e-01	7.972117292893377005e-01
1.201040860475114513e+01	2.183220081471210494e-01	8.302116074525461853e-01
1.203764389501026955e+01	3.306085364274191085e-01	6.913084343390686337e-01
1.209686149012071965e+01	4.669539610451124423e-01	0.000000000000000000e+00
1.198939367533564493e+01	4.513029614346680818e-02	0.000000000000000000e+00
1.205286523465615112e+01	3.650162896519781319e-01	7.922072040637821999e-01
1.209628245153858117e+01	4.596212568790983832e-01	0.000000000000000000e+00
1.201202285933447911e+01	2.323134662718368548e-01	6.268177988748112606e-01
1.201280071700610108e+01	2.453161024302647208e-01	6.228214783597284532e-01
1.206369372267273121e+01	3.862694829134350472e-01	1.110549064801630292e+00
1.204479269569615063e+01	3.343157813808880774e-01	9.468555873585438043e-01
1.200006008025022552e+01	1.475294866752945855e-01	4.461523333086791610e+00
1.200313790524572077e+01	1.432332609800717471e-01	9.280094596367804982e-01
1.207248157767194030e+01	4.165464780658352795e-01	0.000000000000000000e+00
1.200937687133557574e+01	2.047785495139589351e-01	8.946710029763788041e-01
1.204941007712674050e+01	3.606892154270923134e-01	7.174996190591387268e-01
1.202332871060503905e+01	2.535274106824170759e-01	7.424551189452048838e-01
1.202622710587137966e+01	2.713521805840266587e-01	9.865726522448626801e-01
1.207359814338994219e+01	4.195274567050730763e-01	0.000000000000000000e+00
1.199419949651886341e+01	9.918485758667061614e-02	0.000000000000000000e+00
1.201384331719912169e+01	2.396336628112096523e-01	7.887898672123753174e-01
1.201642719110661517e+01	2.439625400636308838e-01	7.003530549302846575e-01
1.201148171797879094e+01	2.168774918028628651e-01	6.166848465119744160e-01
1.201622940730984901e+01	2.557042434187940527e-01	7.695247009859160769e-01
1.199903713943906958e+01	1.564897155453509048e-01	6.372292982938182471e-01
1.199701843129389900e+01	1.685891779654157541e-01	1.409055430287316835e+00
1.209126938293489850e+01	4.515535154226615333e-01	0.000000000000000000e+00
1.202370677195371940e+01	2.882670736666421152e-01	7.379915649377357667e-01
1.202749106704157001e+01	3.003627380689163351e-01	8.375985084366986966e-01
1.201136488072250863e+01	2.275742635368717959e-01	6.754643575468115557e-01
1.203099620953079629e+01	2.913306035674698702e-01	9.853729481391645395e-01
1.199186607974853835e+01	6.556410798576942089e-02	0.000000000000000000e+00
1.203624460535286644e+01	2.952138775229750101e-01	1.531939549630610520e+00
1.203467289371807070e+01	3.257363558996522190e-01	8.989656014996419975e-01
1.200627285761462737e+01	2.108394511050899756e-01	6.450829704836699152e-01
1.205385545771894762e+01	3.567225097560441371e-01	7.698821520818208697e-01
1.206852320505100451e+01	4.126564032845691510e-01	0.000000000000000000e+00
1.207985966261535893e+01	4.348743465915650974e-01	0.000000000000000000e+00
1.199983965239074379e+01	1.828646151689636845e-01	1.066699242325449548e+00
1.203297078260194830e+01	2.967306891412064829e-01	9.654624278499579493e-01
1.203027817510187525e+01	2.946000748810405634e-01	1.411736658037338943e+00
1.200073436436641572e+01	1.489976909510344893e-01	6.914901306349480192e-01
1.202553106802488259e+01	2.629682519159261544e-01	6.505242208378961832e-01
1.206963087471420337e+01	4.173007185491570681e-01	0.000000000000000000e+00
1.201135173360999175e+01	2.375572744263588776e-01	5.524256763856897834e+01
1.202890527725804937e+01	2.772064879809670312e-01	6.214125327705963819e-01
1.208437081475819674e+01	4.405015909643694161e-01	0.000000000000000000e+00
1.202908558109224479e+01	2.813878117600296935e-01	7.135223561050486607e-01
1.204687654830039634e+01	3.438159693096408676e-01	7.369591766901372187e-01
1.203763094163003622e+01	3.275193754999954354e-01	6.960326008107274864e-01
1.200890147197097946e+01	2.158590006032756747e-01	7.364647929037583651e+01
1.203046640556645386e+01	2.985100854983324670e-01	6.108345041039201506e-01
1.207865327321998450e+01	4.288157587696194706e-01	0.000000000000000000e+00
1.198667829318024758e+01	7.434890691804810214e-02	0.000000000000000000e+00
1.208060872795717167e+01	4.232012093023204136e-01	0.000000000000000000e+00
1.202645955595487237e+01	2.852049536061826429e-01	6.116660668139041190e-01
1.199267350235818874e+01	1.065982609398015701e-01	7.125228602146301826e-01
1.201329111873420352e+01	2.152124102005765482e-01	6.805433679019010640e-01
1.205902452646664891e+01	3.845131251280818896e-01	6.353407593530747688e-01
1.202278345042777197e+01	2.548369636585151587e-01	8.177599876748745666e-01
1.199750376511639338e+01	1.723347756350339932e-01	8.022291149730793602e-01
1.201853735825515912e+01	2.424994631128885025e-01	6.750970374894287307e-01
1.204679901673952180e+01	3.488705955233734612e-01	7.947479615408667986e-01
1.201691877964913324e+01	2.638402212248727174e-01	2.277316266077322737e+00
1.203164966899823973e+01	2.957640613848069311e-01	9.013284887737726958e-01
1.201060097509229152e+01	2.288252183147814200e-01	6.319641039647050373e-01
1.204592980481723252e+01	3.475314035181741312e-01	1.025815031355319817e+00
1.198892323047931718e+01	8.070225675947473309e-02	0.000000000000000000e+00
1.200502332013796192e+01	1.966363321422465171e-01	4.347451320546332987e+00
1.206055956241004168e+01	3.792484569395774829e-01	1.041701653322504084e+00
1.203665165137740978e+01	3.121612996874428836e-01	6.819385920699927439e-01
1.201535017064453292e+01	2.384078233365010124e-01	5.850509342053315187e+00
1.200730610891189798e+01	1.903550158283063842e-01	6.179408777435669853e-01
1.204273371994288766e+01	3.270845298359927877e-01	8.254382124839958479e-01
1.205847028149766231e+01	3.771770433086371610e-01	1.373745079706484296e+00
1.211132082289158873e+01	4.897055866376403555e-01	0.000000000000000000e+00
1.200999547330329165e+01	2.299709867093827076e-01	9.325674985713998666e-01
1.203323417382194549e+01	3.076014156646461051e-01	7.604659021178770129e-01
1.201944656016712365e+01	2.680672573198222830e-01	1.473266547776805657e+00
1.202437131490481548e+01	2.794296842081097632e-01	1.576687066951924621e+01
1.207310793473101818e+01	4.215427228102616719e-01	0.000000000000000000e+00
1.201552825573105743e+01	2.446482885524675632e-01	7.548409328620235836e-01
1.202533236895329871e+01	2.833440346984258951e-01	7.402065430048609951e-01
1.203242715256631179e+01	2.912124795155735524e-01	1.433859460501015537e+00
1.208801896804290088e+01	4.563264811538996213e-01	0.000000000000000000e+00
1.203507756890271985e+01	3.079370872097417222e-01	1.038557417783203762e+00
1.209896452091278540e+01	4.640382376943481546e-01	0.000000000000000000e+00
1.208371551862243543e+01	4.379564092071170922e-01	0.000000000000000000e+00
1.202084534831737628e+01	2.678860101656065917e-01	6.576689019732999686e-01
1.200261388247151118e+01	1.796517177094594797e-01	1.230316209434053176e+00
1.200980529579886635e+01	1.967180766670729442e-01	8.000962039808242610e-01
1.198561207933073725e+01	4.479928925477061341e-02	0.000000000000000000e+00
1.202692021991890847e+01	2.863096530435673692e-01	8.501728600002625980e-01
1.203226506958351294e+01	2.955807046918537129e-01	7.277286667866822434e-01
1.202250122582873360e+01	2.757217497455732302e-01	7.596500569075639309e-01
1.204359025943605488e+01	3.356630263696155914e-01	6.456352245753512742e-01
1.205958978226258438e+01	3.896097502584501271e-01	7.333337055539852489e-01
1.201716477291508411e+01	2.245352947484050565e-01	7.265831079336790843e-01
1.209741626587273977e+01	4.640464861342820102e-01	0.000000000000000000e+00
1.208349293257641044e+01	4.318252557446581874e-01	0.000000000000000000e+00
1.201341976888264185e+01	2.160755363888871294e-01	6.934017959572438272e-01
1.201297463094054585e+01	2.465155443038333227e-01	6.278619899051227637e-01
1.200020396737702910e+01	1.704086912183634950e-01	6.335228285480792865e-01
1.199635442571507760e+01	1.334916547417044352e-01	7.354543690928194710e-01
1.207463654465086123e+01	4.137279170937132045e-01	0.000000000000000000e+00
1.200122383118471170e+01	1.693713751940391643e-01	5.610467810279944345e+00
1.201204860872251956e+01	2.354119463971461323e-01	6.839137882378139022e-01
1.201843604681869415e+01	2.424713632614626246e-01	7.459697746571688493e-01
1.200218513489423344e+01	1.821961368962121686e-01	7.875533492376258771e-01
1.199938547029614888e+01	1.658788323046186675e-01	1.654336513873642112e+00
1.200139991094223291e+01	1.415008907431759833e-01	2.440348412918709187e+00
1.201690606067876566e+01	2.329514122123427511e-01	8.374469813123642803e-01
1.206958355145840933e+01	4.036078587368341908e-01	0.000000000000000000e+00
1.200673364690907441e+01	2.023420113186962244e-01	1.063742612285233813e+00
1.202192793547539829e+01	2.589304395851823037e-01	7.221352816290945720e-01
1.205612010956915903e+01	3.828535450193617518e-01	6.624008901156998030e-01
1.207262231747429126e+01	4.082906805818512508e-01	0.000000000000000000e+00
1.205574941710682957e+01	3.647798112252934599e-01	2.758806346482414629e+00
1.200831330458264645e+01	2.086448572171636373e-01	1.716895371347584742e+00
1.200666042285633317e+01	1.934056148619060778e-01	1.710920482847902768e+00
1.199804612490434330e+01	1.156609653753488953e-01	7.941960833828938249e-01
1.206655623342364869e+01	3.947120893132037289e-01	8.087483713369572058e-01
1.199817963793983822e+01	1.662062211533952005e-01	7.767513562176294739e-01
1.200888882156174198e+01	2.092557824509690967e-01	1.165562982326643793e+00
1.200038302777137034e+01	1.460945906273535544e-01	7.815586283065865114e-01
1.202844490638300456e+01	2.884605852567024287e-01	8.264049581904319153e-01
1.212376558280456074e+01	5.238869290136252133e-01	0.000000000000000000e+00
1.204283383260040097e+01	3.340599258877907096e-01	8.493788171928059461e-01
1.203866361889408587e+01	3.235549292419531153e-01	6.767330203550646628e-01
1.198978065443372465e+01	2.140553299692922462e-02	0.000000000000000000e+00
1.200052958887821752e+01	1.591807495801784711e-01	6.863210508785775321e-01
1.207230103375528252e+01	4.182909996526261720e-01	0.000000000000000000e+00
1.201990334412465877e+01	2.588970827375576267e-01	6.276810692840686379e-01
1.205475584290418922e+01	3.657575399006396943e-01	1.070474781995032432e+00
1.199489403352615469e+01	1.558107338671522457e-01	6.275348587486458962e-01
1.200815548359663687e+01	1.923237657107471910e-01	7.389451340894159781e-01
1.203159944347117793e+01	2.902771783952744489e-01	2.079392679448098136e+00
1.203752246528656222e+01	3.272869846562237450e-01	6.474709003921147454e-01
1.202686150031597556e+01	2.687353976744183970e-01	6.436179882169789090e-01
1.198683257277145486e+01	8.282290001069676777e-02	0.000000000000000000e+00
1.201163296523460033e+01	2.168932039119056965e-01	7.314214496771739293e-01
1.203795646815567544e+01	3.261987902657602634e-01	7.024796636802642658e-01
1.202663805390835527e+01	2.868144633503228458e-01	7.015672023653581890e-01
1.199740428010467852e+01	1.338839582159199182e-01	7.581076782882131271e-01
1.199835644634335097e+01	1.435531358719965012e-01	6.461575417676418409e-01
1.201023075273427665e+01	2.053761798088781787e-01	8.277082301553994048e-01
1.202556454769588434e+01	2.626045112008226212e-01	8.566367371629006744e-01
1.207704768124214212e+01	4.235915647491133029e-01	0.000000000000000000e+00
1.200238636880026988e+01	1.740519743489280791e-01	6.308761038873292870e-01
1.206213468781625409e+01	3.878726263066996638e-01	6.703625270615627407e-01
1.204431862411513876e+01	3.385084302266311851e-01	8.324850443336820893e-01
1.200329347886974318e+01	1.789467326048000961e-01	6.903012182995839074e-01
1.202591267462471691e+01	2.910037480914460795e-01	6.401974519398678787e-01
1.203645037104245752e+01	3.234458038079125464e-01	6.325076826990948531e-01
1.205189519460452452e+01	3.599348167760429429e-01	1.075440461758757182e+00
1.200073894808499197e+01	1.727979470664936235e-01	6.757125689530845136e-01
1.200671010761595525e+01	1.805110917681822247e-01	6.215507959926036552e-01
1.199178167301947084e+01	1.375872880780313057e-01	8.073495923260873841e-01
1.204653517132853580e+01	3.437616292765382497e-01	6.481757080608703259e-01
1.204981771382686162e+01	3.717384571016894568e-01	7.071732083686960157e-01
1.201142216043655431e+01	2.176902511941975760e-01	6.587209112758760643e-01
1.199343131173913157e+01	1.202026994573626162e-01	1.361731924247815861e+00
1.206449692839541932e+01	3.973053382884366713e-01	8.070060595376642443e-01
1.202178650371273250e+01	2.608738580239294835e-01	6.845110192225002388e-01
1.201070559109666469e+01	1.990562863834476337e-01	1.277849421521216167e+00
1.212991776885743889e+01	5.334446808526303041e-01	0.000000000000000000e+00
1.205078030346304274e+01	3.591845918769781543e-01	8.258698884396787898e-01
1.202692519845698094e+01	2.755994030810544060e-01	6.256891248050499010e-01
1.201292414540504616e+01	2.293839787731560831e-01	7.608138567031665911e-01
1.201121104977877430e+01	2.425675573830714526e-01	6.461418984425202350e-01
1.199824197679865279e+01	1.413939338822668979e-01	6.508899306647188965e-01
1.199712728925773142e+01	1.053519613823143825e-01	7.110798768600287145e-01
1.202905035230634745e+01	2.751316323333494740e-01	6.663248253929229259e-01
1.205280603468221479e+01	3.502274991448530717e-01	7.720318226908672310e-01
1.208014970675211686e+01	4.374440086804790018e-01	0.000000000000000000e+00
1.201108747081852179e+01	2.079433785722105688e-01	7.820040182056084976e-01
1.200564369479441673e+01	1.729927149958787602e-01	7.102403887200227084e-01
1.205588756439018816e+01	3.722448133396538128e-01	7.536818919946034478e-01
1.202926435492330270e+01	2.839278068879644845e-01	6.740840373158404342e-01
1.200403517938551445e+01	2.082213264508453177e-01	8.276469582567870242e-01
1.209051933362443343e+01	4.505948738874887560e-01	0.000000000000000000e+00
1.201312122029601070e+01	2.299452317063095108e-01	6.814869665340629323e-01
1.202895154600101613e+01	2.696470884301055415e-01	9.447647183647530644e-01
1.201367173551776624e+01	2.189533871107381124e-01	7.098221277488524494e-01
1.208937668713147850e+01	4.539370762493772915e-01	0.000000000000000000e+00
1.199621978548854173e+01	1.289979027643604059e-01	8.312039110859152924e-01
1.200543193318535273e+01	2.144342413850584550e-01	6.190185019424311319e-01
1.200113612842916844e+01	1.501956770716227352e-01	7.728462330371581590e-01
1.204820430245085205e+01	3.397625886211755319e-01	6.740272358039908207e-01
1.199428528684078543e+01	1.211000705807927236e-01	6.109680232604769445e-01
1.210031928075869523e+01	4.691924294384728356e-01	0.000000000000000000e+00
1.199330001714129246e+01	1.224962541704361640e-01	7.041548391881019553e-01
1.205281592514866951e+01	3.572513659656651464e-01	9.529910618813788314e-01
1.201004688087817485e+01	1.984868437375124917e-01	9.802335331075641145e-01
1.205824038650972341e+01	3.755940743740474042e-01	6.129085090687461657e-01
1.201983997246422575e+01	2.504129178455392624e-01	9.163639328838155684e-01
1.203716765285994050e+01	3.140792645671590111e-01	1.722001984338328295e+00
1.201263503932467636e+01	2.358108720469192232e-01	9.094694888372144570e-01
1.201583849993597575e+01	2.338388749388901067e-01	6.700830730271098989e-01
1.200909697699490586e+01	2.087312617643541923e-01	6.253937229999323444e-01
1.199081430927892988e+01	1.166424683144111768e-01	7.964862872322097109e-01
1.201286227905963955e+01	2.160440048597012663e-01	6.886483875741165050e-01
1.201811341821442980e+01	2.615172566383441310e-01	7.870250053173677429e-01
1.201575264912396968e+01	2.407135140172392551e-01	6.402689984682522484e-01
1.201545959141579267e+01	2.329663145835237925e-01	6.261489406878882891e-01
1.205548514643455427e+01	3.619331517312303070e-01	4.182203659107175397e+00
1.209895738569376356e+01	4.706661330861588999e-01	0.000000000000000000e+00
1.211689503530724110e+01	5.167236300816326899e-01	0.000000000000000000e+00
1.203016948299893407e+01	2.850278566269541791e-01	1.578431871627234528e+00
1.204374796082521648e+01	3.378982290706289970e-01	2.599973279893468714e+00
1.203507764401819813e+01	3.176353056888370219e-01	6.631334657248015851e-01
1.205699018441740478e+01	3.735114255394611504e-01	1.656093227362612774e+00
1.205912351807882743e+01	3.710241679932760328e-01	6.447649613576572625e-01
1.203445554742322088e+01	2.987250250634069793e-01	2.850302328471155722e+00
1.200285799909751816e+01	1.780953822131054465e-01	8.060621944936374739e-01
1.201404182362286299e+01	2.502643666897574892e-01	6.284626364783896246e-01
1.201364333237824411e+01	2.499682714716595366e-01	6.123344413334206315e-01
1.202301646347086361e+01	2.639806183769647374e-01	6.158597458731159824e-01
1.199885880538607630e+01	1.606645815722595183e-01	6.604269847914118197e-01
1.204205361000390084e+01	3.360641117637953035e-01	6.570283961690503993e-01
1.207449150287556350e+01	4.243846577320282698e-01	0.000000000000000000e+00
1.205329066139709937e+01	3.599954887337968312e-01	1.069524577913988583e+00
1.199043912584424554e+01	1.049145846163737766e-01	8.254041451193039336e-01
1.207626672192945350e+01	4.157335205443022375e-01	0.000000000000000000e+00
1.199000767427425451e+01	1.115141185118838640e-01	7.338169345534163446e-01
1.208350287456938688e+01	4.395009781222098399e-01	0.000000000000000000e+00
1.200956945407292409e+01	2.185227958511372082e-01	1.262597044766211241e+02
1.199883631796765115e+01	1.395515437908111389e-01	6.164011169359443487e-01
1.200071010241953395e+01	1.762235697411005664e-01	6.904473574713362316e-01
1.209430816044299029e+01	4.688421733750837705e-01	0.000000000000000000e+00
1.204284056748266174e+01	3.419701395708233949e-01	7.762727717715391940e-01
1.199844823637838864e+01	1.545364900395916341e-01	7.234236570946684930e-01
1.203192202555591628e+01	2.888903276226474359e-01	1.622877137355788424e+00
1.209517338065661107e+01	4.534241045696545402e-01	0.000000000000000000e+00
1.207807456164030491e+01	4.259849406702944652e-01	0.000000000000000000e+00
1.202396705138158062e+01	2.676261339550560225e-01	6.795042924674580265e-01
1.200421374651300255e+01	1.673366316406305898e-01	1.811431166230939471e+00
1.203858588621658932e+01	3.219759165771717280e-01	7.434106919211450615e-01
1.200837585193703205e+01	2.034517444229151373e-01	6.183718032803360298e-01
1.203630267357854144e+01	3.121087173625687883e-01	6.679518432535427319e-01
1.201452814079145348e+01	2.382723322245977049e-01	6.359552480140319153e-01
1.204629416251949969e+01	3.465939409878284749e-01	6.311417385564154214e-01
1.202981846065829785e+01	2.977659196846896839e-01	6.313179626898111074e-01
1.200673653554376585e+01	1.905537010113797225e-01	7.722779193621983618e-01
1.200289462638719939e+01	1.697691343766576377e-01	6.136935344760912070e-01
1.199304340863953655e+01	1.230848200095524952e-01	6.647435978014974989e-01
1.202870084779510762e+01	2.982078096217040120e-01	2.003733543729045774e+00
1.203592449041757639e+01	3.289362764536035710e-01	6.926754017222513937e-01
1.201015520797887959e+01	1.972756769934658483e-01	7.912536543707517911e-01
1.205640433832723524e+01	3.721788404938929928e-01	1.080270492248106118e+00
1.200614773440172023e+01	1.982877373104968699e-01	6.499451868978707303e-01
1.201265434314148628e+01	2.286051184176446927e-01	1.563782480194629398e+00
1.199812827499025758e+01	1.423734072897004654e-01	9.095774306502968365e-01
1.207193650817667674e+01	4.063633802452347732e-01	0.000000000000000000e+00
1.205347911262247251e+01	3.786645020988353982e-01	6.777475188597682498e-01
1.213449247064942682e+01	5.448299869225905478e-01	0.000000000000000000e+00
1.199491043414803393e+01	1.312238334506284076e-01	1.150161835983326997e+00
1.208079587592492210e+01	4.433332469663889275e-01	0.000000000000000000e+00
1.204624025103401408e+01	3.522422297723502016e-01	6.461916000431175977e-01
1.204596515429195058e+01	3.455826764677464857e-01	6.991252763198512188e-01
1.200710655330060561e+01	2.094867698123535904e-01	7.179018021726195631e-01
1.200418098232926845e+01	1.633285450849997766e-01	6.528442364356132899e-01
1.208663490935938611e+01	4.487693741904749123e-01	0.000000000000000000e+00
1.202559771498448704e+01	2.723388057580407029e-01	7.318460551189650554e-01
1.201114146291322449e+01	2.155695453923975879e-01	6.436179216048020235e-01
1.203809834387568678e+01	3.131903904943000305e-01	1.471225197638362570e+00
1.208183177510467488e+01	4.366038245141335983e-01	0.000000000000000000e+00
1.203457640519275351e+01	3.030921378814687706e-01	8.639967866906045346e-01
1.201793989510192695e+01	2.617127042030928941e-01	9.672678782755448346e-01
1.200617355657617402e+01	1.885304722708752989e-01	6.724824131501007107e-01
1.198536652657112533e+01	8.230585548346756875e-02	0.000000000000000000e+00
1.205048080699843283e+01	3.432337132785971412e-01	6.883092294716962600e-01
1.200028713333002273e+01	1.833117198824226191e-01	6.889853586147554054e-01
1.200352849176606540e+01	1.850612101700788437e-01	6.620071188891208935e-01
1.205498796455527888e+01	3.614747929790624870e-01	7.440079475805075893e-01
1.204495808446549887e+01	3.529117381005957288e-01	1.067989034682744753e+00
1.208294377004142106e+01	4.502127311751610295e-01	0.000000000000000000e+00
1.202705122474714905e+01	2.800930288920568945e-01	8.402436042356670498e+01
1.210562319994049929e+01	4.918800504454246547e-01	0.000000000000000000e+00
1.202481335816158214e+01	2.715922109683017727e-01	6.324835163153204043e-01
1.200146138006880570e+01	1.827716638911401070e-01	8.068276510712806271e-01
1.202787226441474466e+01	2.999782950876843102e-01	8.356633250038424388e-01
1.203885047159471533e+01	3.205650998661865314e-01	6.980965094187486786e-01
1.201745962872622187e+01	2.501832201926968979e-01	6.240810565705279256e-01
1.199387852918838604e+01	1.124365243715142182e-01	6.714859068347824866e-01
1.208707738554585553e+01	4.361656801899275737e-01	0.000000000000000000e+00
1.203731109535073962e+01	3.209146543790492023e-01	5.628397807848585011e+00
1.199231068514319354e+01	9.289520756112223943e-02	0.000000000000000000e+00
1.199950410017893709e+01	1.643311674643002096e-01	6.860351925912344662e-01
1.203055761093714437e+01	2.897327219908016338e-01	6.659425227336340791e-01
1.202582620747099895e+01	2.856903889613458536e-01	6.648111332156937392e-01
1.203098719535018546e+01	3.017665376374480402e-01	7.424084622869481231e-01
1.204886548502945764e+01	3.532108457511490829e-01	8.692429565242230094e-01
1.207535992009970371e+01	4.087898881638232229e-01	0.000000000000000000e+00
1.204575367191788970e+01	3.302173177195806275e-01	8.927884352105196486e-01
1.207677005336428167e+01	4.281256318731179733e-01	0.000000000000000000e+00
1.205127680292199521e+01	3.622870065411177287e-01	8.065097845296720358e-01
1.200273624649696202e+01	1.718017084538426276e-01	7.247675758338570917e-01
1.204760393881039526e+01	3.408111013890516294e-01	8.176036626132242580e-01
1.200514592350135423e+01	1.777187165385029910e-01	7.033990912898508974e-01
1.201125279340220509e+01	2.281338895867495720e-01	1.599992402344105358e+02
1.201307305118856306e+01	2.486482813530400127e-01	6.273515846549139185e-01
1.202986314284995473e+01	3.055705887080946703e-01	6.494811178756052517e-01
1.203275088876372756e+01	2.872775959155261516e-01	6.997856149209124021e-01
1.199549905416579421e+01	1.541683315917647679e-01	1.277631297604970184e+00
1.203572115767540396e+01	3.089447793260471364e-01	7.855137040725613806e-01
1.202873227141871837e+01	3.025260384073448217e-01	7.108937282867652252e-01
1.202065571813782086e+01	2.381704013244236862e-01	7.121408613494233375e-01
1.206204769900758755e+01	3.836191277201436711e-01	6.424423650314851075e-01
1.208478685425852994e+01	4.338955214256061677e-01	0.000000000000000000e+00
1.200438585691859217e+01	1.912183323387992018e-01	6.507984280037041325e-01
1.199331630511508351e+01	1.021021959486331093e-01	5.715202080734871792e+00
1.206999374982106410e+01	4.082455188566814774e-01	0.000000000000000000e+00
1.205678586512715889e+01	3.670104636362532258e-01	4.936451848896623140e+00
1.204383524027945640e+01	3.512647204755275365e-01	1.308985046465531532e+01
1.202350177186245972e+01	2.632471311939513225e-01	2.902534946317636422e+00
1.202676231844229626e+01	2.866483327960896998e-01	6.594297683601400006e-01
1.202289101439408547e+01	2.835093252153414456e-01	7.438191267937934725e-01
1.207946174854520471e+01	4.368939195952529220e-01	0.000000000000000000e+00
1.209051568679882749e+01	4.565498429766010058e-01	0.000000000000000000e+00
1.203686535398185065e+01	3.192877367495510765e-01	6.466099110761502899e-01
1.205409317393657354e+01	3.708115731405299265e-01	6.551794804335008271e-01
1.202517902786688708e+01	2.781134446279977523e-01	7.454063701614787041e-01
1.204848766398194648e+01	3.462294886017677764e-01	1.096355033923449573e+00
1.204310694228755096e+01	3.249067219668941853e-01	6.385394141639660903e-01
1.203868693021326841e+01	3.194375494665391280e-01	6.139578726073817716e-01
1.201309291431333293e+01	2.187202867000175577e-01	6.157428806979703406e-01
1.200076568376494102e+01	1.848261209834404506e-01	1.669059502089731861e+00
1.204345493176390924e+01	3.460225297622490093e-01	1.618385234224096525e+00
1.203094031005155706e+01	3.022121998422858113e-01	8.009238540061039968e-01
1.202589720502554549e+01	2.790736998587661777e-01	6.716894834544918647e-01
1.206437291218707308e+01	3.865466723005421268e-01	6.656784557711350470e-01
1.200410463250829984e+01	1.592645070857733325e-01	6.582728301222786627e-01
1.200085602637264515e+01	1.852047163733756552e-01	1.020338509803031091e+00
1.198779508835576557e+01	7.589879908947388953e-02	0.000000000000000000e+00
1.200989853219650882e+01	2.052654291612505122e-01	7.070746815431917520e-01
1.204453792715606575e+01	3.308339498801153855e-01	7.080377770367862755e-01
1.207937328184549486e+01	4.160664484788836326e-01	0.000000000000000000e+00
1.201547512598614986e+01	2.292899717081309241e-01	6.591560949894612609e-01
1.201247641981396086e+01	2.190786242289720631e-01	6.969774159757434751e-01
1.201607371694952420e+01	2.378850599625932372e-01	6.859318495252618719e-01
1.208761983917120730e+01	4.540446274389231540e-01	0.000000000000000000e+00
1.200744413725819015e+01	2.211663383594074106e-01	8.630496445485421608e-01
1.200913849210079931e+01	2.151012280898651485e-01	6.176188607625859861e-01
1.202315456011635497e+01	2.644119475851544609e-01	6.205315498918743122e-01
1.209326730181587095e+01	4.677173224614878388e-01	0.000000000000000000e+00
1.202795689977247839e+01	2.932955560027568631e-01	6.125979040304180279e-01
1.199734003779387059e+01	1.306449472921337174e-01	7.064793981443000526e-01
1.204067980380461300e+01	3.187965559247429859e-01	6.524194839132450019e-01
1.208283635678701451e+01	4.419462693206372972e-01	0.000000000000000000e+00
1.202192606184326529e+01	2.665193109445891384e-01	7.297173478169208805e-01
1.203061965264064703e+01	2.936896183734836185e-01	3.711897952366096209e+00
1.199629678806670086e+01	1.416159312159088191e-01	6.237194873782705429e-01
1.208190723795236643e+01	4.385422921222128512e-01	0.000000000000000000e+00
1.203091615854272156e+01	2.841338996035298603e-01	8.088225575397404166e-01
1.199239781912803871e+01	1.096576512380602747e-01	1.239395469462054589e+00
1.207083505170009374e+01	4.117976277959464193e-01	0.000000000000000000e+00
1.205901718455805316e+01	3.851883927098214144e-01	6.232937115994483523e-01
1.210385706985831078e+01	4.900112876150853891e-01	0.000000000000000000e+00
1.207895559995368551e+01	4.353944916099006801e-01	0.000000000000000000e+00
1.200892640107575282e+01	2.229609645093706682e-01	1.279206519131249919e+01
1.203784801468967558e+01	3.095327581392159910e-01	6.337375607057091909e-01
1.202843611419074499e+01	2.667843730471129438e-01	7.401414765536740159e-01
1.202926830412223325e+01	2.948900268365990396e-01	1.513335908851889844e+00
1.204561040529325666e+01	3.443941231159122207e-01	1.306071399549431966e+00
1.202229684380819030e+01	2.604009053135041829e-01	1.769875599037542102e+01
1.207918280952106471e+01	4.388234344237301188e-01	0.000000000000000000e+00
1.206654455768930845e+01	4.035163413630806772e-01	0.000000000000000000e+00
1.199777484818183737e+01	1.655621374738858176e-01	1.197919836074569089e+00
1.203018795793052753e+01	3.080801244943103812e-01	7.851719653819747569e-01
1.201866024336109184e+01	2.399696584787042730e-01	6.438949547272601048e-01
1.202130725675194434e+01	2.554815762039356897e-01	1.341632340176001748e+00
1.201591312312548432e+01	2.417376972234546728e-01	8.069548880106759414e-01
1.206124130414933227e+01	3.979093882367790713e-01	7.073362123778987876e-01
1.205710100574440702e+01	3.896368237567895410e-01	1.153772584555523339e+00
1.206727313108729049e+01	4.117823453589375404e-01	0.000000000000000000e+00
1.205360902527106148e+01	3.693561418269134533e-01	2.719994584420117434e+00
1.199585078698744134e+01	1.416270531959754886e-01	1.344491708588979595e+00
1.209338918919624817e+01	4.494835698145739356e-01	0.000000000000000000e+00
1.200847028015625284e+01	2.179438482935402432e-01	6.497592218197103531e-01
1.201646120355648684e+01	2.539387158561461910e-01	8.242517323392791750e-01
1.208578509252769351e+01	4.408697559686933221e-01	0.000000000000000000e+00
1.206327236688418836e+01	3.951296413439115418e-01	6.485540275908794339e-01
1.202016945227849298e+01	2.395326578253352268e-01	8.192563140740786176e-01
1.200283163709893763e+01	1.859332807281645350e-01	1.743048888069067548e+00
1.200361653146691232e+01	1.786360640415627088e-01	6.626833334376305285e-01
1.204068957063795509e+01	3.281733632173124970e-01	3.191884891897502463e+00
1.204510945876064021e+01	3.357299274979840265e-01	7.315866799535952758e-01
1.200527463671961748e+01	1.828675897778006820e-01	8.325767317727548189e-01
1.202943315957544890e+01	2.979759699101792170e-01	1.810136099537885901e+00
1.208503161359473133e+01	4.448382080067713185e-01	0.000000000000000000e+00
1.206584078531843574e+01	3.864787640250029743e-01	8.861085887819644125e-01
1.203631478724724602e+01	2.977059473593745009e-01	7.099457246917870723e-01
1.202267901888749080e+01	2.619202354612666928e-01	8.650285927666748753e-01
1.200317328174993037e+01	1.969107013928065031e-01	6.574962974783075120e-01
1.203533408849863662e+01	3.131922864930666295e-01	6.149749261950840928e-01
1.201675933272992225e+01	2.381023559097916742e-01	6.642458256596660560e-01
1.203263788879814733e+01	3.072843499914058585e-01	6.995965896191987943e-01
1.200589421779887189e+01	1.981041121084418377e-01	2.255786335790156727e+01
1.207777300435563639e+01	4.164245822862696622e-01	0.000000000000000000e+00
1.201481609239859516e+01	2.558858196426801457e-01	9.300621191405826771e-01
1.201094147095394860e+01	2.369765152101827865e-01	6.453757623511604535e-01
1.209589571142435815e+01	4.696047437341742126e-01	0.000000000000000000e+00
1.199191744409564109e+01	1.206584592358664609e-01	9.931281924020346485e-01
1.200086002007485853e+01	1.708598718604850686e-01	9.661227202815085846e-01
1.200076959047474290e+01	1.476532700631021378e-01	7.106276419498094299e-01
1.201666419361175464e+01	2.491050446388141382e-01	6.588371493117159972e-01
1.200787421023473378e+01	1.744802356694328815e-01	6.335631786833294532e-01
1.203746673873386541e+01	3.201531471207086366e-01	9.786137274931765440e-01
1.205965768987262088e+01	3.785710238177570353e-01	6.992234905923724320e-01
1.204171406346104689e+01	3.251720959344909789e-01	6.612705076427431994e-01
1.201698126769416675e+01	2.279844746043431514e-01	1.162410491093973208e+00
1.204452519760800833e+01	3.284807148573521962e-01	6.531833355877855185e-01
1.210373659914258049e+01	4.811049917541240228e-01	0.000000000000000000e+00
1.204184078643162792e+01	3.232016886973267389e-01	7.153763285738721223e-01
1.200595340906893860e+01	1.875772137148080942e-01	6.749182552855389483e-01
1.198972838933842056e+01	6.878733801275299653e-02	0.000000000000000000e+00
1.207606051114023948e+01	4.337053159574186245e-01	0.000000000000000000e+00
1.202589779496167566e+01	2.656339978388047030e-01	6.467377505463522969e-01
1.203027069933397009e+01	2.886180547496083881e-01	1.741883842768386925e+00
1.204545884284015678e+01	3.532950212763251718e-01	2.812414646931362228e+00
1.207273565806891469e+01	4.221355586420971751e-01	0.000000000000000000e+00
1.199937478033299953e+01	1.448610367010694511e-01	2.519882514242132387e+00
1.210086560816054657e+01	4.732172668857771436e-01	0.000000000000000000e+00
1.204642047272101557e+01	3.426012303666834402e-01	8.815521633369479693e-01
1.205447279654921466e+01	3.586355942244584538e-01	9.531720808766960262e-01
1.199620017659370141e+01	1.342056963800484504e-01	6.166040412285340722e-01
1.205324722984255992e+01	3.627154886766116304e-01	6.439370210602005651e-01
1.202137575908422207e+01	2.511247918231236387e-01	8.262668868712221837e-01
1.201296275137454650e+01	2.243753662494533119e-01	8.143290676207434187e-01
1.202127608917844093e+01	2.774818570189115374e-01	7.086280172487607887e-01
1.200166084208046513e+01	1.806449249719381256e-01	6.578528034049785367e-01
1.201814087423474575e+01	2.461023556627879860e-01	7.320297793070864589e-01
1.200295293665092267e+01	1.599489674036559950e-01	7.979338484381258700e-01
1.199902902608356214e+01	1.669242399408298883e-01	6.874662199018026776e-01
1.202879780149755540e+01	2.856485208650765828e-01	6.238517324623809035e-01
1.199026766815376988e+01	1.154630693584800527e-01	7.914522861259537523e-01
1.209618408064321038e+01	4.565584265104518091e-01	0.000000000000000000e+00
1.210232123759980816e+01	4.724570716716537944e-01	0.000000000000000000e+00
1.199528618172607963e+01	1.561457798402352826e-01	6.632277295896271685e-01
1.203697770527506172e+01	3.090823694026962332e-01	6.407114703442443604e-01
1.199679007337576131e+01	1.466967925037888643e-01	1.103295747429176688e+00
1.198963895938638835e+01	7.235850135387879301e-02	0.000000000000000000e+00
1.208083452964740978e+01	4.369259223234184253e-01	0.000000000000000000e+00
1.201312669617424689e+01	2.146197707561111334e-01	7.637449305144935474e-01
1.206491657298102105e+01	3.981992733204211543e-01	7.768154552350161612e-01
1.201561610618116660e+01	2.340407844386755976e-01	6.316107596056167450e-01
1.202824094908379138e+01	2.809252605089983534e-01	6.986701796581534785e-01
1.202371200861251310e+01	2.576629233884810133e-01	9.370483044662039074e-01
1.203393101763342266e+01	3.026759502494374976e-01	8.185294826404279078e-01
1.208429530632314020e+01	4.413913477182939138e-01	0.000000000000000000e+00
1.204969641918574830e+01	3.435204546733975906e-01	6.249286907855616802e-01
1.200788727183011240e+01	2.129573623848615149e-01	8.839467502597021520e-01
1.201156387557782601e+01	2.234601200762416084e-01	6.779134755917136657e-01
1.203435460673780888e+01	3.232140809096186729e-01	1.901645717959436155e+00
1.199923213436376912e+01	1.792183445114700902e-01	8.443590561180042142e-01
1.201183550253115051e+01	2.144900308929360566e-01	7.334491737962838265e-01
1.202486422617179507e+01	2.867404511589694005e-01	7.819937863063063377e-01
1.202622231443208278e+01	2.578364535238336641e-01	1.019025050240184305e+00
1.201512081251919284e+01	2.298864311313741915e-01	6.554443400850724633e-01
1.200066140943130755e+01	1.540920623461577987e-01	8.967384975759903343e-01
1.198849434474424136e+01	1.080606541639104468e-01	7.318500606268912856e-01
1.208072258947720989e+01	4.198808283023416910e-01	0.000000000000000000e+00
1.204559747342065634e+01	3.519355174842165868e-01	7.119386744745800355e-01
1.201715200135750550e+01	2.511973031312025317e-01	6.278709095972100362e-01
1.203281995319583864e+01	3.150917300005811605e-01	7.349123571197259119e-01
1.202940019619573420e+01	2.993539837690609717e-01	1.657058067236860444e+00
1.204873302229989918e+01	3.507271891319671542e-01	6.202951665644246271e-01
1.207233147555384356e+01	4.243369121118600873e-01	0.000000000000000000e+00
1.200875587540979872e+01	2.170783857858192556e-01	6.956410259155373366e-01
1.202678175830803831e+01	2.853921057376629378e-01	7.340422045631112002e-01
1.200261349847600911e+01	1.848519815755457207e-01	6.322667018418737239e-01
1.199855133943595042e+01	1.701496616602572176e-01	2.850207001288155961e+00
1.206010335634616837e+01	3.878927997903287017e-01	2.004409146439506628e+00
1.206277031470054695e+01	3.926261689984183456e-01	7.031151143278109306e-01
1.206746197326980052e+01	4.085150296503573530e-01	0.000000000000000000e+00
1.210347917412131302e+01	4.894518179685409809e-01	0.000000000000000000e+00
1.206182374140906433e+01	3.818799641781113752e-01	6.178026302321198981e-01
1.202007041567723533e+01	2.454716294466065263e-01	8.077495583895611952e-01
1.198550521971685967e+01	5.839569904144319146e-02	0.000000000000000000e+00
1.204037338772598531e+01	3.364888303221570953e-01	6.147395357674529937e-01
1.200709692700496056e+01	2.068314622022552896e-01	6.135814154322456471e-01
1.200687141373870936e+01	1.918420805920069971e-01	7.736889872807858337e-01
1.204349972026076365e+01	3.294699169543101602e-01	7.781599499651592478e-01
1.201253193889000315e+01	2.341303822629678955e-01	8.114063912233968612e-01
1.199801732767677720e+01	1.491556464717346542e-01	2.130606164897025145e+00
1.204091067159839135e+01	3.112554959664005083e-01	6.420255129546281747e-01
1.201283158550274699e+01	2.311369057336708777e-01	8.649737443184488672e-01
1.209603724140345093e+01	4.758556621887525262e-01	0.000000000000000000e+00
1.199317730932266990e+01	1.220732718707719378e-01	6.880399153946333834e-01
1.201641264616278271e+01	2.444579731804153722e-01	6.125903653737764243e-01
1.203620951104195314e+01	3.049781384633614145e-01	6.651424959618198463e-01
1.210463324991468603e+01	4.811325189447288042e-01	0.000000000000000000e+00
1.202515428340296921e+01	2.833556411826517740e-01	8.745256063349590159e-01
1.206959131188334133e+01	3.993006725818394886e-01	7.033911820488465416e-01
1.202863196369963461e+01	2.812677586972590071e-01	7.558078500061827798e-01
1.205516026215006242e+01	3.781045630312281913e-01	7.638458329935955415e-01
1.204212397881632057e+01	3.351864887179646924e-01	6.631754562443006318e-01
1.205785655081270313e+01	3.726210726569873510e-01	6.430553861774168656e-01
1.200523423842269466e+01	1.675200871416918924e-01	8.867166011151346172e-01
1.199289488162755291e+01	1.449574854533560719e-01	8.665260821467853924e-01
1.210645915340204937e+01	4.916464443283818930e-01	0.000000000000000000e+00
1.208176239065753776e+01	4.344468727382425066e-01	0.000000000000000000e+00
1.204509684654257384e+01	3.354508532912071628e-01	6.467553024814566287e-01
1.207490628877811289e+01	4.186216674673930438e-01	0.000000000000000000e+00
1.213503864100229102e+01	5.394279391824379211e-01	0.000000000000000000e+00
1.203697836504331953e+01	3.159690905920005122e-01	7.153953271150564897e-01
1.204298035099842323e+01	3.390835590377584974e-01	8.289120737501446401e-01
1.202122319263952299e+01	2.527514942077013771e-01	9.716862498482095045e-01
1.206260626152320725e+01	3.851588900504152591e-01	6.300109274780578694e-01
1.207930340157290594e+01	4.208098323815454567e-01	0.000000000000000000e+00
1.203145506926433406e+01	3.060725846952840334e-01	6.821214091150522574e-01
1.199625321744608364e+01	1.138577378158364684e-01	9.965485585537645630e-01
1.199668445886168655e+01	1.581807381246851940e-01	6.431036522056038374e-01
1.201422657087818280e+01	2.410180511675498738e-01	7.690423734862844585e-01
1.199636664838006261e+01	1.301149680326852964e-01	1.210893419547174776e+00
1.206077503322786626e+01	3.666801125958971674e-01	8.671634066975187904e-01
1.201285372512362848e+01	2.420156067211002571e-01	7.425720595539173630e-01
1.198946663844267846e+01	9.646559298226890788e-02	0.000000000000000000e+00
1.199228646418310085e+01	9.571671928840574939e-02	0.000000000000000000e+00
1.207218887213594449e+01	4.135503998396808933e-01	0.000000000000000000e+00
1.206838848952300225e+01	4.047515239195982328e-01	0.000000000000000000e+00
1.205943069753596042e+01	3.764868186269035855e-01	6.525711690300042278e-01
1.199760360030538919e+01	1.286504651910762576e-01	6.280634394680079113e-01
1.201108614155706178e+01	2.356866127881117601e-01	6.452967311091021285e-01
1.201078721689130191e+01	2.045565811622952201e-01	8.207083356718595235e-01
1.200863211607417824e+01	1.970141667648353800e-01	6.833791542539650044e-01
1.199773116693977215e+01	1.467388130859167417e-01	6.190544788780621976e-01
1.207485423745012731e+01	4.331045633121280991e-01	0.000000000000000000e+00
1.205533059911493865e+01	3.669249256184771713e-01	6.954913350381026760e-01
1.201540693732348508e+01	2.466938037901408864e-01	7.136315680595494149e-01
1.202134936733844306e+01	2.509977876695116961e-01	6.995008333500065678e-01
1.201833397910204759e+01	2.642886417886454176e-01	1.015454428362348338e+00
1.203186397762298121e+01	2.977546272249949055e-01	6.809656633077331156e-01
1.207431368729143273e+01	4.237650782435980479e-01	0.000000000000000000e+00
1.202524050375462750e+01	2.651177954175804596e-01	7.268404916409537675e-01
1.199265399075759397e+01	1.066620293544069953e-01	6.391045962317494222e-01
1.203724729684137706e+01	3.157378185336230381e-01	7.274843397777512877e-01
1.200961875045157967e+01	2.078969830983847522e-01	6.890890935107748527e-01
1.201195570936125101e+01	2.024068396592818564e-01	6.286781731443411569e-01
1.200495444323312810e+01	1.570356064388451767e-01	7.977418926027436408e-01
1.208178621332326053e+01	4.410032183213006274e-01	0.000000000000000000e+00
1.209844385245520471e+01	4.741528681061697448e-01	0.000000000000000000e+00
1.203741301952880427e+01	3.212885544758261602e-01	6.821527256991627430e-01
1.199483323552094127e+01	1.477987512642730261e-01	7.429738470384105176e-01
1.206805689472606602e+01	4.108840877415176340e-01	0.000000000000000000e+00
1.202165702749624465e+01	2.545465088948574706e-01	7.299342700621588298e-01
1.207534676050733680e+01	4.307196617123955629e-01	0.000000000000000000e+00
1.202573374594195066e+01	2.730555513417226021e-01	7.309345228585443222e-01
1.203081623538133549e+01	2.865945025671342572e-01	1.209963325858292471e+00
1.205229026669167958e+01	3.588553175861353695e-01	6.746469003083082061e-01
1.201863463488974126e+01	2.626736564472899604e-01	1.262896406871907962e+00
1.200762284811094105e+01	2.068399070089614600e-01	1.040114063294320212e+00
1.205518743674196358e+01	3.688110194608515968e-01	1.341517750838780776e+00
1.201712829328522325e+01	2.583483672748961291e-01	5.710472089242094818e+00
1.200616876345961259e+01	2.194239824913203907e-01	7.387842729375241335e-01
1.204320494507682326e+01	3.160764080034815793e-01	6.563904456703779644e-01
1.206258114268954174e+01	3.789125376638620146e-01	9.532518253154952959e+01
1.199542675310887319e+01	1.374551552238387209e-01	1.306273237167780321e+00
1.205498519190139639e+01	3.633522104533829511e-01	2.003259456089208079e+00
1.205715314569999208e+01	3.787875008436982216e-01	6.298557080065989577e-01
1.200586433914530993e+01	2.070037366067891682e-01	9.140847869430049899e-01
1.203048331084627875e+01	3.084699654400503421e-01	6.174916972513437852e-01
1.201005877436835867e+01	2.065489842030961976e-01	6.566253214376619463e-01
1.203174243208987271e+01	3.133688675419759040e-01	6.624357633242392573e-01
1.210102682420125575e+01	4.799893669138047825e-01	0.000000000000000000e+00
1.204106810667052763e+01	3.216980580017537172e-01	7.781537170167617257e-01
1.199978448226466909e+01	1.592094750372499701e-01	8.782098935086121161e-01
1.204156730810950471e+01	3.216234672874277445e-01	3.009533991200545877e+00
1.204892768677408910e+01	3.560626460099508006e-01	7.223806699257072639e-01
1.201311584763733364e+01	2.226526100607377212e-01	9.545339594217956414e-01
1.206945184504401070e+01	4.088591771162726207e-01	0.000000000000000000e+00
1.202176055298277468e+01	2.570979776867359234e-01	6.789798179724730876e-01
1.206528435130432797e+01	3.948500073404209165e-01	6.183306677538027429e-01
1.206758632536506859e+01	3.974895569659338546e-01	9.681653182398510804e-01
1.200237835947794096e+01	1.672031492277087361e-01	6.361001049566846532e+00
1.204110186104908031e+01	3.293414862927193654e-01	7.498604903659050747e-01
1.205219172870251043e+01	3.724489405514200269e-01	6.194040803411934304e-01
1.206704484719778847e+01	3.947366595202513317e-01	7.303584677372273681e+00
1.200187396270771423e+01	1.754565214050342048e-01	6.898092918501351756e-01
1.202572378161334576e+01	2.809224714902817666e-01	6.776851575395957950e-01
1.199001149002584654e+01	1.092009353556001594e-01	8.161480419535364073e-01
1.204030836285174111e+01	3.208177209241721006e-01	7.241500266033028543e-01
1.206153238887181089e+01	3.775764279523256550e-01	1.213361782805852274e+00
1.203145144900322272e+01	2.903433713584244180e-01	6.175671072881584456e-01
1.208126486584350268e+01	4.297898237823152279e-01	0.000000000000000000e+00
1.198344916871364418e+01	6.235650051766769564e-02	0.000000000000000000e+00
1.204972835989890534e+01	3.487602428360840334e-01	6.385111453981157092e-01
1.202390178360865391e+01	2.533037424825318462e-01	8.129637569901062566e-01
1.201452729266455677e+01	2.473289894840735581e-01	9.876094629288090232e-01
1.200706021897257614e+01	1.894849939811335260e-01	6.197343988286648786e-01
1.201906307663949569e+01	2.373718154442850392e-01	7.088298565778379245e-01
1.203608702624108950e+01	3.205753218961756024e-01	6.546970120830425399e-01
1.200300660231508587e+01	1.714177127149115187e-01	9.228325673399725426e-01
1.208050946339928799e+01	4.375642644288607608e-01	0.000000000000000000e+00
1.203171031677539737e+01	3.009532732373910724e-01	6.314897105849742731e-01
1.200416132884930143e+01	1.756397488222618264e-01	6.419320674999012821e-01
1.202190888755971443e+01	2.565893804358136965e-01	6.209519116733197563e-01
1.198685024191701309e+01	4.505730178097847038e-02	0.000000000000000000e+00
1.207535453641193968e+01	4.210760309925755673e-01	0.000000000000000000e+00
1.201726791732946431e+01	2.333692973065024101e-01	6.480677821100349068e-01
1.198814435253694732e+01	8.650773551536800055e-02	0.000000000000000000e+00
1.200226745517690752e+01	1.621097565124575146e-01	6.423204056279413487e-01
1.201196470942368322e+01	2.218691319958257524e-01	1.493487669333245282e+00
1.210058415357078410e+01	4.677724415276257597e-01	0.000000000000000000e+00
1.202232747481270891e+01	2.625459170936229603e-01	7.775045696702510556e-01
1.207556953994681770e+01	4.272900210973327728e-01	0.000000000000000000e+00
1.201099472713061900e+01	2.133108611769981566e-01	6.260102682090800119e-01
1.207211428935799624e+01	4.222711447030224052e-01	0.000000000000000000e+00
1.201019637789622152e+01	2.381772380061015215e-01	6.351195548929846613e-01
1.202504926495051762e+01	2.801073732304026898e-01	6.573619937641012045e-01
1.199976341503378485e+01	1.537909460781200499e-01	7.313490201387728984e-01
1.207102573974149706e+01	4.136839359927615978e-01	0.000000000000000000e+00
1.199800677693015238e+01	1.562716569539308598e-01	6.546515794246827724e-01
1.202918218310495568e+01	2.881637918590690961e-01	7.281755063832040520e-01
1.210839049656028976e+01	4.964359866961940981e-01	0.000000000000000000e+00
1.201422757281864406e+01	2.189473586016732476e-01	7.900469763203258333e-01
1.209479792129516085e+01	4.761242241388859431e-01	0.000000000000000000e+00
1.199671842093348140e+01	1.651377242135407264e-01	8.976121872803313195e-01
1.202350746928791736e+01	2.745303835199982556e-01	3.049866519863940439e+01
1.201650937560898313e+01	2.463348864548634276e-01	5.439109049348296310e+00
1.206493107468847903e+01	3.854809940590261941e-01	6.530490909228829910e-01
1.202352418030260672e+01	2.527909552708818008e-01	7.390530931273751047e-01
1.200017201293987945e+01	1.484185396179250604e-01	6.563782044461494714e-01
1.204769510564189972e+01	3.502947307458822435e-01	1.304882568579025737e+00
1.199243619561354990e+01	7.853788127172284250e-02	0.000000000000000000e+00
1.199617279570500195e+01	1.590303740980595626e-01	7.320833095831991155e-01
1.200707212672499402e+01	2.015537748539104057e-01	8.564849442677358038e-01
1.204210003809277651e+01	3.170802584553847892e-01	6.286797585765296903e-01
1.202206810251234792e+01	2.472697558448984645e-01	1.670974018065614430e+01
1.200144828235317362e+01	1.843820967277680078e-01	6.242009129705072823e-01
1.199900390822080887e+01	1.641735256849349289e-01	6.355786043465657675e-01
1.206135646898409419e+01	3.835426456585470101e-01	6.243565025563569959e-01
1.200985944252530757e+01	1.993545178955048736e-01	7.192092843965991467e-01
1.204795259471319291e+01	3.605551309506784263e-01	7.270131402562460821e-01
1.200414649344401852e+01	1.590214021755152196e-01	9.512089940281438505e-01
1.209538508905896848e+01	4.638245988859860947e-01	0.000000000000000000e+00
1.200763424378283695e+01	2.022754405434427638e-01	6.539304859197153652e-01
1.200956239328849584e+01	1.915752320732170555e-01	6.252627329098540132e-01
1.205275476245301114e+01	3.699320353756812563e-01	8.403705806964473224e-01
1.206075645899297655e+01	3.895277252141328139e-01	3.994898913605826163e+00
1.201668182904671589e+01	2.460989804756283372e-01	6.512117148415333956e-01
1.202230175418350200e+01	2.661906457362009926e-01	8.596341791057301451e-01
1.201491282799607063e+01	2.353110246673349726e-01	1.071531692922957024e+00
1.199771577070572093e+01	1.252127392029852015e-01	6.888677300847360074e-01
1.202227784645144304e+01	2.687469405396887834e-01	6.362698500043869609e-01
1.203607792381300534e+01	2.934022235830104908e-01	8.447036244760633972e-01
1.203320718412673784e+01	2.956992309191482926e-01	6.752553269393075652e-01
1.209061255258022705e+01	4.574530442411385289e-01	0.000000000000000000e+00
1.206887071664243827e+01	4.107350242093434911e-01	0.000000000000000000e+00
1.202810768167740463e+01	2.898824588841067973e-01	6.996645394501261883e-01
1.199322453270870881e+01	1.365597825180441260e-01	7.840761909864560897e-01
1.204635410684070607e+01	3.427342853339465090e-01	6.919238980550043161e-01
1.200265644774050777e+01	2.092628139816041788e-01	7.284634100299297588e-01
1.206848202979515428e+01	4.158518546393166759e-01	0.000000000000000000e+00
1.199917361825940887e+01	1.574068091105425005e-01	8.428300000592996444e-01
1.203318471959516955e+01	2.948204911746689083e-01	6.123177503220865736e-01
1.204366598038742708e+01	3.265733669957087693e-01	6.936638732931545981e-01
1.201777266491423823e+01	2.419043179643787234e-01	7.042368189786143429e-01
1.208755633245298178e+01	4.352313868811238384e-01	0.000000000000000000e+00
1.201822059052808633e+01	2.447919840990601947e-01	8.091373415138465308e-01
1.199516955731906620e+01	1.002693641319582496e-01	9.826496148022292321e-01
1.210237772052211724e+01	4.758513418903912440e-01	0.000000000000000000e+00
1.201053670573100618e+01	2.246431600241077797e-01	8.142754085449528390e-01
1.203164478358890221e+01	3.053249683597882846e-01	6.670632819307372730e-01
1.202532410086930703e+01	2.704244763909592342e-01	1.315710567102646111e+00
1.200129957104962308e+01	1.835477693177519909e-01	6.181456800994794554e-01
1.207395170984337085e+01	4.273655999189474586e-01	0.000000000000000000e+00
1.208729099579061206e+01	4.512310480155320991e-01	0.000000000000000000e+00
1.203141669515557410e+01	2.832168996237504066e-01	1.386959931977560068e+00
1.200817485448886401e+01	1.932283660037203421e-01	1.056100525195077111e+01
1.202963426807534653e+01	2.955659482745300326e-01	8.078332379597656931e-01
1.201715664847262666e+01	2.630149542470154311e-01	6.853558071180579914e-01
1.201954029983377481e+01	2.532981211361304275e-01	7.596343124143857262e-01
1.201433360696240271e+01	2.174016782792852487e-01	7.562791327984033085e-01
1.200610091609890162e+01	2.047947840319513102e-01	9.674027433396841236e-01
1.200064024695198661e+01	1.848015545481931088e-01	6.690922880645773230e-01
1.206557396558841333e+01	3.885773554134260843e-01	6.136235165571088945e-01
1.211780318472298923e+01	5.107158531569289117e-01	0.000000000000000000e+00
1.203915988914444846e+01	3.300845987040406104e-01	7.191617303850192933e-01
1.208944586883184336e+01	4.546929487529309810e-01	0.000000000000000000e+00
1.199849157466159255e+01	1.439704068917086466e-01	1.573915755143936002e+00
1.202298418983379058e+01	2.678975168284076780e-01	1.778420409502174726e+00
1.203784079356070258e+01	3.113219612136375880e-01	6.441053390602773376e-01
1.203684113762459340e+01	3.023475185870416748e-01	1.903684286384933699e+01
1.199232430544753036e+01	1.337680716840319306e-01	8.476002446664143708e-01
1.208134413892755532e+01	4.279348859441715613e-01	0.000000000000000000e+00
1.204212516925608867e+01	3.339870333676828729e-01	6.131303136637219486e-01
1.207010587165998849e+01	4.109113660980162064e-01	0.000000000000000000e+00
1.206426048036910181e+01	3.975053959022884498e-01	6.303360111515048381e-01
1.204619411176003574e+01	3.566318462107611609e-01	1.000579848930269966e+00
1.203559312368939693e+01	3.215193673395853047e-01	8.320581212504999380e-01
1.200545327175811039e+01	1.975617540508240455e-01	6.591410146259255587e-01
1.203134102092345259e+01	2.927045993477039310e-01	7.320350336530452307e-01
1.202639156249599495e+01	2.742108173809449378e-01	1.323041556399892515e+00
1.200048359198481940e+01	1.542419205851913167e-01	7.768308490355951834e-01
1.202752546212627216e+01	2.786820479809926088e-01	6.946146009494367224e-01
1.201698378253049171e+01	2.639680527106831320e-01	6.432534532605826971e-01
1.200660284175776482e+01	1.949681236098502746e-01	6.630479047959011440e-01
1.199965509724577473e+01	1.248743428337855954e-01	7.777026472227993592e-01
1.205429872225852606e+01	3.772312878617249954e-01	7.877903629029409105e-01
1.203424228673752694e+01	2.983298458913408169e-01	6.838775687444709206e-01
1.202864876216241541e+01	2.814329083043764501e-01	6.713866719478672751e-01
1.208729990616868299e+01	4.452030378396203414e-01	0.000000000000000000e+00
1.199796671193894504e+01	1.388532952546835952e-01	6.145683778772697003e-01
1.200030966097467733e+01	1.427539819691819034e-01	2.341434363409696573e+00
1.206202939413448938e+01	3.978461842709541396e-01	6.703631513970640388e-01
1.200234992414545232e+01	1.818921041484103940e-01	2.189456137343224640e+00
1.201374790145277238e+01	2.164715599710524963e-01	6.426679832225428157e-01
1.199400089458847063e+01	1.342937811896290357e-01	1.606532591746568039e+00
1.207801675519437090e+01	4.266173978358334118e-01	0.000000000000000000e+00
1.202373855311868134e+01	2.523788803812008763e-01	6.843930563577597104e-01
1.200330533916440245e+01	2.067672034132876924e-01	6.496493069285099731e-01
1.202840887135527836e+01	2.819430937581877128e-01	7.216220837604472305e-01
1.200313595427523516e+01	2.045928784592984662e-01	7.998602999597163032e-01
1.201236372454416923e+01	2.377806444957591414e-01	7.762639679672981297e-01
1.210409543979031355e+01	4.832405570024621566e-01	0.000000000000000000e+00
1.208004896256996830e+01	4.259809568681173220e-01	0.000000000000000000e+00
1.199857723689452804e+01	1.517612195673710140e-01	1.079233749132103348e+00
1.209125292374201344e+01	4.557909731808667542e-01	0.000000000000000000e+00
1.200095091213970910e+01	1.931771960893958473e-01	6.703463742038955342e-01
1.204762465149182482e+01	3.450425909619395659e-01	1.717487375291899543e+00
1.200592535418279105e+01	1.701011095293930575e-01	7.767968774459110826e-01
1.207900832711976591e+01	4.300844848139160348e-01	0.000000000000000000e+00
1.200755586646969242e+01	2.151423293871107256e-01	2.246520450053288709e+00
1.199851604750732470e+01	1.551047807277327051e-01	6.783688565817620475e-01
1.203176178371873739e+01	3.087260088259255464e-01	7.922621606977808817e-01
1.199700057538070297e+01	1.018001810606007085e-01	1.067519022361828496e+00
