-1.018191453804683649e-02 9.929111612134249309e-01 5.042284516247830251e-02
1.955840489473317095e-02 9.943603870961542635e-01 5.063972904405713432e-02
-1.543246099017438894e-02 9.913646830201227056e-01 5.174499396934414269e-02
-8.875807814558500652e-02 1.014410420780506250e+00 4.993369527425085830e-02
3.023561257709549491e-02 1.001936234078805610e+00 4.689888801035312083e-02
5.355792139284479281e-02 1.000874897621468085e+00 4.984897371128840793e-02
8.365861907767294103e-02 1.023463808461675395e+00 5.438421726572855580e-02
2.970386628204440063e-03 9.983010279416897337e-01 4.703881824620554514e-02
-7.324024133067384701e-02 1.006796808573662494e+00 4.716991971890505814e-02
-5.276698326962740715e-02 9.986607694071192309e-01 4.765678499645369104e-02
3.170724181997924829e-02 9.954707641241131721e-01 5.082513692815418538e-02
-8.678683072766979478e-04 1.008582769604515761e+00 4.401781846286177691e-02
-1.064714412955650169e-02 9.946171495985053346e-01 4.905058268915714337e-02
1.094469947023281042e-01 1.032424882325040594e+00 6.661404026690706526e-02
3.248542654951688119e-02 1.001996718785900464e+00 4.705954562664921292e-02
-8.377634641426032203e-02 1.007276640507967613e+00 4.834584285680630644e-02
5.903758104215200975e-02 1.012046392689236241e+00 4.782728935003358745e-02
-5.970901294318133740e-02 9.993449008339458928e-01 4.783608287664579267e-02
-1.305958685573678502e-02 1.004562944546618430e+00 4.442141803518482451e-02
3.032814274063903165e-02 1.006449213579564628e+00 4.558564498519524638e-02
-1.381792427783397337e-01 1.022948356650651647e+00 6.486570260476109961e-02
7.742546867182928394e-02 1.011211357610798611e+00 5.036476910742720275e-02
1.939105305461877315e-02 1.004283257740099300e+00 4.537910987065013613e-02
-1.209998857819824525e-02 9.932578239956477706e-01 5.009745120550762598e-02
9.277354489726412357e-02 1.018739454166401659e+00 5.387412099793698755e-02
-2.291610393184376551e-02 1.000954065927800452e+00 4.553505408530955645e-02
-8.724391743016951528e-03 9.904378161537402692e-01 5.279399157625245392e-02
-2.843755402820800915e-03 9.968989983963087997e-01 4.766998389456780783e-02
2.604316397193358334e-02 1.002324564742018032e+00 4.642953866296613274e-02
-1.183159253858416665e-01 1.007827885832336179e+00 5.395158250457823129e-02
-8.381723707424085235e-02 9.954923178770755943e-01 5.248941898413148066e-02
-2.181687380929012848e-02 9.943799419323163802e-01 4.916603274222834663e-02
5.503999789810483378e-03 1.009077366091131855e+00 4.413060060137637131e-02
-2.129002706110663667e-02 9.933684616998437189e-01 4.995163828826482133e-02
-1.068894402853815817e-01 1.013615184782434397e+00 5.255050813868664822e-02
-9.423697502129776971e-02 9.988746910149650660e-01 5.197137940551393998e-02
-1.854168112179740979e-02 9.953867156178775044e-01 4.843694514298524378e-02
5.830340965392533104e-03 9.935967366337811191e-01 5.039981232061514771e-02
-2.696055487159731978e-02 1.007124330004045998e+00 4.422278600011269462e-02
1.331855033505166541e-02 9.958502703421610036e-01 4.907167559810810681e-02
-1.370617557446374701e-01 1.012819512561027091e+00 5.885154113395407033e-02
-8.750667210218635028e-02 1.006331578351324252e+00 4.888934571687846703e-02
6.966924493977517951e-02 1.013808394825107984e+00 4.926967817834220636e-02
-1.214437887453286569e-01 1.019935053661764401e+00 5.838342501662195649e-02
-9.221351381931744418e-02 9.988491247939098594e-01 5.168227856867232961e-02
-7.267741503242064471e-02 1.000652081723899078e+00 4.847284168724309145e-02
4.425543244758166350e-02 9.964513955668713452e-01 5.148280043250415272e-02
-7.392203886742350349e-02 1.003358948227449643e+00 4.776936272932026661e-02
-1.023465474699775668e-01 9.975029367469882002e-01 5.402697989931498634e-02
4.157444068831332717e-02 1.000531315201941274e+00 4.859634565632395958e-02
-2.796564255914663760e-02 9.934217298540074514e-01 4.997279635171767570e-02
-7.523201477048782615e-02 9.986229976204827885e-01 4.962429734241916718e-02
5.569453632261205794e-02 1.015652527722834098e+00 4.787201567769373833e-02
3.471675029797526013e-02 1.006695180719757943e+00 4.587115347392196202e-02
-1.294800912720446007e-01 1.015778304517666264e+00 5.797737163295151736e-02
-6.177991967567939002e-02 9.905841682602978260e-01 5.421085032137024778e-02
4.424621100433309695e-02 1.004102863277534397e+00 4.739025312152073816e-02
-3.425629383636731584e-02 9.912055320958246263e-01 5.205126743508916437e-02
-9.052382251914059541e-02 1.003403518067185418e+00 4.978324575672324337e-02
2.483447219017510116e-02 9.979886327811966495e-01 4.846443796281200284e-02
-4.927955713167453400e-03 1.009127089488545126e+00 4.395548732749118143e-02
-1.570892199633638908e-02 1.008605743763436147e+00 4.396313811691762719e-02
1.220365598387874312e-02 1.001356468640955288e+00 4.598246581039305836e-02
-8.809394482851704011e-02 1.004776307593613360e+00 4.917007298257602271e-02
3.756308096449850753e-02 9.948304714592097753e-01 5.197736060605522707e-02
-8.902626036252615782e-02 9.995382769931475675e-01 5.090326028206739600e-02
-9.852050803982179139e-02 1.008424967249035076e+00 5.039450434388578065e-02
-6.856861623911890413e-02 1.001426744130977209e+00 4.778938506982824408e-02
7.210618159329720833e-02 1.017855800479712691e+00 5.035515071794446906e-02
7.696249281906944462e-03 1.001044588354995435e+00 4.591078273032901669e-02
-1.159462384851991795e-01 1.017913940032014741e+00 5.601298710144705234e-02
-9.304796705013501645e-02 1.013506684057849938e+00 5.028344790603868353e-02
3.534804557961784138e-02 1.004629816378272977e+00 4.639734889537516088e-02
-4.752721830497821931e-02 1.009118604304565459e+00 4.503538446285933888e-02
-7.533257318307365336e-02 1.008624471685675372e+00 4.734479981017693934e-02
8.903732273042427869e-02 1.021570914813288322e+00 5.428146180577871072e-02
-6.785055572569789750e-02 1.007789314302196093e+00 4.658942679238110146e-02
-9.947975496488464797e-02 1.011828644624218621e+00 5.088526459036512434e-02
-1.560226367188446983e-01 1.027047361371905332e+00 7.483896580051335734e-02
2.688472559842301074e-02 1.007999872282111964e+00 4.513155467378023727e-02
1.005103349170988203e-02 9.951111153802172371e-01 4.942132205818038082e-02
-1.214594680322544362e-01 1.021119697732880471e+00 5.921393105590112144e-02
-3.635265946524758596e-02 1.007415850260497292e+00 4.450640631692463073e-02
-2.855238098278518877e-02 9.926683763220278678e-01 5.060600004363852850e-02
-3.244506950005418555e-02 9.975809681618907909e-01 4.727619914942604584e-02
-1.574009007752222300e-01 1.030943943401211094e+00 8.097857280670954505e-02
6.765749090153996836e-03 9.988473480147374017e-01 4.689463718937154219e-02
1.470517994509218385e-02 9.937555878351621574e-01 5.079202741816912087e-02
5.331937536451197834e-04 9.962423422808325268e-01 4.819486932435549514e-02
-8.240018260717467402e-02 1.007323111491260192e+00 4.817411293480008266e-02
4.252165053073074519e-02 9.959652165105813415e-01 5.164348650027065363e-02
-1.366492185016588701e-01 1.014767157588381874e+00 5.935459036625808510e-02
-2.227686538837946040e-02 1.001096147465600827e+00 4.547423308432989308e-02
-1.391623915326616612e-01 1.018503063132804920e+00 6.182366314314611394e-02
-7.500074036060512539e-02 1.001893170301053626e+00 4.828842300002661458e-02
2.581949484582259785e-02 1.001899646396889665e+00 4.657801781997998603e-02
-6.271255146404820791e-02 1.007394820383803458e+00 4.614338144631371236e-02
2.298897086464748302e-02 1.012489987806333147e+00 4.491348763571637037e-02
-2.016229914743773027e-02 9.937149792593134023e-01 4.967157883733022694e-02
-8.037415847980811101e-02 1.001507666349396475e+00 4.902080853184158371e-02
-1.431153536997343406e-02 1.007716799973483734e+00 4.399288316337845312e-02
6.985357136131360722e-03 1.006167027198208386e+00 4.444168749624175657e-02
-1.477566411394960200e-01 1.023596987519306278e+00 6.827139898408143837e-02
1.627809897419868479e-02 9.944095910999011245e-01 5.035850442103128460e-02
4.367487377535236859e-02 1.011172281739535883e+00 4.624479599241942962e-02
4.568103664123924351e-02 1.009581073348964741e+00 4.646897543864896007e-02
7.270262944238381486e-04 9.977739162908251247e-01 4.725687445740626297e-02
-1.296425826529906677e-01 1.014043312155836318e+00 5.736975847932841710e-02
-1.317256680420126058e-01 1.022925868205696309e+00 6.312872588748486002e-02
-7.493613203340079854e-02 1.005850004866999159e+00 4.743660310268735247e-02
-1.620045684336425817e-01 1.028553316923470407e+00 7.905245451318722305e-02
-1.154520356199691400e-01 1.015236865349445683e+00 5.469844908929654553e-02
6.360431219050727281e-02 1.009780716797209266e+00 4.846576905903210442e-02
4.965164229336052615e-02 1.002877711314406284e+00 4.843328070076356739e-02
-1.283663407779392640e-01 1.012325473731250147e+00 5.659980041698904618e-02
-1.585234913293655235e-01 1.030169762639281172e+00 8.015735425191676533e-02
-2.824718899793733640e-02 1.008926956270314035e+00 4.418787219078817302e-02
4.176675050008109291e-02 9.961822637925862312e-01 5.138254424008397575e-02
-8.992361416182098610e-02 9.963737971956286854e-01 5.274656152794571229e-02
1.441136176477796071e-02 1.001083505046158395e+00 4.620421237279431770e-02
7.106854734630863035e-02 1.013864154909431381e+00 4.946702337018716450e-02
-3.845933000840483229e-02 9.981518859660033494e-01 4.717093701774800057e-02
-4.396539961932990903e-02 9.968502378094918903e-01 4.812330889571785064e-02
-7.314030895038374502e-02 1.001880137434624229e+00 4.809599975724575954e-02
9.356819148225431482e-02 1.020840281087792567e+00 5.475929454225925141e-02
-1.206387737383727426e-01 1.011269014784441422e+00 5.468320114621984251e-02
-1.127508679380719026e-02 9.893237849665686978e-01 5.393335440119102764e-02
-1.602977097368366716e-02 1.003332732973368779e+00 4.471844696173689349e-02
-4.650368296530586754e-02 1.000802121583041604e+00 4.637468829780347357e-02
5.689452623791675656e-02 1.008471439116887414e+00 4.777869444912614255e-02
4.011965039418892431e-02 9.991645241842299630e-01 4.918525411970609690e-02
1.082792492251435923e-02 9.959979220461805394e-01 4.882371902922094664e-02
-1.010513868868445075e-01 1.007370347900207852e+00 5.081070763819289793e-02
-1.341956931657301566e-01 1.020027970395449568e+00 6.149507925228531180e-02
-1.330938915402708408e-02 9.980578186649321504e-01 4.682329434898613307e-02
-1.454735480131476300e-01 1.018152527951577291e+00 6.338583226705320206e-02
-7.832133382310173253e-02 9.928682816609524231e-01 5.381409603040676615e-02
-1.247751959495242979e-01 1.015808485532982530e+00 5.690217416324001853e-02
-4.581825026917551308e-02 9.913425167072709154e-01 5.237744086449097614e-02
-6.210448589203414888e-02 1.002372411976366839e+00 4.692150740364197520e-02
-1.343705151579423496e-01 1.023492886340470420e+00 6.432990548475926718e-02
-1.079703210819138171e-01 1.015508173414648274e+00 5.337746167302204886e-02
-9.575627028411426434e-02 1.000271006553609787e+00 5.157015279880245578e-02
9.685632492245688230e-03 9.982739566492975225e-01 4.733740217450468912e-02
-4.384704826099558583e-02 9.899792938533478193e-01 5.363100962742619465e-02
3.955718790386025807e-02 1.010056493298594260e+00 4.590599683631134409e-02
-6.644762643145971093e-02 9.975491908117041229e-01 4.929770345409701521e-02
-7.438470744281097669e-02 9.921116639141895899e-01 5.401614152491498316e-02
6.037289336311228716e-02 1.006410127874321381e+00 4.861691304015328813e-02
-1.000911317446890048e-01 1.008037737147844615e+00 5.064102587508597514e-02
5.846409098913867702e-02 1.002605933604776789e+00 4.967463072861112022e-02
-1.306443663273369193e-01 1.010301661748735702e+00 5.679321745869209126e-02
8.299805409562628633e-02 1.022452941543406046e+00 5.373731262585757645e-02
7.697369357944505719e-02 1.023177527118628971e+00 5.325029348391110973e-02
-2.021730870159874072e-02 9.974000174022265020e-01 4.718019268777521452e-02
-4.346674303152574942e-02 9.989023976126433224e-01 4.701785881568353725e-02
-4.698372443241283225e-02 1.007368922702085001e+00 4.502755610967995592e-02
-8.487873881066519688e-02 9.935477095913447521e-01 5.409264971063387772e-02
4.675934660477791549e-02 1.006007836140089928e+00 4.711354206814352685e-02
-1.104144837501237937e-02 1.003034617144382468e+00 4.480469008193611880e-02
-1.349460675629751139e-01 1.023721092451204573e+00 6.469651925102883061e-02
-6.912949157871581263e-02 1.004918838444055273e+00 4.697656334396278083e-02
-6.961452478154256385e-02 1.001185948608519727e+00 4.797225142150834259e-02
-3.569623220737490332e-02 9.903524246792739794e-01 5.293204817012360508e-02
5.430607444487307867e-02 1.010390477696489597e+00 4.730619043860709305e-02
3.745392785010707992e-02 1.004937911813308382e+00 4.649378045379268243e-02
-6.301509813808892080e-04 1.008025401265865373e+00 4.405114129412805030e-02
8.544701832405407482e-02 1.025278081557120746e+00 5.578474938583196513e-02
-1.570890766147882700e-01 1.027606840269859045e+00 7.594073628926695241e-02
3.390693659334172855e-02 9.940017627359849506e-01 5.228395027963461672e-02
7.641404800004251985e-02 1.019390856003810741e+00 5.144175976836899006e-02
-1.405207954049024210e-01 1.016123043541842907e+00 6.093880741392210254e-02
1.590777915510179635e-04 1.009258266604402987e+00 4.401668680113499099e-02
-1.708670186395773449e-02 1.003213208852399063e+00 4.475494019786964428e-02
6.808337033833294916e-02 1.017478499974936668e+00 4.972611382608743691e-02
-1.065490243402045789e-01 1.016270920021095536e+00 5.343101392549121087e-02
5.191294202571059002e-02 1.006089514823244491e+00 4.765587992005371892e-02
2.160442761300709891e-02 1.000500294200402651e+00 4.688762327456701129e-02
7.964097850807975998e-02 1.017480680045008690e+00 5.133254226017913702e-02
-1.587382554785208844e-01 1.027976615310209230e+00 7.703174777253224415e-02
6.283244563659223791e-02 1.015244641291903172e+00 4.858827610398002567e-02
-4.112241088403381650e-02 1.006638156938783224e+00 4.477317809041346519e-02
-5.798372802073953336e-02 1.004670317728887152e+00 4.606503747484518019e-02
-1.981455414716191965e-03 1.004374955978093675e+00 4.456744908286532775e-02
-8.238200631368750027e-02 1.004462630775569076e+00 4.849563402991874383e-02
-9.244478862175586897e-02 1.014429338000894631e+00 5.046364735393181478e-02
-1.526894245561311730e-02 1.007852580371980222e+00 4.399020708510961025e-02
1.224092988476905772e-02 9.931288145969044967e-01 5.117181628963177881e-02
6.792364960931449036e-02 1.008313328969071776e+00 4.925429483261813124e-02
-1.132923012821236697e-01 1.019810255075358940e+00 5.658616983562717029e-02
-1.460720683372663531e-01 1.025060559782121183e+00 6.924380723990856967e-02
1.916369405652475211e-02 9.953144384469972961e-01 4.985689836116716234e-02
-7.951617107095271253e-02 1.013118423112896682e+00 4.839194301400564363e-02
7.544137322644942079e-02 1.021667776684302975e+00 5.225669726677189403e-02
7.952735541847502643e-02 1.020301610812157644e+00 5.223640448036257627e-02
5.524481686892036836e-02 1.015819045113435903e+00 4.786018010988258436e-02
-1.081865211730833470e-02 9.977695024154651371e-01 4.700398261829347168e-02
4.844765562109469570e-02 1.002819871392458762e+00 4.831645146874634367e-02
5.884709527740754342e-02 1.011433145365913111e+00 4.779796462171788385e-02
-3.043902282880224519e-02 9.898391663160572840e-01 5.333583376132139398e-02
-6.756302730385613242e-02 1.003995817482073560e+00 4.699872417943606884e-02
-6.620807609844937824e-02 9.970519706927722936e-01 4.955498526888493099e-02
-3.723785280066112952e-02 1.002920718549928036e+00 4.527243054921541859e-02
-7.326365896446529469e-03 9.920123590691728444e-01 5.128807477381444602e-02
-7.881175492291066231e-02 1.006005717837766156e+00 4.784878351464009333e-02
7.018052270162840334e-03 1.007999722486866201e+00 4.422654479032643582e-02
2.225140546521135049e-02 9.971691375034282823e-01 4.878168692633233494e-02
-1.402514930667601023e-01 1.018361511551224785e+00 6.203567463869706644e-02
7.373888745621121066e-02 1.017438851198183336e+00 5.046403094362392899e-02
-7.984049537120876949e-02 1.010174562616211746e+00 4.794193455545264076e-02
-6.504275612502288806e-03 9.959024234397930719e-01 4.822090717582010883e-02
-3.993853372698052961e-02 9.915391372053909969e-01 5.192732739747672743e-02
1.324532027932728839e-02 9.919990664538829162e-01 5.228705657716782584e-02
-9.240566160701273180e-02 1.008509696511408427e+00 4.948207810183155586e-02
5.413859777445605148e-02 1.011664144554226930e+00 4.727124704179216236e-02
7.164608781005346594e-03 9.934640586721898980e-01 5.058111684746017384e-02
-1.434206601657826707e-01 1.016862797085389625e+00 6.209571719075931279e-02
-6.680346516465304751e-02 1.001306298897942648e+00 4.766580488523495390e-02
-1.085002449682974102e-01 1.016005797756593498e+00 5.367306152909017553e-02
7.945536499097761995e-02 1.024764056231657783e+00 5.455516297326132996e-02
-1.636881354097664831e-02 9.996161268864952598e-01 4.604398537675365860e-02
-8.104447320307131553e-02 1.005868250202321956e+00 4.812493554454896905e-02
4.129027964162240022e-02 1.004316197833986291e+00 4.702721755677075066e-02
-1.010858535847029005e-01 1.013071112370485416e+00 5.141604335994116176e-02
-5.252710039150490506e-02 9.928714142039498647e-01 5.141374192395175430e-02
-9.697993503330533394e-02 9.987850079941599235e-01 5.244058529441106287e-02
-9.788442270741407047e-02 1.008305132041578345e+00 5.029435439172941225e-02
-2.218802516568861571e-02 9.935502529934913118e-01 4.980880795498483782e-02
5.788811170296268016e-03 9.908353797120504902e-01 5.298278842362504765e-02
3.163631187743676937e-02 1.013411234191360588e+00 4.550670867529738733e-02
-7.778810595756431578e-02 1.002434891047547794e+00 4.843312603052047499e-02
-1.031566362859892838e-01 1.010212954005388575e+00 5.124934243949418738e-02
4.884012164954545931e-02 1.004984807078864728e+00 4.760780097318970810e-02
-4.376583740920157728e-02 9.941807426906082990e-01 4.988755165127926189e-02
6.584029345762021368e-02 1.018170667962795095e+00 4.965132858888990364e-02
9.548185433208294937e-02 1.026951667125757917e+00 5.866602578951830155e-02
-1.317192142396982346e-01 1.010173806713884570e+00 5.703743031799141106e-02
-1.159502240627415248e-01 1.006672655402505390e+00 5.353252058370794320e-02
-1.482756829431232937e-01 1.024210489151718750e+00 6.904059580223617654e-02
-1.021688726604886854e-01 9.967203880611061884e-01 5.447472941734319424e-02
-7.531598648641681104e-02 9.944013424573450166e-01 5.223337968061433911e-02
-1.014521909105615821e-01 9.975207582691345554e-01 5.386243821233360762e-02
-1.135216936354221662e-01 1.006794757131727058e+00 5.304831002745671875e-02
-2.134649555652462505e-02 9.953280047667876218e-01 4.848424242602312334e-02
1.643097981769834487e-02 1.005031879891947755e+00 4.503955624417833870e-02
1.028195697504491884e-01 1.028436720895971490e+00 6.125760244921835129e-02
4.629028981734671644e-02 1.007141179974095913e+00 4.682826350131818333e-02
-4.406466966505873106e-04 9.963429216264303445e-01 4.809576381024472519e-02
4.208861320449613919e-02 1.010354497627375281e+00 4.611083069755189667e-02
-8.159713167179064031e-02 9.986829701514232660e-01 5.033396298288294463e-02
2.996865029273548808e-02 9.995068089124049537e-01 4.801725028242207621e-02
-5.206403336168363705e-02 9.976666595277098315e-01 4.811821532329911555e-02
-1.023014181093596930e-01 1.007683365753639482e+00 5.100488234162557644e-02
-1.086275035950197559e-01 1.000654071196042105e+00 5.358860367274572573e-02
-8.776805074692001218e-03 1.003932601167538241e+00 4.458205924908421186e-02
-4.045553730570362883e-02 1.005420148192052610e+00 4.488795350318284388e-02
-4.291834171849458895e-02 1.007859119853830920e+00 4.478506110134011092e-02
3.757596373741758922e-02 1.010760999443234720e+00 4.573844048412122748e-02
8.991582269694993468e-03 9.914232269141661780e-01 5.257374101684766932e-02
-6.665160465306581294e-02 1.002143465777815656e+00 4.738333583366739765e-02
-8.396080695749624789e-02 1.005867838722922736e+00 4.848086475060522232e-02
-4.264811537784291007e-02 9.908977418135711535e-01 5.265030093548837831e-02
8.115943706200064167e-03 1.002078698685437752e+00 4.553192530888024170e-02
-2.779957729656827581e-03 1.004736607227858070e+00 4.447273132430171194e-02
-1.773967239044893507e-02 9.956357310829770935e-01 4.826829416133091716e-02
-7.827506506185698265e-02 1.000109682730635940e+00 4.929661183311023764e-02
-1.249084150993214626e-01 1.010622287118855267e+00 5.551119223457785801e-02
7.202204776350505655e-02 1.012744132355088533e+00 4.953223364433840398e-02
-1.029549712908121861e-01 1.012944161112246055e+00 5.169422999424135717e-02
-6.057264556894891711e-02 1.007254593140396004e+00 4.597296317325778869e-02
4.711846098021066354e-02 1.004298800933496105e+00 4.763064418376539155e-02
4.832798674296434616e-02 1.006804159864395753e+00 4.710253144616013271e-02
-1.198277764418528846e-02 9.938127584431025729e-01 4.964856560094547955e-02
-5.058472192516400012e-03 1.002328972210668967e+00 4.508351542799184791e-02
-1.147495520401510261e-01 1.006652784140581680e+00 5.329741523003847514e-02
-1.458958531594141406e-01 1.019008673548276400e+00 6.403547824838040636e-02
6.257359857434352524e-02 1.003616327023727495e+00 4.982899594688480760e-02
-1.523728378130709826e-01 1.022084968209499234e+00 6.834363389774264497e-02
-1.126213021499861550e-01 1.017176692777640445e+00 5.497672292077757789e-02
3.423467255740318682e-02 1.005199790299026175e+00 4.615401861183682231e-02
-6.408167987069565696e-02 1.008590093537084398e+00 4.624165328555399079e-02
1.994643927128290223e-02 1.007762183300204617e+00 4.476301818295188445e-02
-9.413220411277374577e-02 1.004191188970145143e+00 5.012600742044129309e-02
-9.085642320586961168e-03 1.006192641107344299e+00 4.414750835915135646e-02
-5.765839385476184686e-02 9.977603297556296713e-01 4.845393215014457550e-02
-1.952515187113450235e-02 1.001104275538418742e+00 4.544494897968048841e-02
-8.342297991550097491e-02 1.002805871306016616e+00 4.899891514333985787e-02
3.387961063788991201e-02 9.986819701666267424e-01 4.883538838200102150e-02
-2.126780559123231384e-02 1.001245756842789936e+00 4.540831544304428646e-02
2.737131760268714242e-02 9.985864337200575092e-01 4.831300343453596297e-02
-2.170653799593084965e-02 9.991726595009160494e-01 4.627325726784208698e-02
7.053060615060134653e-02 1.017220869165468278e+00 4.997378361392122714e-02
-1.163889046753603107e-01 1.005730215432091512e+00 5.372002348082910439e-02
1.831186871140486061e-02 1.004065855555045683e+00 4.537906963122535081e-02
1.368187040039906682e-02 1.004976046363522002e+00 4.492370515517857266e-02
2.495392744284863351e-02 9.951888151607262145e-01 5.041649834740354746e-02
-6.498214779590893997e-02 9.954749858554404751e-01 5.042599261259909232e-02
-1.438848479119956281e-01 1.026267623867206380e+00 6.992411561609204740e-02
-8.944591852854083536e-02 1.000632175884638153e+00 5.050346548620698872e-02
-7.670641769428473977e-02 9.955304977181873571e-01 5.158842096514836689e-02
3.218970639415025953e-02 1.008121446133471544e+00 4.547511203929705675e-02
6.457751240251040359e-02 1.005138182764523824e+00 4.956509254331693815e-02
-3.284578902309480408e-02 9.924974039817247018e-01 5.084264712392928820e-02
-8.316837396268371430e-02 1.002050835269529871e+00 4.918517293180798416e-02
3.899717560841248903e-02 1.011587332037662712e+00 4.586693674750591532e-02
3.312658254475222414e-02 9.955715627535549617e-01 5.089044627597475584e-02
-1.516336407147260701e-01 1.023401292635735871e+00 6.930875332001250333e-02
-1.287972584589318070e-01 1.012755544779548211e+00 5.680239135527333921e-02
1.577324171705014877e-02 9.914568761819866349e-01 5.301092564980722233e-02
9.099843309557227589e-02 1.024407149150088570e+00 5.612818145613580889e-02
2.362736451526264991e-02 1.001633911901086638e+00 4.653150417269848876e-02
-5.559895567919589943e-02 9.972521456200186263e-01 4.858274104343988931e-02
1.652513928264421478e-02 1.011981361896442166e+00 4.457820196743333963e-02
3.885508385390772784e-02 1.002347940460633691e+00 4.749290293586536094e-02
-2.174056509884553581e-03 9.932723940364585058e-01 5.033237295681229628e-02
-2.678293514725030647e-02 9.913179368790705492e-01 5.179650289255091633e-02
-3.107893966460623103e-02 1.009011333880179384e+00 4.427484539416486065e-02
-1.044093526283299544e-01 9.973469253121971523e-01 5.448325309355045443e-02
-1.274943994577235340e-01 1.016942598164639167e+00 5.803973228637789722e-02
-1.612484589729143436e-01 1.028188786296520218e+00 7.825331153824179042e-02
-1.419831972228273453e-02 1.001713790116166347e+00 4.521074026269432389e-02
-2.733796721436365651e-02 1.006468533579040869e+00 4.429395002627649347e-02
-5.124183353320489742e-02 9.970690056088495901e-01 4.839788030499329874e-02
3.242071258032565989e-02 9.998975351629761921e-01 4.802530591164790724e-02
5.224197199780081236e-02 1.011301445321867387e+00 4.706715661733221201e-02
-2.542446471415867743e-02 9.905298349381339573e-01 5.255371781885891797e-02
-1.115908637524485741e-01 1.000333550940461391e+00 5.428326153013692673e-02
-6.086457393837872709e-02 1.005266495907076951e+00 4.619385783212575508e-02
4.365754939089715181e-02 1.001189567445122108e+00 4.849677140414220683e-02
6.548058424988190129e-02 1.015673995366331406e+00 4.898615046982479626e-02
9.909912380278024235e-02 1.028385133586990685e+00 6.049419044320163835e-02
-9.819403459120658317e-02 1.007974364468140482e+00 5.034262138725132535e-02
-1.278777746940343574e-01 1.019526446771705563e+00 5.959420497019117524e-02
-2.996050096698700538e-02 9.997311775689800006e-01 4.615930682315842748e-02
3.535106740367166545e-03 1.010153232935525613e+00 4.408495108995932887e-02
-9.775659670435983550e-03 9.972974427822112187e-01 4.728678575364047426e-02
-9.042327145787586173e-03 9.907711890685008127e-01 5.244423159959837183e-02
4.099013412477607587e-02 1.010331798574534812e+00 4.601772831859217427e-02
-1.563062953572145197e-01 1.028528505919382052e+00 7.691537126429974502e-02
-7.688656078889692658e-02 1.003559519470606620e+00 4.804260989232077977e-02
-2.769055559176372694e-02 9.953326955171688528e-01 4.855108170766561648e-02
-1.069002323982316538e-01 1.001658356675106276e+00 5.289511056342079132e-02
-2.962529504469355035e-02 9.908461930066417844e-01 5.229432525263155024e-02
-2.970877539311878035e-02 1.009146753879473168e+00 4.423286272536681302e-02
5.498423157471321598e-02 1.001761005401538229e+00 4.959313890550162002e-02
-4.031117624160544810e-02 1.005913395045189951e+00 4.481396199260219426e-02
1.041119105797078392e-01 1.031656778841247180e+00 6.464424724323723781e-02
6.674561056099645451e-02 1.008172230015001558e+00 4.911080203862893540e-02
7.396336293271338347e-02 1.020789296847690153e+00 5.165625251866294565e-02
3.843119685082139331e-03 1.004894739865950903e+00 4.458692537770154313e-02
3.533269797189464434e-02 1.005983478426875743e+00 4.606102603637381859e-02
-7.152705824014003733e-02 1.008338496766443715e+00 4.694280833845257406e-02
-1.311165233175996814e-02 1.007906402357221287e+00 4.397636129540910543e-02
5.905278314049181715e-02 1.018340513448790396e+00 4.893701169111400184e-02
-3.878657372112792601e-04 1.006111885301480768e+00 4.426418895759822586e-02
6.082975432673866367e-02 1.004525687150320312e+00 4.924172490558168663e-02
-7.459699749133846813e-02 9.981121886226163031e-01 4.981306737419956970e-02
-7.488288354359995402e-02 1.008206745780151792e+00 4.729284648237869204e-02
-9.729266741922253103e-02 1.004254434357620296e+00 5.058940722348812674e-02
7.546019086068153636e-02 1.021569935785417771e+00 5.221270020613098806e-02
1.530613277013131296e-03 1.001880173198247626e+00 4.538167109184989417e-02
1.078119196658162138e-01 1.028431388156199500e+00 6.228070594802023047e-02
3.058369720043009610e-02 9.980360293983341347e-01 4.892090701881120218e-02
7.690265027922810193e-02 1.018631124085718875e+00 5.125561243139199752e-02
4.675260494785398596e-02 1.000865136708644076e+00 4.900631788020676921e-02
2.711708223232956599e-02 9.996492928818787593e-01 4.770744353313624564e-02
1.390656650606907074e-02 9.976856094647119644e-01 4.790336591270519251e-02
-8.537887874604305205e-02 1.008081172866166275e+00 4.852821211555265885e-02
3.689135503805357486e-02 1.010661303341204631e+00 4.568574298085470442e-02
-5.073014646466015437e-02 9.994672904132360092e-01 4.715703855007541412e-02
-1.361064968959401489e-01 1.015333628756235562e+00 5.943341940717256078e-02
-2.008298734266793228e-02 9.892950870315413425e-01 5.384815344797413278e-02
-1.149652418118144309e-01 1.020157748844763512e+00 5.715120835864121590e-02
-1.124972224623120437e-01 1.007985573307025762e+00 5.280361769757160872e-02
-1.309852179205538425e-01 1.015797107910574537e+00 5.834667873355569440e-02
9.449261902248179412e-03 1.002281648875217757e+00 4.551393982396374077e-02
1.188303079847366495e-02 1.001837686288970630e+00 4.578098959896209630e-02
-1.082189045131162763e-01 9.980953723586597492e-01 5.474791539989495859e-02
-2.512409728131897307e-02 1.006359380249048474e+00 4.425555761588472609e-02
-1.495123507987485556e-01 1.023024688587864883e+00 6.827679954928871087e-02
4.816033933098318176e-02 1.007618255813554020e+00 4.693661498293200118e-02
-8.487654076530196101e-02 1.011050793155564342e+00 4.866365497850085736e-02
-1.372890490221082838e-01 1.020424867338196373e+00 6.258760967910681483e-02
-1.821804395672252386e-02 1.009521652401210501e+00 4.398833343796920703e-02
3.476262652219186400e-02 9.986298717321221430e-01 4.895159057862228519e-02
9.096158189219505363e-02 1.020528943757927465e+00 5.416917458916346156e-02
-1.363927249352461513e-01 1.014223072720659369e+00 5.909605170724987339e-02
-3.838309076692643373e-03 1.002984554940751893e+00 4.490019485913413627e-02
-7.003659334853529206e-02 1.004944474381291419e+00 4.706018085282793334e-02
-8.302311444475218849e-02 9.985010921018172558e-01 5.060206583029173283e-02
-1.277677897520195227e-01 1.016809862065545689e+00 5.803929886789153947e-02
-1.178630137307171144e-01 1.011322335364413405e+00 5.411761999774530874e-02
-1.311460409648549652e-01 1.022288163984542697e+00 6.243544074313293890e-02
-1.052884324778453062e-01 1.003044511937813077e+00 5.218321718915489710e-02
-7.414916831560679211e-02 9.936826185856610927e-01 5.265644407916326986e-02
7.318577242402077299e-02 1.007948097767975559e+00 5.011722250138739287e-02
1.534857969782569415e-02 1.005960693527869987e+00 4.479881961829527970e-02
-1.040194279497105995e-01 1.017036976955140837e+00 5.332619044655077106e-02
2.336250633306206914e-02 1.008863246267415859e+00 4.485294283809105470e-02
-8.922384765808651086e-02 1.002471846681205925e+00 4.985032090222817763e-02
-5.617931670302659525e-02 1.000353536581875868e+00 4.715058164250128525e-02
-8.248208856531244471e-02 1.003556887320799396e+00 4.869545413087741220e-02
-2.920395695467620234e-02 9.993993981249827963e-01 4.628830540125779269e-02
7.353767198030730645e-02 1.008197037214700664e+00 5.012271996014438374e-02
-1.331528458384287905e-01 1.016790158810408240e+00 5.933221017494660909e-02
9.291150508095313842e-04 9.947313413019815975e-01 4.927893897345066165e-02
-6.846395738171817680e-02 1.010861097485413751e+00 4.679656927448324483e-02
-1.118375632310673329e-01 1.010949704408988348e+00 5.288108216853476540e-02
4.277549675197198087e-02 1.009552691021300408e+00 4.620437628508825695e-02
6.033228384753439033e-02 1.002158794252575591e+00 5.014350175108243240e-02
-1.447436273551424568e-01 1.024119889241441372e+00 6.786572051393065241e-02
2.785898377981740892e-02 1.009196518751150684e+00 4.509833159799845476e-02
-7.491344810410630051e-02 1.000312920894569357e+00 4.884024624354385558e-02
-8.087054733419661579e-02 9.995003193345232129e-01 4.986277570699345491e-02
3.016466017433702337e-02 9.953317945433670655e-01 5.078210225414692830e-02
-2.535543692645936611e-03 1.003416218522084735e+00 4.480041857188354903e-02
7.037395383486248768e-02 1.018406875523718114e+00 5.029194234758540411e-02
-1.166912294422881025e-01 1.018246402663890882e+00 5.634559354251730129e-02
-1.342963254739377998e-02 1.002553614459298359e+00 4.493841953776289005e-02
-1.125473330425079133e-01 1.017670993331170948e+00 5.520848761113446995e-02
9.094726741549347127e-04 1.006219248934024701e+00 4.427416683413840787e-02
-2.680885536798041646e-02 9.989907407963695141e-01 4.642870166753904765e-02
-6.968691510284004409e-02 1.007268218999111342e+00 4.678430112310956457e-02
6.613852950488660620e-02 1.006442530299684224e+00 4.940605687016189768e-02
1.010936775693746931e-01 1.031241499440352039e+00 6.360615189831582417e-02
-1.148963700646753877e-02 1.002097320424801152e+00 4.509026194398609716e-02
3.803849154269285660e-02 1.012221684862390170e+00 4.582778635074428314e-02
7.612838972457608433e-02 1.020849349863186095e+00 5.197796587563667525e-02
-8.929808301537114912e-02 9.944058456980545690e-01 5.403693974157912361e-02
-4.967828582445894814e-02 1.005558483034265427e+00 4.535987305737529396e-02
-8.576297127617169003e-02 1.006162600656345329e+00 4.867792483997520486e-02
-7.755012650987519462e-03 9.977592857838106788e-01 4.705380859902937030e-02
7.858480604784801038e-02 1.019727154402901181e+00 5.187653360574593503e-02
-5.460226622029704102e-03 1.007941030062574850e+00 4.399542595323921446e-02
-1.076617504815635812e-01 9.984616143342962546e-01 5.444294669732670233e-02
8.177954221378982980e-02 1.020686918531776621e+00 5.273142336627478777e-02
4.565399156770609534e-02 9.965939181025939009e-01 5.155211323338232399e-02
1.670806592630753526e-02 1.006174571473326340e+00 4.482443669089321986e-02
5.137753632396260817e-02 1.006634434695783842e+00 4.746928420090225365e-02
-9.652283945291388612e-02 1.014821307002488959e+00 5.120513499586825529e-02
-5.445766357400532581e-02 9.979585415958793781e-01 4.812146598454443425e-02
-1.066530868365917206e-01 1.016609658120474879e+00 5.359721795704276009e-02
3.551674619463966731e-02 9.957513445987526968e-01 5.100224138600707724e-02
-3.780246657918225756e-02 9.945815422286752305e-01 4.934500391623800053e-02
6.680067312259278800e-03 1.009048445639940228e+00 4.416204441487229376e-02
-1.524952019610552878e-01 1.022985113522741241e+00 6.919345343511519586e-02
5.100128512374613177e-02 1.008215037958030580e+00 4.714588274196643281e-02
-1.221882163511450042e-01 1.010222135546601008e+00 5.486919165332863890e-02
2.568886244863984036e-02 1.010701078298841704e+00 4.494520048154019426e-02
-1.175101715057589868e-01 1.016441512341388576e+00 5.561314305191970842e-02
-3.572682236134933770e-02 9.981619057827816333e-01 4.706752202254889383e-02
-7.918941028992770859e-02 9.980964952901217879e-01 5.034133881147385969e-02
-6.439037580945922157e-02 9.917499380188222746e-01 5.332204356545064416e-02
-8.537585115623214094e-02 1.008138190672255297e+00 4.852760635715602094e-02
-3.661437242563487376e-02 9.935322359164192596e-01 5.009790472746662726e-02
-1.435353109490332124e-01 1.020309742769126116e+00 6.423920438836938640e-02
2.948698723687133774e-02 1.006133804745759974e+00 4.558591227879776192e-02
-6.690781367109741029e-02 1.006722934933095281e+00 4.655464873550895638e-02
6.650106250503273753e-03 9.968469389103368217e-01 4.804818068210521542e-02
-1.145717967124529890e-01 1.005977245527316821e+00 5.332964448031501242e-02
2.727113398938889322e-02 1.007812755734768473e+00 4.517650011490131901e-02
1.101374128867521618e-02 9.960115901573426411e-01 4.882450972573384312e-02
8.039620221732000915e-02 1.012259055797000595e+00 5.081303020453127595e-02
-2.146690346349114376e-02 9.965461160123640916e-01 4.769195902178081231e-02
-3.142213710788607783e-02 9.986301176785877809e-01 4.670436520853871870e-02
-1.132708139748896808e-01 1.015126421815535140e+00 5.422797611170192961e-02
9.127545813592688462e-02 1.020260856250540860e+00 5.412031089578044768e-02
-2.165455949384875040e-02 9.977960832580565764e-01 4.696944975127303329e-02
-7.697217898921551726e-02 1.001197615170067445e+00 4.873547815809407130e-02
8.825791820220527106e-02 1.026483406133767096e+00 5.708286538378035124e-02
-1.443430328950662256e-01 1.019633962584177933e+00 6.399712345667225855e-02
-6.152264174897521115e-02 1.005674044623236396e+00 4.619174951742590490e-02
3.267616244348450771e-02 1.006512437636851942e+00 4.574663095353779380e-02
-7.942606709074653826e-02 1.011333744489689934e+00 4.803517018390069532e-02
-2.215676576139684328e-03 9.954640563178328572e-01 4.863572125121510409e-02
-6.042090820246066862e-02 9.971988501340410815e-01 4.897512075253323410e-02
-7.456742410441746793e-02 1.009983887287688509e+00 4.733084929997696810e-02
-5.449162097259827031e-02 9.980135639620772992e-01 4.809519782707055019e-02
-4.770128141230020602e-02 1.010158623309947545e+00 4.509825224486143508e-02
-1.021673633716179003e-01 1.004182019902157164e+00 5.138341436779442911e-02
-8.345253041962191753e-02 1.003329252596139476e+00 4.886886565763050305e-02
-6.920692240275186369e-02 1.008069948856662679e+00 4.671408926253569488e-02
-1.318825542802706807e-02 1.008054575524915730e+00 4.396865418327536995e-02
9.769838967224320214e-02 1.027418796984010507e+00 5.943458183150892443e-02
-3.309604607510623075e-02 9.929693918018624998e-01 5.044985961146818826e-02
9.254104152502939939e-03 9.947832419415593153e-01 4.962621117933087300e-02
-1.502203006799202392e-02 9.915648439091400146e-01 5.155925156238827523e-02
-9.914077335982368622e-02 1.003906784940369112e+00 5.095117434838998538e-02
4.170525518384081420e-02 1.013769291513942683e+00 4.627229708526461871e-02
2.126316774300711365e-02 1.012589134365443622e+00 4.484177031770668342e-02
6.003289817497608344e-02 1.004620543448386805e+00 4.909992586614035648e-02
4.008703429639803861e-02 1.007621914985548317e+00 4.616710040825738881e-02
-2.206676519203726317e-02 9.944666216105620959e-01 4.910295187216783680e-02
6.938843596510266276e-02 1.019553696353635130e+00 5.056200862342792590e-02
5.858117154484447642e-02 1.014940489162910575e+00 4.805024630870530222e-02
5.329564635393911620e-02 1.001470136211060513e+00 4.951250199875440600e-02
4.853495278496730569e-02 1.004891545521245488e+00 4.760165146525662666e-02
-3.431698660793448818e-02 9.996108009550084272e-01 4.633332291364001404e-02
1.008509896647875187e-01 1.024508678080501500e+00 5.799567373638096768e-02
-8.091471136040956358e-02 1.013653424753609977e+00 4.869506935977188644e-02
-4.356568023659931205e-02 9.972913026976707451e-01 4.785180050404459068e-02
-5.158211897455562689e-02 9.978903990510162858e-01 4.796895474855061153e-02
-3.435047347327344069e-02 9.927734163123755895e-01 5.064775372001301817e-02
7.361416141444764027e-02 1.009884926709293751e+00 4.987720175419789459e-02
1.057532351242012336e-01 1.031035317581207922e+00 6.431513243736816654e-02
2.890542384503298062e-02 1.003839681503847947e+00 4.612014906219912697e-02
-3.044464382425826621e-02 9.998719626452631237e-01 4.611078263345914918e-02
2.933564575686931075e-02 1.011719103271418563e+00 4.520001813323119844e-02
-1.033568998492286894e-01 1.009562485282601063e+00 5.122516630796786208e-02
-2.229873736188555527e-02 9.936189475093677448e-01 4.975463449920466269e-02
-1.088661828573095763e-01 1.012093415398738205e+00 5.253337603925554294e-02
-7.146867211679494569e-03 1.006381006279386314e+00 4.413437478371005224e-02
-4.043715739636347117e-02 1.003373375427923486e+00 4.528889210191638232e-02
-1.270867381442515320e-01 1.013195862806492098e+00 5.652173148913171991e-02
-1.180866058103989258e-01 1.017963724161519146e+00 5.648180037842190360e-02
-7.027924280669860246e-02 9.944392135699277047e-01 5.166384218903276315e-02
5.940766794756058289e-02 1.013422198795926210e+00 4.795007818335945277e-02
-1.785729596661603247e-02 1.002986423112680603e+00 4.482164111653885730e-02
3.764616730758993390e-03 9.987691261962228229e-01 4.681739879145670885e-02
6.688769167265805338e-02 1.010682945119138365e+00 4.883758804752608151e-02
7.812841455178701211e-03 9.914750739157778270e-01 5.245042702676207952e-02
-1.155629972018940854e-01 1.019713278430841807e+00 5.698477714416682466e-02
-9.885353091625918853e-02 1.006346905823787496e+00 5.052768871192685890e-02
1.750837430705989850e-02 1.003792045395587529e+00 4.541326367207533521e-02
-6.305879748995441014e-02 9.979351981717615727e-01 4.879153383569755087e-02
-1.108278982892894615e-01 1.011449116428024375e+00 5.277180497073446358e-02
-5.040276208416887699e-02 9.961442741102699561e-01 4.889982299846059449e-02
-8.616377140041145410e-02 9.993985302893427791e-01 5.057841461001366667e-02
-7.993312935776494821e-02 1.000229471637802625e+00 4.944121656269866855e-02
-9.047082396429666218e-02 1.012996298630779002e+00 4.978394207371464320e-02
6.392482329262635932e-02 1.009525308255516896e+00 4.853308871238468103e-02
-7.025865460833788378e-02 1.003164161497673623e+00 4.744491186258196352e-02
-9.434134424423160081e-03 9.943067901981214041e-01 4.930593118067352898e-02
-1.109738109628436581e-01 1.018472039155494446e+00 5.533169203779442907e-02
1.441639842445457953e-02 9.963353709196502983e-01 4.880081062851380352e-02
1.097107901964673726e-02 1.004667300869302782e+00 4.488014219891181544e-02
-4.595330294808933069e-02 9.932662523168104274e-01 5.070598766875069469e-02
9.193385177768471916e-02 1.027321611927862088e+00 5.833516568520649703e-02
-1.434938418926764991e-02 9.954256841555239044e-01 4.842706943446443285e-02
-1.241705725738596888e-01 1.019497360052769475e+00 5.871146937829505724e-02
1.219863511162602721e-02 9.947030490322550378e-01 4.985845146255690752e-02
-5.929996792523291663e-03 1.000053574554118141e+00 4.593881293059928067e-02
-1.073738001359390848e-02 9.920717036324876448e-01 5.115500223271665647e-02
-4.534630568740190271e-02 1.001424122311571407e+00 4.609308230898869624e-02
-9.298214245054678417e-02 1.001458315198903382e+00 5.070375217170198373e-02
-1.377938621676759456e-01 1.024032158281339200e+00 6.577104934604577346e-02
5.657353959361396262e-02 1.009199748818601305e+00 4.765154235677014627e-02
-1.626813987834360709e-01 1.033836979323746075e+00 8.825349408016300301e-02
5.712879345504330575e-02 1.019223554182541625e+00 4.904829623259983340e-02
9.915877630162717171e-03 9.995421947182232536e-01 4.668206440437144139e-02
-1.003216374236432507e-01 1.002923727070212712e+00 5.138156847645553027e-02
-9.149632435439544742e-02 1.008254764607563692e+00 4.935037459687369177e-02
2.965256114039179283e-02 1.014046811595651576e+00 4.548202558715886551e-02
-1.050988166071424312e-01 1.003384524367425756e+00 5.206192377221276202e-02
7.013056905304237976e-05 9.943995567126803214e-01 4.950036821747627602e-02
-5.466288632322495455e-02 1.009190491853711569e+00 4.550565846543423026e-02
-7.724971619478740448e-02 9.948428906590989218e-01 5.213166558251403765e-02
-2.220235544995489974e-02 1.007741836534541635e+00 4.408056680163188051e-02
-1.448906440383981309e-01 1.017333234754800753e+00 6.275825690287338554e-02
-8.564840524682790224e-02 9.994376356151809526e-01 5.049275374098967373e-02
-1.253113182808429094e-01 1.008638428714478064e+00 5.544903723236754151e-02
1.558992674616035273e-02 1.009521396987670849e+00 4.445368813411888775e-02
-1.074145088122243075e-01 1.007261459749779542e+00 5.189317674256108126e-02
2.767117480422283393e-02 1.002187300055538799e+00 4.660083054501999028e-02
-4.139442327989284465e-02 9.893007061934077084e-01 5.424714334239354174e-02
1.895074223230824167e-02 9.987426394773472049e-01 4.760366147912229590e-02
-4.008213271262994759e-02 1.009648205290736511e+00 4.465490453018728517e-02
-7.060839395118448381e-02 9.947634310219657383e-01 5.146085721883785630e-02
4.259140974101198462e-02 1.014951715996256665e+00 4.653523916026919977e-02
-3.797332976325521608e-02 1.008827992616534441e+00 4.453723848697954679e-02
1.273926657598162260e-02 1.009193097825029417e+00 4.435095977529433103e-02
-6.439942454798072702e-02 9.921779134739213690e-01 5.293587531393982581e-02
2.992828052222828647e-02 1.009758789136123713e+00 4.520730390196268239e-02
6.480809779664481463e-02 1.020034775031460672e+00 5.019715956481469316e-02
3.967307961791191606e-02 1.008608854231292984e+00 4.601041768649614949e-02
9.204531783975493375e-02 1.020203610163925134e+00 5.423526397945797189e-02
7.134750486974233974e-03 9.972795962784588575e-01 4.780012074529110810e-02
5.621279710975402022e-02 1.003110527934006457e+00 4.915572964532929912e-02
3.452038415708394425e-02 1.007447370239420215e+00 4.573403344129579884e-02
-1.099019104362356086e-01 1.006047975629976055e+00 5.243690434594255878e-02
5.558748062303552756e-02 1.011424976457327318e+00 4.742663574996523052e-02
-5.589428702126771065e-02 1.007643280241672379e+00 4.559606299554158637e-02
5.849952487752306529e-02 1.017460834222619903e+00 4.860792670653975994e-02
5.359137077799272508e-02 9.991674858336694331e-01 5.083377267038232533e-02
6.493595755593797869e-02 1.009051379755494082e+00 4.872424049667155310e-02
8.019569736043440089e-02 1.019048714424780844e+00 5.187681239660537486e-02
6.319781589646236708e-02 1.013066888213038919e+00 4.837314334130186216e-02
1.813862496742797703e-02 1.007766898759575369e+00 4.467330712937337550e-02
-8.035855704290179036e-02 1.005179021417359042e+00 4.813418162970585501e-02
6.010199488437895088e-02 1.015569541038880530e+00 4.833172016478311933e-02
-2.795626025045745700e-02 1.005525537879350839e+00 4.443233339973688689e-02
-4.965633367730403619e-02 1.006526050726184174e+00 4.524812063889167846e-02
-1.028172197091893891e-01 1.014162232120604745e+00 5.200891392175208822e-02
-5.889411195164084845e-02 9.999821102511154969e-01 4.750032513395514161e-02
7.251815847212150778e-02 1.021733011619088582e+00 5.189926065939402117e-02
-8.432876061519058164e-02 1.004613079800628084e+00 4.870962758791528430e-02
-7.451003252497086227e-02 9.933154168148536911e-01 5.299309916196465881e-02
-1.652650121685863768e-02 1.002747492573733856e+00 4.488354039237098247e-02
-1.027828683537433674e-01 9.969903567715128201e-01 5.441251494057729177e-02
-8.809896877653679292e-02 1.005286239956444616e+00 4.909089711289602725e-02
-1.963574247395738492e-02 9.944628788417578802e-01 4.909767816505567622e-02
3.756820238162211778e-02 1.014753311589752460e+00 4.611887791256881475e-02
-8.442449042725924668e-02 1.004530347857170769e+00 4.873650396616989455e-02
-1.015336382965860151e-01 1.015733139575538901e+00 5.234404663433158550e-02
4.295928160711123822e-02 1.009811920796421347e+00 4.620645019328498831e-02
-4.927710327640904414e-02 9.923816385735434453e-01 5.162910430467471806e-02
-3.186226851837226093e-02 9.905603989824058875e-01 5.262226009311847530e-02
-8.970607678847783428e-02 1.012465957043844567e+00 4.955711498739574089e-02
-7.085880964222093792e-03 1.000726292325204048e+00 4.563666423352021745e-02
-6.355778482943766350e-02 9.918503163161120906e-01 5.315489051594027292e-02
-3.193898929597259462e-02 9.931225185753366214e-01 5.029479320915364315e-02
-5.466334918389824382e-02 1.006463522094237284e+00 4.558377279071943594e-02
-5.186140307709530967e-02 1.004048473514601580e+00 4.575654717469859745e-02
1.415633967877314922e-02 9.987014389524369040e-01 4.733522153739960769e-02
3.398281689110362047e-02 1.004334528504332358e+00 4.636813405388916925e-02
-9.645540215414463714e-02 1.006804963075827564e+00 5.012099242859810455e-02
3.894521977272461660e-02 1.003657447279068471e+00 4.701690269523815108e-02
-1.295071155871982405e-01 1.020697543184303058e+00 6.078986301201592946e-02
3.859327796536762833e-02 1.007950732329529808e+00 4.599402140210538670e-02
-5.405343850899409219e-02 1.002752974511937900e+00 4.621054826397402032e-02
-7.135590902658840717e-02 1.004242325996927088e+00 4.731501755324343805e-02
-9.137604502943619256e-02 1.004986881042416291e+00 4.958586618086522485e-02
4.727951220549309053e-02 1.014492261383539207e+00 4.685079479989551904e-02
-9.289855603863472755e-02 1.011445437436087724e+00 4.981782217201018853e-02
7.863352255343802194e-03 9.951439780745631181e-01 4.928002516363721996e-02
-1.011050311356947728e-01 1.003484760877143778e+00 5.136484338860778515e-02
-2.942017758074094713e-02 9.904791851158132321e-01 5.265615692809091225e-02
-1.125968165758022277e-01 1.001247546844070246e+00 5.410915472232111917e-02
-5.819328610740678864e-02 9.992785246397144494e-01 4.774957519204960782e-02
-1.431609981399489806e-03 1.002015916748005386e+00 4.525894836989256126e-02
-8.327285412041721124e-02 9.949735872990485008e-01 5.278287923727811859e-02
-1.086302456122299059e-01 1.006246063166202021e+00 5.218470096437530931e-02
9.068626980231926649e-03 9.936018569109813514e-01 5.056922035702551832e-02
5.686548620351333794e-02 1.000692401010312427e+00 5.039790782650041545e-02
-1.033722791677965935e-01 1.008256758926406427e+00 5.117726368191031355e-02
-1.520647647827749749e-03 1.006680214663748352e+00 4.416482088736865819e-02
8.522193269549035999e-02 1.024821527024239343e+00 5.544892165632760855e-02
4.124255983282386351e-03 9.913939341174867748e-01 5.232615980828220908e-02
-3.088406244414354518e-02 1.005873936923732170e+00 4.446309160359129820e-02
-2.824349603977395484e-02 9.915622271070416716e-01 5.158700970921023532e-02
-7.502829939472047127e-02 1.002736248730181856e+00 4.804527200579621765e-02
8.632451198548184157e-03 1.011349762370836514e+00 4.426469718044342277e-02
-1.261366816656503964e-01 1.009724322289709209e+00 5.569079751808633794e-02
-3.956095046431777618e-02 1.004986005728531806e+00 4.491685620079587105e-02
-6.193173514160342508e-02 1.003597002198937105e+00 4.659219681465612967e-02
5.115409736363246695e-02 1.006131514017488460e+00 4.755955118713111468e-02
-1.522987136565363275e-01 1.027255798439855816e+00 7.382287580514698688e-02
5.060060130633707576e-02 9.970003765683868036e-01 5.190644543438319158e-02
1.607508613756585686e-02 1.003442122078461063e+00 4.544195611264414264e-02
-8.355960404248685691e-03 9.910807894102925397e-01 5.215196256289383880e-02
6.026058526672814497e-02 1.009040203431733618e+00 4.811618665591640975e-02
1.287030595813324317e-02 1.000204546339605427e+00 4.651094690070550763e-02
1.282422022870440687e-02 9.923040353713036277e-01 5.196594341001154610e-02
-7.214081691060213186e-02 1.004667103041929410e+00 4.731598045317545603e-02
1.566509846585560639e-02 9.997449366494521872e-01 4.688033299217145983e-02
3.208040278056251138e-02 1.012193426507908889e+00 4.540611370465804514e-02
-3.813010435324507008e-02 9.945273676785353345e-01 4.939610607671467146e-02
-3.543309787534222599e-02 9.977332956805090580e-01 4.728313826645717116e-02
-2.406207161308386577e-02 1.009544485868233421e+00 4.409160890315328568e-02
-5.165054692725862956e-02 9.942811952156096478e-01 5.024822140772387119e-02
3.242083970221611156e-02 1.011166553821341241e+00 4.537301904153288878e-02
-9.603713076057297793e-02 1.004425024109875997e+00 5.036441376964976430e-02
-9.535651613380650982e-02 1.006118184906887869e+00 5.001446267540752416e-02
4.494659728568060897e-02 1.011066600239520774e+00 4.635711773124685103e-02
-7.467374375669735831e-02 1.007883772655416399e+00 4.727355657829598878e-02
-1.050388715417825553e-01 1.002745380915564199e+00 5.222279518594306891e-02
-9.116952230811076197e-03 9.945960401772134807e-01 4.909311966742278127e-02
-2.799875731307204657e-02 1.005322940017022271e+00 4.446511422389173851e-02
-6.265119484177819609e-02 1.000643568281502915e+00 4.754058639344930365e-02
9.784336081062189328e-03 9.906320261435004326e-01 5.344104923683067054e-02
-1.582242624056338226e-02 9.974658903869865201e-01 4.713831235419464749e-02
7.035265535274681792e-02 1.009587914294160393e+00 4.942160643386756674e-02
1.117288721855722589e-01 1.033291835326924701e+00 6.813986773491577387e-02
3.029596939030677200e-02 1.000553976985367743e+00 4.751428652565321820e-02
-1.267595484822617857e-01 1.022045926602010102e+00 6.115574580711276992e-02
1.142262313630028892e-01 1.034560840344533883e+00 7.031833112981460132e-02
1.552562482049323067e-02 9.933138191050101540e-01 5.123158866899147484e-02
7.785075797549564913e-02 1.013016045137079546e+00 5.041485714219042652e-02
6.997521911361352653e-02 1.010843064187039175e+00 4.925934092721837715e-02
-1.131888907234639696e-01 1.009999852590463210e+00 5.302220471498956395e-02
-4.296364285968717889e-03 1.004162659616181008e+00 4.457819120487428732e-02
-7.230613574668769139e-02 9.977114240089376418e-01 4.978246907183093289e-02
2.742108858537704169e-02 1.009551687636466077e+00 4.505581135621247041e-02
-5.617865729093814847e-02 9.972472550199399377e-01 4.862664272322693437e-02
8.388913190529742603e-02 1.022213004182427554e+00 5.375345959531033224e-02
-1.255106642290107766e-01 1.009876926201413339e+00 5.556320443679910875e-02
7.212515586696839620e-03 1.007560760942608047e+00 4.427017492366135815e-02
7.330113321296055640e-02 1.018123209478402069e+00 5.059477629630992207e-02
4.666591766141825470e-02 1.009874816055899460e+00 4.654534680619789450e-02
4.600862457775720810e-02 1.004463383723056547e+00 4.745927973176133907e-02
-4.281496110771599445e-02 9.912896956226400214e-01 5.228207014118218393e-02
1.932320461650294252e-02 9.920578622327119733e-01 5.269418822405851771e-02
7.098671404615740366e-02 1.022046934845221466e+00 5.185888226603684037e-02
-1.252400606125971677e-02 9.938388842609788831e-01 4.962028179599301675e-02
9.927736167529907507e-02 1.023146771002758637e+00 5.691220412170606285e-02
5.056905605342942867e-03 1.002687662147865755e+00 4.521504289102944857e-02
-6.064154494215529684e-02 1.010783397106923998e+00 4.608445224806689833e-02
6.126399339349025697e-03 1.005326132197303934e+00 4.456514801283366356e-02
-1.425652090065201438e-01 1.023791840124461894e+00 6.689748190313606069e-02
-6.846651549075027932e-02 9.910894150404749858e-01 5.433917043214724768e-02
4.493987497240067158e-02 1.003023610468696258e+00 4.784624141744397291e-02
4.715639407046787190e-02 1.004279569532793959e+00 4.764099779552313091e-02
-4.959762442500945806e-02 1.006239606201330128e+00 4.527264759034955316e-02
-4.415967982444359008e-02 1.008516228965587347e+00 4.483777038621920147e-02
-1.282584414192890210e-01 1.023538503834908298e+00 6.280428593595538400e-02
-6.749156556808660890e-02 9.991181405992748399e-01 4.860525024573956326e-02
-5.894746006589060561e-02 1.004475912720799613e+00 4.617354280317655102e-02
7.071018543457346928e-03 1.007982796801825343e+00 4.422937916734506064e-02
-3.233942233923914333e-02 9.979370823016640024e-01 4.708176162909159107e-02
-1.157575588830619950e-01 1.014860417661076486e+00 5.462095449665416158e-02
5.213201259838316781e-02 1.006390758268188357e+00 4.760914935037540568e-02
7.193542773626622477e-02 1.011849996329869050e+00 4.950902757921093328e-02
-1.249501917939053325e-01 1.008698287869258525e+00 5.536995246145578337e-02
-1.136954866881516035e-01 1.006496273141552100e+00 5.310596669242401840e-02
-6.730681092717318015e-02 1.002929238347036289e+00 4.722375361618588036e-02
9.166983793103380962e-02 1.023865177201983556e+00 5.591907484437189796e-02
-1.349308960927037004e-01 1.023443764380768783e+00 6.443379002279739365e-02
8.248192681347404909e-02 1.023530826712613973e+00 5.424393725962756846e-02
2.696903698515337733e-02 1.013485195366903735e+00 4.524352116932809503e-02
-5.882951039304563229e-02 9.975287458810870866e-01 4.866724771536007355e-02
-8.205961247753416898e-02 1.013297827654286998e+00 4.874466784084473259e-02
5.051189188800064844e-02 1.012192876731426328e+00 4.691445679854506362e-02
-2.917184329999563189e-02 1.003320852217802317e+00 4.491023442443586866e-02
-1.190480609338498419e-02 9.959888811291603972e-01 4.807192168100603985e-02
-6.138155180412034617e-02 1.010783929982239426e+00 4.614638465713322840e-02
6.535531707501590626e-02 1.006535941538363677e+00 4.926904716145411728e-02
4.655573618532875269e-02 9.980822431311412446e-01 5.060799946670146987e-02
7.335161888113922446e-02 1.019342023535076525e+00 5.100092539364718680e-02
-3.416568591546126354e-02 1.000532266574523099e+00 4.594808322457996641e-02
-1.581193422698493056e-02 9.968695501456110719e-01 4.748716265499663969e-02
7.879736218885219357e-02 1.015214543548685677e+00 5.075559060254716814e-02
2.790576865739607948e-03 9.940788407000489268e-01 4.986239041128069649e-02
-1.170646758594760806e-02 1.002067276525032247e+00 4.509904615792316440e-02
-1.081861734429894473e-01 1.010140990224661195e+00 5.211125211946564945e-02
-2.254890447720328886e-02 9.908298112211307851e-01 5.223721221143601268e-02
-1.369085377891588740e-01 1.012694692892330162e+00 5.878037787970436662e-02
-3.788552342277759499e-02 9.961899142986939681e-01 4.826477090420171895e-02
7.343544715157696023e-02 1.012658701272178163e+00 4.973468507169742647e-02
6.354764003772966907e-03 9.979008742696638956e-01 4.739682380439643600e-02
-1.444849966603350133e-01 1.023192391755328501e+00 6.689536443466986837e-02
-1.565907238810071433e-01 1.030529527174930626e+00 8.001017691069790827e-02
-2.124849113973979048e-02 1.005451929582935389e+00 4.431319981028303268e-02
-1.203805321240055196e-02 1.004226802424152076e+00 4.449612514579334710e-02
-1.225609912361587533e-01 1.021547083672910805e+00 5.978298195466295872e-02
-7.544315606982127109e-02 1.010143560951446862e+00 4.743973009426320775e-02
-1.187924514681434479e-01 1.015690641086677060e+00 5.555803512309848841e-02
5.902205910233385144e-02 1.005939141005043558e+00 4.856268001972421922e-02
6.750946904764419665e-02 1.004390277266020259e+00 5.026605144558340954e-02
-1.272365834693656717e-01 1.010984668194247593e+00 5.608714879193193309e-02
-9.606727426888990451e-02 1.010505403406816161e+00 5.015457667697496846e-02
-6.411058953150131079e-02 1.007653140280225790e+00 4.625374377327702569e-02
-1.166959391052032613e-01 1.008779397888488027e+00 5.362973402596913491e-02
-6.837155472977884951e-02 1.006371086615262200e+00 4.672073189500614704e-02
-1.132844485451863364e-01 1.006200257377125373e+00 5.305550855134998078e-02
4.583083634198073519e-02 1.012511720321365827e+00 4.649193461679970718e-02
2.344435077307782667e-02 1.008227712728605230e+00 4.490504410906131366e-02
-4.922080664527447164e-02 9.903615563922797405e-01 5.352337718263105310e-02
-4.682995197928818687e-02 9.995081191526694608e-01 4.691430981037009867e-02
7.878062298271462649e-02 1.014065119978355911e+00 5.062291460874401156e-02
1.027168303573581798e-01 1.028094863356260991e+00 6.094766348131115674e-02
-1.458029756308831804e-02 1.000029971282290875e+00 4.586346025775844826e-02
-3.075341738071231401e-04 1.008115363419063382e+00 4.405078841759810238e-02
1.484241073088463092e-03 1.001023207924213398e+00 4.570457083667217590e-02
-9.340196439171485898e-03 1.008211900571001962e+00 4.395863217343590895e-02
-4.988663348567808076e-02 1.004017973202127934e+00 4.563926326340449896e-02
3.834626454599920908e-03 9.993149517817563332e-01 4.654285560298029173e-02
-1.153962102888015095e-01 1.015994578435310158e+00 5.498982988735548472e-02
-4.116607102441824373e-02 9.966185188989036270e-01 4.813291297324300000e-02
3.958245218647353514e-02 9.969864041897651408e-01 5.053223043453031194e-02
-3.035567058867642831e-02 1.006821517495988250e+00 4.434110802450488137e-02
-3.215856430803360616e-02 9.912419391543398905e-01 5.196358211016197104e-02
-1.949198347245872931e-02 9.948752805116887199e-01 4.879644111401690992e-02
-9.344894035556024214e-02 9.963650429600713343e-01 5.327618829044515614e-02
8.582959339033455204e-02 1.024956401607456824e+00 5.563131490818655489e-02
9.397391686399061972e-02 1.024488141741735747e+00 5.669599702747528391e-02
-1.498534249284409203e-01 1.022082800557166715e+00 6.754108453310440907e-02
3.720127643186091349e-02 9.958464533379164374e-01 5.111285213363720575e-02
-6.961691705156211607e-02 1.007593659570576561e+00 4.676424438863381605e-02
6.761836573830326547e-02 1.013063826631679598e+00 4.893894992271314442e-02
2.776053858989595280e-02 9.991497105559020708e-01 4.802654252028430715e-02
-4.062615976457070732e-02 1.004918185522003293e+00 4.497592407731537678e-02
-4.945879108998467444e-02 1.002023530420051101e+00 4.612862496298389403e-02
-9.915492414206694693e-03 1.006105360371772228e+00 4.415618438270775548e-02
9.365962139919921381e-03 1.003654532283512868e+00 4.507829071039046176e-02
-6.033150264518821748e-02 1.003843983656098171e+00 4.640819487583412034e-02
-1.279288474964186684e-01 1.019400171858728221e+00 5.952526572801278282e-02
1.728300291160171295e-02 1.008758911693126592e+00 4.455511071037136089e-02
4.593936939326516422e-02 1.015877661207925664e+00 4.700370353804057821e-02
2.501604790775844439e-02 9.968119938979864703e-01 4.923682591951802912e-02
4.889758731176419015e-03 9.910836223989178961e-01 5.267812439663450280e-02
3.711244588974768610e-02 1.002215116846013387e+00 4.738157361996182815e-02
8.468491780060478924e-02 1.018236999615740990e+00 5.233058625589217389e-02
9.576424205246775179e-02 1.028646622078187578e+00 6.010946437045848467e-02
2.506749143114287565e-02 9.995938075488207675e-01 4.757785483100473306e-02
-1.221474485640510199e-01 1.020344103626914967e+00 5.881583432741878392e-02
-1.085585266137789329e-01 1.014906116468724306e+00 5.326178882797070330e-02
-1.071068694799002519e-01 1.003071869057953425e+00 5.249630862409929155e-02
-3.114868692780474457e-02 9.911781152312322263e-01 5.200215685834019136e-02
2.583259835561042481e-02 1.001045804359402824e+00 4.693752080870806226e-02
3.730883097358236866e-03 9.991981160930706318e-01 4.659708008696376164e-02
-1.507936336094987673e-01 1.028511304955159522e+00 7.497986246710847125e-02
-1.376619440470900346e-01 1.017539895108969805e+00 6.087481804153944270e-02
-2.097641959567353442e-03 9.936562721392143693e-01 5.001546229943624328e-02
5.013136417103822295e-02 1.009356231645748725e+00 4.692628156962498631e-02
-1.330225407047004038e-01 1.022101305619259159e+00 6.276032386935827267e-02
-4.505060421814591209e-02 1.002923562842553240e+00 4.562568266023713653e-02
8.583243579211956992e-03 9.961411830535923384e-01 4.860627021689032518e-02
-1.325826567458054106e-01 1.010514271744321180e+00 5.728669199942815898e-02
-4.566221700224956659e-03 9.931867826622542417e-01 5.032715786263180363e-02
6.688813709525059936e-02 1.014969153231507271e+00 4.904334007545551460e-02
7.261058004882217642e-02 1.020843367104372179e+00 5.150036151960266095e-02
5.977486917438505631e-02 1.019187721656650503e+00 4.930969727271244940e-02
-7.519238168816452794e-02 1.003860282984131436e+00 4.779105169995484514e-02
-1.311630490089423229e-01 1.022544678553834796e+00 6.265571237755010459e-02
2.015609507563962191e-02 1.006263433434279930e+00 4.498369528327389455e-02
6.641139358017508765e-02 1.011328122137763685e+00 4.874793568984708836e-02
-1.119163092465170692e-02 9.992513030606078317e-01 4.623578315316067416e-02
-1.628168001103059148e-01 1.029318992737797478e+00 8.048481260820677941e-02
-8.138027136961184516e-02 1.006465459702086340e+00 4.810559521654929338e-02
4.552018157025386480e-02 9.988666780869803752e-01 4.997824372177032265e-02
7.552763883697866110e-02 1.016591297971948915e+00 5.051444830128765107e-02
-4.782564229161512248e-03 1.001213817722402366e+00 4.548269336391776163e-02
-1.179418284876753292e-01 1.005052405562935514e+00 5.413692344083546187e-02
-4.044360175203434715e-02 9.929277534295042340e-01 5.072869563038716334e-02
-9.697655680624958641e-02 1.011665992264367153e+00 5.046399819810442472e-02
-1.000104567165147895e-01 1.005813184628902235e+00 5.076743492632349725e-02
-1.478994765043928072e-01 1.025850876459866612e+00 7.068956791441215193e-02
2.768946659415631728e-02 1.010904914166565804e+00 4.506568728838648841e-02
5.543732467822712340e-02 1.018122105779908582e+00 4.849418343896336192e-02
-2.619074556316167146e-02 1.007329454718052908e+00 4.418878398436855426e-02
-5.169185286029721882e-02 9.984575962038646502e-01 4.768713220098563799e-02
8.647677276229798204e-02 1.021498044282406203e+00 5.382414606889217995e-02
-4.295583364453785247e-02 9.981831450431871700e-01 4.734626439654034818e-02
1.095361877990911337e-01 1.031625974233228771e+00 6.574181306023064997e-02
-1.163153990027323698e-01 1.013612570352496300e+00 5.432864106532269560e-02
8.625117540097931856e-02 1.020648149650728032e+00 5.342045209587005516e-02
-4.737158256548468227e-02 9.932385122859668236e-01 5.080373949823951268e-02
-2.450232778334224260e-02 1.008436708713444929e+00 4.409879559571074775e-02
-3.203680239870864560e-02 9.948972972932456083e-01 4.894429166052596814e-02
-1.644535103958377764e-02 1.002611893304985458e+00 4.492342197437675794e-02
-1.495688900113861797e-01 1.029323838152540915e+00 7.571648619798007629e-02
-1.109363313426541819e-01 1.012457127614084129e+00 5.299174799885347092e-02
5.617432889513926386e-02 1.001075990828328877e+00 5.009695249175558085e-02
1.323200840844997173e-02 1.000583709743002814e+00 4.635823320147054033e-02
8.206207899947073892e-02 1.021522032687340653e+00 5.314149157695126358e-02
3.900320920187674845e-02 1.003126790405186597e+00 4.720821173005586291e-02
-1.059205390729596741e-01 1.017147031817207559e+00 5.371297253541244127e-02
-4.317225908767745313e-02 1.001746306426467337e+00 4.587743911230113963e-02
-3.837499317717943392e-02 9.986538529084233451e-01 4.691698312542953025e-02
-3.189917940524324147e-02 1.005834711775601686e+00 4.449964369143715598e-02
-8.110035997919227968e-02 9.933895855538601438e-01 5.372333842362412432e-02
6.843201815248486919e-03 9.914574454921102342e-01 5.241134217080867241e-02
-1.041625121729156250e-01 1.010720684360058241e+00 5.147865210890844451e-02
8.184035250290719321e-02 1.015375987925348999e+00 5.125851287573717635e-02
6.845124131741767148e-02 1.017498847633777848e+00 4.977821365456563257e-02
-1.026272219338544289e-01 1.010999420499447687e+00 5.125969910515460609e-02
-6.882026724986928246e-02 1.005522686741181504e+00 4.685831241618663295e-02
-7.444569743337844936e-02 1.005265465553388360e+00 4.746021875067663737e-02
-1.198145352886508530e-01 1.010326419413462906e+00 5.437893444672869253e-02
-1.256413304992783919e-01 1.018604028976759723e+00 5.850194696164622704e-02
-1.027605595623252155e-01 1.002483971644234861e+00 5.190956969818801003e-02
2.856463979830712110e-02 9.963709436632830485e-01 4.985082643612444298e-02
-7.806349854536315247e-02 1.010616195978946141e+00 4.778176798452288959e-02
-5.424022642444032566e-02 9.982550604810289663e-01 4.795465051959309916e-02
6.462938478996516078e-02 1.012223490137842186e+00 4.851495953948567474e-02
-9.778961922840179177e-02 9.988599143818610582e-01 5.253197640896111603e-02
-2.334318119858991292e-02 9.894162853646203404e-01 5.371337930971595287e-02
3.522510797852027031e-02 9.942599210176648050e-01 5.220233102760930138e-02
-2.559915181968608344e-02 1.002506885306946316e+00 4.505588370474862547e-02
-7.298416880677857654e-02 1.003754071908283807e+00 4.758135155543346401e-02
4.682735318858666229e-02 1.004412769824663210e+00 4.756265874237998459e-02
2.757576233389014836e-02 9.974897462614780164e-01 4.900228552140698662e-02
-1.561360560909080819e-01 1.030735634204953177e+00 8.017359547008584553e-02
4.324549590350907496e-02 1.006481444041610107e+00 4.665757302516051336e-02
-1.760322740460916469e-02 1.004329258051394280e+00 4.448668874874193990e-02
-4.943618209284220133e-02 1.007177377460401146e+00 4.518473309180730257e-02
-8.739986241893940577e-02 9.945495502642164309e-01 5.365547503711892013e-02
8.096233089358734203e-02 1.014794385253429132e+00 5.104167776021731329e-02
2.439697971669838733e-02 1.007827927160656278e+00 4.499937474955399697e-02
8.143127715241962883e-03 9.943555189403737726e-01 4.990029336290555811e-02
-8.866631512254730119e-02 9.952994908174020994e-01 5.328809506574733873e-02
6.224598822986252000e-02 1.018588479466439267e+00 4.936835630687250176e-02
-7.103379479196579582e-02 9.932615981801041771e-01 5.265972012266756375e-02
-1.280141074833421044e-01 1.015984830766150315e+00 5.771990457660707702e-02
5.609939686564965888e-02 1.008495112202846711e+00 4.768119873903013672e-02
-7.190045259062086136e-02 9.999301966832254696e-01 4.867999592051738822e-02
-1.425370120923711015e-01 1.024184578998389439e+00 6.727489212043918920e-02
3.231793881316553929e-02 1.004761565196241824e+00 4.611486990587388562e-02
1.676435133360867219e-02 9.941366912462877847e-01 5.061648868194262851e-02
7.578990539553602523e-02 1.021078280574121866e+00 5.203186146797075806e-02
5.382983920595396654e-02 1.009319972847921631e+00 4.732657473635923373e-02
-1.156211039582588640e-01 1.012730999954447153e+00 5.395593960443861858e-02
2.717225011539960849e-02 1.006607822990029488e+00 4.534168123589646382e-02
-9.772503032147589197e-02 9.976545688679570034e-01 5.316529135660042621e-02
7.784626407411110449e-02 1.019527654846832387e+00 5.169600456282760770e-02
-7.795269511191249556e-02 1.010121971800228557e+00 4.771815981849811955e-02
-4.698623392340461891e-02 9.983572766570116830e-01 4.746152949967228502e-02
1.936168566983673123e-02 9.958264133429027831e-01 4.949156614324442399e-02
5.648418501523036483e-02 1.017162784502034567e+00 4.831360075518405239e-02
-7.912747372071358976e-02 1.004904131918886057e+00 4.803340601861845471e-02
9.650098026441258914e-02 1.021714895376027110e+00 5.567804133616355289e-02
4.779815669179604543e-02 1.015157122036068671e+00 4.701409197366603759e-02
-6.610693966132646926e-02 9.920924388676659600e-01 5.317083650517523408e-02
7.338223723953124500e-03 1.002551051088867995e+00 4.533958610554913310e-02
-6.769009479310225674e-02 1.007295955908064089e+00 4.659211900439396564e-02
7.894151010992903061e-02 1.014510393903909513e+00 5.069058838322974825e-02
-1.059739338655548979e-01 1.000021522716474154e+00 5.337374712321469455e-02
-1.270751622472082176e-01 1.013377252848385535e+00 5.656960361828781286e-02
1.980302806483132116e-02 9.925484131628494744e-01 5.226050286981229198e-02
5.436701474699889153e-02 9.998053834321937172e-01 5.055362657921200209e-02
5.244954698631620893e-03 9.955292782896646431e-01 4.887337970070661231e-02
4.102196201897723160e-03 1.002319524103112203e+00 4.530575649317811898e-02
-1.125677850378520167e-01 1.010710292036316238e+00 5.298551415177497198e-02
8.035333403416661247e-02 1.019250796782553925e+00 5.196902076653637376e-02
6.378950457011234310e-02 1.015123491741062089e+00 4.868256341670713916e-02
-9.812303674312933266e-03 1.005270037441748920e+00 4.429140854571735758e-02
-4.281399574741991121e-02 9.894763556913828140e-01 5.411761801815973688e-02
-1.751814206365219506e-02 1.006004653394733772e+00 4.418844509798647985e-02
-7.667579834149349308e-03 1.000904505155805646e+00 4.555748069937367445e-02
-4.059861829110145148e-02 9.998014584810399619e-01 4.648582953092564307e-02
-8.222061787653758835e-02 1.011586273235618227e+00 4.841136952601100135e-02
-7.695657186300167152e-02 9.979469482422176352e-01 5.016151905760408286e-02
-7.449813970588432810e-02 1.001075721254890860e+00 4.850837523759606029e-02
-6.125616088863125586e-02 9.903384943909208094e-01 5.441476443934278179e-02
2.666939416324306047e-02 1.011872311431362803e+00 4.505353601818101739e-02
2.684288583428420805e-02 1.001079615171967641e+00 4.699788532534113911e-02
-1.139993001970528441e-01 1.018518180679190976e+00 5.595062091697517587e-02
9.823421394660855621e-02 1.023130251122373213e+00 5.670273074663557955e-02
-3.381558039881216171e-02 9.894863850958085516e-01 5.378848697926753852e-02
-3.849889893839310295e-03 9.924479744362582068e-01 5.099448434062611030e-02
-9.644363654911369821e-02 1.002439704825515365e+00 5.090737814167003300e-02
5.184898497723459260e-02 1.018118995943662064e+00 4.814888069812777588e-02
6.880807797756671729e-02 1.017759642624819216e+00 4.989635411895138040e-02
-3.268675672253543163e-02 1.008841967597187361e+00 4.432855021652300220e-02
-4.521238986256911896e-02 1.003096172446921397e+00 4.558919004946357378e-02
3.007207801420927473e-03 9.928278748162027156e-01 5.092659182108587312e-02
-8.020999919989768578e-02 1.011052238079529486e+00 4.808740005591184002e-02
-6.727641943928854007e-02 1.000490267903315855e+00 4.800615286040455648e-02
-1.253992058197558601e-01 1.007263630393684162e+00 5.548986090951024686e-02
2.754820586327744181e-02 9.993939720165981866e-01 4.787673890731241472e-02
-3.296688850125166492e-02 1.007244086552572027e+00 4.439131211101184776e-02
-5.388319100225488767e-02 9.918078052410709278e-01 5.243078263202974321e-02
-2.076269850179627424e-02 1.009086053060792798e+00 4.402076692192742613e-02
-5.792692759974814309e-02 9.962929023313433774e-01 4.931752300193568278e-02
-2.041023586906401399e-02 1.008547787262580320e+00 4.401993418506507105e-02
-4.079707797814224879e-02 1.008628977053578124e+00 4.466642391518122618e-02
4.433679403989319867e-02 1.004895578746988205e+00 4.715642352659786540e-02
-8.695388924286506782e-03 9.946409379392511241e-01 4.906777463681373519e-02
2.492895471548831413e-02 1.007195985061915433e+00 4.510949059685256252e-02
1.328858739307101078e-02 9.967120880567096330e-01 4.848048799783791912e-02
-1.129119495941441759e-01 1.012933673935030088e+00 5.347826988061898934e-02
6.194991363326470685e-02 1.012604911270585273e+00 4.819417161582618958e-02
-1.057553810330423560e-02 9.901628841121432600e-01 5.303619728499599922e-02
-1.153999358177945356e-01 1.020189148426270176e+00 5.726137090147648268e-02
-1.403569986999853580e-01 1.016385841541276758e+00 6.101572330925327664e-02
9.270967640553978706e-02 1.019594256382821751e+00 5.413573520996478594e-02
6.282454183317638663e-03 1.010035584098167405e+00 4.414540838248520033e-02
-4.801735646074992148e-02 9.903275282873499341e-01 5.348861265270061366e-02
-1.361565968986358510e-03 9.941344773041067562e-01 4.965614743979736290e-02
-1.048042824344266599e-01 1.004579821644392634e+00 5.175014114243019908e-02
-6.995507747478856009e-02 1.000292407188135613e+00 4.833846985256635281e-02
-1.194049112371206728e-01 1.007964335856267546e+00 5.417368316246094079e-02
-5.042680082536989128e-02 9.926942354816513658e-01 5.143011572366257972e-02
-1.108119495319565412e-01 1.013622003053171960e+00 5.326635901038818260e-02
9.008980746586042754e-03 9.952750517573309974e-01 4.924283051796256305e-02
5.166620130818342510e-02 1.003322503247181530e+00 4.849794859605483649e-02
-8.391850581883703031e-02 1.000421238310712724e+00 4.985273604513190682e-02
3.913897983018451571e-02 9.979488441792288000e-01 4.982793620990584593e-02
6.521341644392457393e-02 1.015716909355304010e+00 4.896135699080533810e-02
-1.351427527103061382e-03 1.008377821385728845e+00 4.401962399822205441e-02
7.254548128382530547e-02 1.018568229037098982e+00 5.062976148745157445e-02
2.687045674560741004e-02 9.998912562885230448e-01 4.756378081665907365e-02
-8.657449266300487611e-02 9.942088832024191802e-01 5.380008664985023309e-02
-1.046662599017331163e-01 1.000447834592064655e+00 5.296009851063069457e-02
3.914515344261423890e-02 1.009995225199329383e+00 4.587435462952323129e-02
-1.276772689925072812e-01 1.015366901009160827e+00 5.738498070606021240e-02
5.771318371219627541e-02 1.010763460826557436e+00 4.767738841774164099e-02
5.430792175299094943e-02 9.985706082191263544e-01 5.131838461768152559e-02
4.518218282324375223e-02 1.001784906376776974e+00 4.838859991662680660e-02
-1.609959280420304450e-01 1.032050761183334942e+00 8.423606579301870512e-02
-1.029810305418748795e-01 1.000446543670550748e+00 5.266909933734194305e-02
9.405018390912095461e-04 1.000214974089434605e+00 4.602840852861513760e-02
-8.351841807930991679e-02 1.004765940495993437e+00 4.858185490649522681e-02
-2.908077954221088834e-02 9.918690849580353852e-01 5.131858879014425390e-02
-6.036644871051459471e-02 1.005578107793839049e+00 4.611053036965658686e-02
-4.049250970134303518e-02 1.002427702114401242e+00 4.554465284163964484e-02
-1.173834697292535090e-01 1.003201567949738804e+00 5.443108993206983298e-02
-2.370218065362010573e-02 9.893563401914701183e-01 5.378058784062737796e-02
1.774500746366003065e-02 1.012180410183418644e+00 4.464577532292983431e-02
-6.378284549655571789e-02 1.005070008987631880e+00 4.646666809432983825e-02
1.023249375822299773e-01 1.027731300336077735e+00 6.057064004432907017e-02
-9.453798015366415841e-02 1.008908900810247200e+00 4.980242703082287531e-02
-7.402531741700206502e-02 9.998858741369632819e-01 4.891963205786845764e-02
-5.275817406210873972e-02 9.986672204862928615e-01 4.765310372906916142e-02
-3.410259763136525013e-03 1.002091634045157331e+00 4.519156935961500532e-02
-1.084368206236349386e-01 1.007068081029687034e+00 5.208539523449278591e-02
8.072556481617063073e-02 1.015131551997706216e+00 5.104609392389129752e-02
-1.280140070854721840e-02 9.966623900521665025e-01 4.763292149687663180e-02
6.094183321064458592e-02 1.010726948502140399e+00 4.806504224399203024e-02
-9.967619271428392047e-02 1.008313048691208413e+00 5.057525918187689290e-02
