-7.123400501747684244e-02 1.048613916429957049e+00 5.689617620938526299e-01
1.115793516197388646e-01 1.046541676962328360e+00 5.727359475794673305e-01
-1.079254314734725134e-01 9.983122693455903640e-01 5.960984351265607994e-01
2.098575284111712236e-01 1.086969341362524544e+00 5.688410474543872386e-01
8.347435883216561270e-02 9.753119522049918944e-01 6.178747292993125306e-01
-1.306837727969470953e-01 1.022919726858571465e+00 5.816912379318673887e-01
-2.503576609153259636e-01 1.074124578297244614e+00 5.722538924266207250e-01
2.051270603553783101e-01 1.052595624444896849e+00 5.769587945860069622e-01
3.893881230851564679e-02 1.033017502085395334e+00 5.756616507458139909e-01
2.454523276405534693e-01 1.109443841585013857e+00 5.704727963424144344e-01
3.222893540688287484e-02 9.596529475281097010e-01 6.312257729169588050e-01
-2.868670133318073079e-01 1.116735523838582544e+00 5.752903962065104571e-01
-6.298628090929328516e-02 1.031475387696128898e+00 5.757133341211425615e-01
1.003133099802633321e-02 1.017857298185823156e+00 5.829402600383967181e-01
-2.976707946942738214e-01 1.122312072616480361e+00 5.772624123439190624e-01
-3.099754041754930745e-01 1.121976878215333873e+00 5.785455061856639158e-01
-9.207310532815510262e-02 1.031161293372482968e+00 5.764093809762943499e-01
-7.047439658155102427e-02 9.849894616778069878e-01 6.056617260039265371e-01
-2.664622268624455836e-01 1.103433996299483910e+00 5.721137064195942479e-01
8.072943287446987526e-02 9.806231956811299888e-01 6.128131036340789262e-01
-2.036395562900740197e-01 1.075617042590307548e+00 5.683439681944506550e-01
-2.008662039913268194e-01 1.083762124061464327e+00 5.671927480165579460e-01
2.467543567137762128e-01 1.113520826871303493e+00 5.706852823270334163e-01
2.615985505850936255e-01 1.081752266409425012e+00 5.743207451955570919e-01
-2.113079277112430709e-01 1.091394237488663821e+00 5.674473109944547788e-01
-1.122360088282416679e-01 1.034128078589541921e+00 5.756489886119052768e-01
2.618601420212679498e-02 1.024313931971431613e+00 5.796940029873546285e-01
-7.007259785752283088e-02 9.900040174436068874e-01 6.015998279388191650e-01
3.283053908358547490e-01 1.147149166053240466e+00 5.833330624250137042e-01
-1.194815873685206586e-02 9.645918340816723724e-01 6.247508238776113831e-01
-1.076668717468337311e-01 1.031549743215851800e+00 5.766618641631608977e-01
-5.553406300442770283e-02 1.022029540612080289e+00 5.803461412514533402e-01
1.834280687715535985e-01 1.077770641107802518e+00 5.682925044060216369e-01
-4.937851074667931606e-02 1.013846961256670953e+00 5.849361262607969403e-01
-1.453409604649028575e-01 1.072753338218806363e+00 5.653376823222012737e-01
-1.832466768362077114e-01 1.019327727526718519e+00 5.862127823823476414e-01
-6.973667769177741005e-02 9.971306888081030717e-01 5.961928007558021658e-01
3.725040079879804455e-02 1.005359027254546511e+00 5.914514440031852782e-01
2.846176210636472970e-01 1.124522948397048250e+00 5.749474669579900388e-01
-3.087950599468745061e-01 1.126303833817604350e+00 5.792041047782964247e-01
-1.994335073603731301e-02 1.021768440387699428e+00 5.804132327677686831e-01
1.517351919565064766e-01 1.007806471939367121e+00 5.960508860888610316e-01
-1.142389244770344314e-01 1.054596875227480357e+00 5.682208917985122065e-01
-6.561027593494750398e-02 9.867734525473231821e-01 6.041460092441569563e-01
1.089755452700172378e-01 1.027493236404857457e+00 5.812587982342440895e-01
2.422268983650948670e-01 1.086901015405865367e+00 5.716286364862990244e-01
-1.334690159614212446e-01 1.059602626564371652e+00 5.675916178439067705e-01
-2.126926790960647073e-01 1.058344182074221207e+00 5.725044569918941173e-01
-3.037149943999582491e-01 1.127054237451476482e+00 5.787953613701940503e-01
1.636822160524017411e-01 1.077211683382840457e+00 5.670478017733444620e-01
5.271351495516227170e-02 9.627131129681437693e-01 6.288537883614457868e-01
1.120979836579107380e-01 1.016071590435570604e+00 5.879332011513727085e-01
-1.163992109061224300e-01 9.925349496633177893e-01 6.006132448720694628e-01
1.811333814810391352e-01 1.011469547163559746e+00 5.960385300162458488e-01
1.022669293126560880e-01 1.024661298689544031e+00 5.824079780060387179e-01
-8.858100022066628387e-02 1.020129263958437171e+00 5.818889019187158951e-01
-1.406143969004177152e-01 9.811302618998297698e-01 6.107062419091453531e-01
-2.006155430415056395e-01 1.027309928300078168e+00 5.832107574654483706e-01
-1.249472268897642846e-01 1.004320648661817250e+00 5.924924869085018697e-01
-1.796122512630370094e-02 1.037679899839875075e+00 5.727366333698543643e-01
-7.965133297660531575e-02 1.049398409304791002e+00 5.688662877348762414e-01
9.843475694631170780e-02 9.824061598540186901e-01 6.122726707753631814e-01
2.429858763034850599e-02 9.745381416775555916e-01 6.159138086111117794e-01
3.203982012750917208e-01 1.140800385018818641e+00 5.810754226245228304e-01
2.355453707381281736e-01 1.077828587940788285e+00 5.725511900530703135e-01
2.101942442271301226e-02 1.021805290120247012e+00 5.809333455697872628e-01
-2.564168972991321960e-01 1.089342394248865364e+00 5.712394592541130134e-01
7.199270870476678907e-02 9.851399162732461523e-01 6.083815519417188344e-01
1.396545932401477286e-01 1.050163266917006233e+00 5.729710336512205959e-01
-1.364131604410575849e-01 1.020657036466511292e+00 5.831190403159668412e-01
-4.592691631282730391e-04 9.921130313517503296e-01 6.001903186985803051e-01
-1.249966231233335667e-01 1.024692899438740312e+00 5.805624657281793777e-01
5.959594952516257538e-02 1.002976397986450330e+00 5.939069837727428691e-01
1.633937990100159110e-01 1.056710859504060629e+00 5.722632266105529553e-01
1.184888263606670433e-01 1.003768672848586396e+00 5.964851655715081025e-01
1.260410648834515701e-01 1.044769005966732056e+00 5.742282533914210285e-01
1.256230859246166287e-01 1.063871251573288657e+00 5.678190458528473705e-01
-9.418013040815187420e-03 1.013735790111921942e+00 5.851011215081696193e-01
-2.322453093376093958e-01 1.107410238787088774e+00 5.693138505485864087e-01
-2.048944645981639612e-01 1.027590581219377519e+00 5.833670998175565225e-01
1.127340295926137909e-01 1.000231524823264717e+00 5.986815889024106330e-01
2.981638218874768653e-01 1.117110383910664417e+00 5.757684658994414173e-01
3.342668031285357388e-01 1.154587830489691935e+00 5.859617280917293058e-01
1.467637467642933513e-01 9.875076645898910321e-01 6.113481193359637800e-01
1.018598599274388450e-01 1.018722247758721000e+00 5.857540645106426025e-01
-1.380339484332118172e-01 1.019171296155411133e+00 5.839932812852647315e-01
-9.077067397064275678e-02 9.950018560696103354e-01 5.980986379689146037e-01
-9.313737723755803610e-02 9.758283558378779698e-01 6.139623224068362362e-01
-3.010847083863356644e-01 1.113011035917893299e+00 5.763364198046598830e-01
1.003742878314767134e-01 1.021529145782632320e+00 5.840490039429317992e-01
-1.344695038344548566e-01 1.045049180844496162e+00 5.721228088042711324e-01
-1.091369764053162772e-03 1.011265789239708113e+00 5.867248229526632608e-01
1.248721795831012060e-01 1.039792253720086102e+00 5.762496189895958132e-01
1.290674017438640520e-01 1.039460012393396804e+00 5.766455800303019741e-01
-5.578272578824380878e-02 9.885781846224903635e-01 6.026195247485106599e-01
-1.123542081685884320e-01 9.924116077928806234e-01 6.005855725591702221e-01
5.859676382828617192e-02 1.034009058624703936e+00 5.757906911661156979e-01
1.758350065375659799e-01 1.081982537669257782e+00 5.670413751512338729e-01
1.136014521244333997e-01 1.030703244083215564e+00 5.798697115148896408e-01
1.363343399828430558e-01 1.036516132315774996e+00 5.784314156737294654e-01
2.749733075333794519e-01 1.116347815448988534e+00 5.733938696024141191e-01
-1.529502247293966222e-01 1.023896233134769629e+00 5.821586370215675599e-01
-1.418666234406084081e-01 9.901857721616602603e-01 6.033474863910504027e-01
-1.309371209186150908e-01 1.008995627178050247e+00 5.896916902633496660e-01
-6.234969931890504968e-02 1.020086656356533172e+00 5.814698597332075281e-01
1.624638176946486823e-01 1.009862662910027353e+00 5.955100297446406232e-01
-7.295166631510158206e-02 9.915840926365621089e-01 6.003995970947483274e-01
1.078938953268515077e-01 9.862753354660080962e-01 6.095070245446441159e-01
-7.980018020611981400e-02 1.051839084110834488e+00 5.680760401678366378e-01
6.610407036659254887e-02 9.866152221478691198e-01 6.068375060866239012e-01
-2.105455851678283974e-02 9.771735373606744712e-01 6.124767043859574711e-01
7.184165262098735072e-02 1.034099291135896159e+00 5.762316177293906883e-01
-6.772200420398898080e-02 1.042497445275214707e+00 5.711140353109830370e-01
-1.475297058683771034e-01 9.932457829075541644e-01 6.012442629097799474e-01
-1.337487146943569516e-01 1.067037123831554579e+00 5.658754044244492798e-01
1.361523269833056493e-01 1.050676405103521338e+00 5.725695925743788939e-01
-3.194141278958158026e-01 1.138268401555462050e+00 5.832443618172394872e-01
1.233700518782878675e-01 9.981211691205631453e-01 6.009758262744389068e-01
-1.693120567612238503e-01 1.030586997479677303e+00 5.797453989314366174e-01
4.781073112247058443e-02 1.037457092583286000e+00 5.738956407125729298e-01
1.288590333119530862e-01 1.003229668434156174e+00 5.975758012455461010e-01
2.428573380316763064e-01 1.102921091117214925e+00 5.703139029338007981e-01
1.827682069261297448e-01 1.082290904373510054e+00 5.674740925439276662e-01
2.735468983012462330e-01 1.104267352453907725e+00 5.731443767337580653e-01
2.739405181138809819e-01 1.135149975165594904e+00 5.754064015479239957e-01
3.008953716560736069e-01 1.113552131814603330e+00 5.759308583623592437e-01
2.593514067817718205e-01 1.122232567249646484e+00 5.723609713031289070e-01
1.911757583184318376e-01 1.086350554693353399e+00 5.674978758606645801e-01
2.534366547068923614e-01 1.092990673132009150e+00 5.719415460463174172e-01
2.045318803596402057e-02 1.017543034748752406e+00 5.833284816689822128e-01
-1.010258729133465816e-01 1.057026056759176713e+00 5.670908433493182521e-01
1.968217921084836619e-01 1.093850114666488960e+00 5.671186971651628328e-01
-2.316930725941986624e-01 1.060344471469385041e+00 5.734501623628167621e-01
2.734365820402395730e-02 9.598705531182938344e-01 6.308029986955814294e-01
-1.477089629868243437e-01 1.021714643200104966e+00 5.830476394750868652e-01
1.172106552775689647e-01 1.035091555236215211e+00 5.779411217199164064e-01
-1.702920369487764818e-02 9.841536286441250336e-01 6.064106816283260093e-01
-5.800923174882346989e-02 9.845388903917038359e-01 6.059385489946346182e-01
2.754003543018608280e-01 1.094633485522833460e+00 5.739460268411880062e-01
1.106470001449256779e-01 1.040304125631267285e+00 5.752331937574283183e-01
2.015682816451064008e-01 1.091545396366248477e+00 5.676767624233360898e-01
1.005388606646778760e-01 1.058943809488711141e+00 5.679759643170471106e-01
-1.953276893061420272e-01 1.039999510155043883e+00 5.772980200692029440e-01
1.459100236602362544e-01 9.979944245375873546e-01 6.027466656956885771e-01
3.435123645017096328e-02 9.868382508083189952e-01 6.053517871678818496e-01
2.509254090229096068e-02 9.880462698164241830e-01 6.040575576457404283e-01
-1.870528947937861453e-01 1.030929876055586281e+00 5.806259435702186833e-01
2.059748019062808133e-01 1.030239143263814938e+00 5.870642832435115643e-01
-5.894695519575393616e-02 9.642042077573593772e-01 6.247782180224092929e-01
-1.523844656772356254e-01 1.039064316156106837e+00 5.752125535689981417e-01
3.299177716527761928e-01 1.152342955014628911e+00 5.848545273931230470e-01
-2.304554121061594962e-01 1.049812238793756070e+00 5.763500978443423239e-01
-1.507057823055724111e-01 1.044035646736862777e+00 5.732260981569010649e-01
-3.480804540831295979e-01 1.161718807751391802e+00 5.951250967270306225e-01
-4.020244473759443382e-02 9.652518368864045906e-01 6.237409088373595534e-01
-1.071129900670164670e-02 1.008748697339205691e+00 5.882016458132299785e-01
2.781512741518076814e-01 1.103002340228987466e+00 5.736518061535448298e-01
3.087249256708116674e-01 1.121852055280514904e+00 5.771888915478671223e-01
-1.955635697680069007e-01 1.079907402729653354e+00 5.672282985691853296e-01
-1.358324698013075593e-01 1.023192130747928585e+00 5.817566382293363203e-01
2.537864877532913788e-01 1.097097610632731923e+00 5.716145224310308359e-01
-5.329162432751360923e-02 1.034346542710335548e+00 5.742978677145280653e-01
-1.324710302604777956e-01 1.026215844315274905e+00 5.800861259303152773e-01
3.239445806310671527e-02 1.015559725606055785e+00 5.847911044058179408e-01
-1.128717428332287054e-01 1.061867771609324995e+00 5.662165253941812137e-01
9.619448503841721010e-03 1.038715896658277682e+00 5.725368279627549573e-01
1.028701323605649698e-01 1.040642765483198673e+00 5.746884481093265107e-01
-2.550986181897826333e-01 1.099797211276527298e+00 5.709517155657550802e-01
1.415556135743221144e-01 1.022535781076210126e+00 5.860156416807043023e-01
7.209315266730521865e-02 9.911367167444007364e-01 6.034022011086255244e-01
5.478186434385434733e-02 1.044070494519687919e+00 5.713610137751083951e-01
1.620838157249681333e-01 1.045903206403078878e+00 5.761112688307703511e-01
-2.530810438026535047e-01 1.100934831931122071e+00 5.707959074359286733e-01
1.577340190183958157e-01 1.025304566552158736e+00 5.856374301884550437e-01
-2.407846811692756772e-01 1.075171553811048675e+00 5.712740409124872354e-01
-1.035397216532418264e-02 1.009070623378524489e+00 5.879986385912679969e-01
-5.825920106312063029e-02 9.754692598341498933e-01 6.138817772018418939e-01
1.590153407328737944e-01 1.078215570229647868e+00 5.665690653252002384e-01
-1.134548366283707477e-01 9.815530784694018740e-01 6.094034313637014533e-01
1.520276999926357120e-01 1.030361924091253822e+00 5.825123048355489441e-01
9.826437938503451708e-02 1.017866105669089860e+00 5.860671005076997231e-01
-1.871256311505870851e-01 1.083230385396679152e+00 5.663218410728348973e-01
-2.659689790297780077e-01 1.113507615354919933e+00 5.728391118274084315e-01
1.987210657054579999e-01 1.045368623024493626e+00 5.792353992294207998e-01
-1.579235035605448256e-01 9.875677730984759872e-01 6.061386629337007781e-01
-2.609647815772975221e-01 1.077406545543772909e+00 5.727395008059956716e-01
1.528123295643432633e-02 1.037628918752211638e+00 5.730854595784479200e-01
5.759363349772728125e-02 9.860350979407246363e-01 6.069354443339259886e-01
1.179344553586280930e-01 1.035703250791253582e+00 5.776959471915802391e-01
-1.195243038072429653e-01 1.027643924892162275e+00 5.788978573273412254e-01
-5.427291723751076491e-02 9.799440730820041523e-01 6.098577980601330717e-01
1.279403425793780857e-01 1.006567120684942029e+00 5.951537354758874576e-01
9.686466348345629251e-02 1.037703499029667853e+00 5.756767277830996399e-01
4.788457356407543886e-02 9.737687042652910518e-01 6.175319313367689800e-01
6.801367971120741984e-02 1.022188578084817889e+00 5.821659856736057792e-01
-1.575518878417515589e-01 1.023587198392808428e+00 5.825428708060836902e-01
2.711081604115179178e-01 1.107720018018137020e+00 5.728381668856852293e-01
5.667105571217849469e-02 1.007862074362881666e+00 5.904481426959670154e-01
2.102472736842968537e-01 1.100603127232607559e+00 5.677161675212030190e-01
1.117830437130060695e-01 1.020235273035086987e+00 5.854295582178143942e-01
3.704657292303903393e-03 1.017104785686754331e+00 5.832718409399556547e-01
1.941455024131295004e-01 1.067643390050434515e+00 5.713482523250852374e-01
-1.362999480816380338e-01 1.046513045833541211e+00 5.716824248852322432e-01
-6.294053041018055072e-02 1.034235443962420398e+00 5.744600901373532187e-01
4.972852671873814745e-02 1.049240958880829355e+00 5.692885146242993022e-01
1.206094375748544278e-01 9.994593596725128704e-01 5.997762599086042812e-01
-1.373505617090258757e-01 9.794452142561439478e-01 6.120337917653880799e-01
2.040734265202009956e-01 1.078423890575137545e+00 5.697358144466735386e-01
-1.576979727275716892e-01 1.046073176162639840e+00 5.728450370967165250e-01
1.721140271095072671e-01 1.002586535130598255e+00 6.014884592118646678e-01
-2.665411766046184017e-01 1.079036875288396535e+00 5.730530418916329749e-01
1.759123071464974708e-01 1.063549932844942036e+00 5.710737429166685697e-01
1.286989499892032818e-01 1.069590825321370620e+00 5.665634606746912105e-01
9.535978847640581846e-02 1.044101855785589228e+00 5.728997357360195997e-01
2.828641631199940720e-02 1.002558393344617826e+00 5.931189795742364268e-01
-8.661879311339742982e-02 9.685040898064288806e-01 6.207448830717920973e-01
9.555899072865819965e-02 1.007526656605602033e+00 5.924931497370673483e-01
2.116313486504677877e-01 1.100922998947885922e+00 5.678099582380136123e-01
2.115536960802100186e-02 9.652324688391418217e-01 6.249481585725068511e-01
-1.447013561452225039e-01 1.027459329396587906e+00 5.799962102796155650e-01
2.126182427334422087e-01 1.100253665408304160e+00 5.679126510665186700e-01
3.490193238972243150e-02 1.034735497341564114e+00 5.747658658608137960e-01
-2.258835935460250799e-01 1.072461378373700258e+00 5.704856406250868872e-01
1.039299003217019901e-01 1.023505214295121535e+00 5.831323660999601088e-01
1.239885493484093049e-01 1.043892386162329045e+00 5.744649060044949573e-01
6.950716253954988821e-02 9.920279831245106816e-01 6.025623920218177165e-01
-4.826241974877851226e-02 1.047945702323773487e+00 5.688695401342925839e-01
-2.426242832143205019e-02 9.992738102186369265e-01 5.945301789800633285e-01
1.739482139656246262e-01 1.067535622641837989e+00 5.698653401493061210e-01
4.365830984076468635e-02 1.042786952088834651e+00 5.715525878472096366e-01
2.553813688772583745e-01 1.110267210689500850e+00 5.713670000903190438e-01
-8.785166029848801017e-02 1.032497514796651972e+00 5.756962654893122977e-01
-1.423160894325746217e-01 1.035284146307769326e+00 5.763106306819971714e-01
-5.416867478784605922e-02 1.046983288508454013e+00 5.692699621809604871e-01
-8.813836488552101445e-02 1.051946992798963976e+00 5.682386720195593544e-01
-2.599461425312356994e-02 1.049071089526864897e+00 5.683596157298855811e-01
4.766658256047873188e-02 9.763982511214026605e-01 6.150502429241828661e-01
-2.104093238823451506e-01 1.085381754898250728e+00 5.677361209245667117e-01
8.857719691122127592e-02 1.033962772961634080e+00 5.770050335994246771e-01
-1.188233848024083938e-02 1.039845513227265039e+00 5.718593250382055793e-01
6.363611092997670249e-02 1.005275253373641986e+00 5.924767037955972482e-01
2.779732513700047258e-01 1.095890431136516074e+00 5.740945672940479527e-01
1.060834972709149282e-01 1.001284309861080191e+00 5.974912666636699177e-01
-2.561635439169133166e-01 1.065710193833423025e+00 5.743016383338307440e-01
3.289548315808504819e-01 1.142783453423571904e+00 5.824122788745423884e-01
-4.122745219068518763e-02 9.903949527795830043e-01 6.011477552309225647e-01
1.232774646287625037e-01 1.009608366992757800e+00 5.927713435467146796e-01
-1.174748752261058349e-01 1.010666296746511872e+00 5.881742252999189180e-01
1.748134056480855625e-01 1.006161727999572486e+00 5.991367676827550337e-01
1.046528598178699809e-01 9.797339422698292388e-01 6.150849453696114466e-01
-2.995296376916081194e-01 1.121320279617184390e+00 5.772959739438147109e-01
-1.832713498477797631e-01 1.017013168292620895e+00 5.874966567078657720e-01
-1.782753200225078993e-01 1.034969956397448820e+00 5.783029713657060755e-01
9.458246358917235530e-02 1.026688298136798405e+00 5.809252589401477929e-01
1.198610077438742594e-01 1.025162280495025335e+00 5.831359286206325709e-01
-7.132434921865768440e-02 9.877349331946831956e-01 6.034232478342556050e-01
6.235636581464104600e-02 1.020381058957292364e+00 5.829592931991061100e-01
6.411343521266926748e-02 1.019688895750602287e+00 5.834222358644444162e-01
-2.064038468550843386e-01 1.055607140463140192e+00 5.727980005653520168e-01
-1.657934848206174538e-01 1.080764874800361985e+00 5.652881652593457762e-01
9.042201503258184836e-02 1.017127473243671476e+00 5.861011947557754898e-01
2.337155673752036034e-01 1.111431034077145608e+00 5.695147243493274836e-01
-3.508184834966890930e-01 1.163232013670659537e+00 5.961483628471011542e-01
2.933075802132552590e-01 1.126279491776571495e+00 5.759972914441251479e-01
1.401225038666934486e-01 1.053618810125565242e+00 5.717745258880244652e-01
8.346838093849104356e-02 1.051774270917914089e+00 5.695419813108493212e-01
-2.939070457811485682e-01 1.133168674907981455e+00 5.791013676332730231e-01
1.043801351301327368e-02 1.002565859609819698e+00 5.926789828533264304e-01
-9.724536981722228801e-02 1.004893966664418992e+00 5.912872377499069909e-01
7.071844514174341345e-02 1.035338281763429125e+00 5.756151235148729839e-01
-2.342236391397639617e-01 1.060959053812813302e+00 5.735035290224568261e-01
9.408960596197592230e-02 1.032568332787975329e+00 5.779298913007363536e-01
1.795331320200908853e-01 1.044867078789643688e+00 5.778529000050962594e-01
1.715206866008138764e-01 1.008611846078255825e+00 5.971314963797045294e-01
2.615821374115372411e-01 1.077089695005760461e+00 5.752332750309071541e-01
-2.796999799488029126e-01 1.128305775273561684e+00 5.765399324313331686e-01
2.433258857230491956e-01 1.117156457009103043e+00 5.705744449575881339e-01
-1.416018116087851553e-01 9.943290038088589133e-01 6.001777029826245169e-01
-2.715606550146481002e-01 1.119548427389061240e+00 5.741620044885191732e-01
2.142526457883516533e-01 1.065480042320326559e+00 5.735957425811900601e-01
1.407636136230180357e-01 9.903694048500176761e-01 6.084414269469972103e-01
-1.564622163377321629e-01 1.054626980312808326e+00 5.700392684513657660e-01
-1.629243013030403642e-01 1.003104276877935019e+00 5.949501769230057802e-01
2.624247615275782097e-01 1.129485331368471845e+00 5.734779789354755852e-01
-8.972582915861522512e-02 9.688700541399439814e-01 6.204394366756471602e-01
-5.741502727853087240e-02 1.028551537318131093e+00 5.770353902560879655e-01
-1.809293935687175670e-01 1.053658816158277389e+00 5.716917786795903123e-01
5.107508640460824145e-02 1.040880159788182713e+00 5.725341077476903129e-01
-2.197620076901225794e-01 1.104071398065993526e+00 5.681279749251566535e-01
1.754548995317193605e-01 1.009475821725619227e+00 5.968822908638167224e-01
7.685818502072816472e-02 1.019065579224516460e+00 5.843142790188522451e-01
-1.709691322903461042e-01 1.032182207752626146e+00 5.791101193303587191e-01
6.987518942885517781e-03 1.002299905533962754e+00 5.927956806002087076e-01
-1.489442665307166846e-01 9.951688890610294047e-01 5.998730583344188405e-01
-5.363872759839766191e-02 1.044224158650458145e+00 5.702664222732521937e-01
-9.630522059015234060e-02 1.055993612532121206e+00 5.672425669742549026e-01
2.330430049429207950e-02 1.040324958272290878e+00 5.720903002384748470e-01
-1.030295515882721780e-01 1.049679029482723402e+00 5.693844621702810471e-01
1.038706628034853363e-01 1.040272704768197221e+00 5.748968407341897846e-01
-3.108935694102841762e-01 1.120884495780581469e+00 5.784681499833795870e-01
-5.974168227903320361e-02 1.021294858914426618e+00 5.807829035493252690e-01
-2.721312902906669606e-03 9.752991073955176171e-01 6.144909103701469144e-01
1.088336877063804942e-01 1.002911867021759162e+00 5.964826961522275983e-01
2.432970116893786450e-01 1.064706793809122809e+00 5.765168937895116530e-01
-1.570472851732639952e-01 1.040060691395045200e+00 5.750486060886939033e-01
-1.154909327697740407e-01 9.873942933298481828e-01 6.046130743458538737e-01
1.745852974525819445e-01 1.090893999973470585e+00 5.658393373843464413e-01
-1.785252157211604240e-01 1.012681825589635265e+00 5.897269936394804457e-01
-1.858481115272599404e-01 1.059212056765490129e+00 5.704580097974599751e-01
-1.686600887596129139e-01 9.970587929170384722e-01 5.994626848190796053e-01
-2.766714543039811014e-02 1.016259105671821317e+00 5.834810714330486148e-01
1.361402184631677059e-02 1.041261515366447288e+00 5.715435166921294385e-01
1.028969079658970803e-01 1.051232634806702926e+00 5.705776154044066573e-01
-3.833224574754723335e-02 9.970298252991479648e-01 5.961014421466981350e-01
1.219503201850516139e-01 1.001700446254369270e+00 5.982089355347984805e-01
-6.386002089239994906e-02 1.036994760135577121e+00 5.732761263675665298e-01
3.044674684249764063e-01 1.129792596913937075e+00 5.775651666771606241e-01
-1.721881180794064825e-01 1.019276609453502402e+00 5.856003938995062441e-01
1.479793317847039047e-01 1.053647893821220594e+00 5.722580808052405432e-01
6.141379525290244223e-02 1.014845693679772731e+00 5.861831168203716080e-01
-7.331061301758998172e-02 1.040885439610884644e+00 5.718384353905731077e-01
1.235528334199236383e-01 1.038684479820979778e+00 5.766615581261785861e-01
4.447278378697197554e-02 9.880592456134655865e-01 6.047045398741089928e-01
6.127221279230898876e-02 1.015171296489934427e+00 5.859792997191572983e-01
-1.418992519524725493e-01 1.071448196464510838e+00 5.653982847413900892e-01
1.337019208370721080e-01 1.003691548002328737e+00 5.975883498177408937e-01
-1.582092928497482731e-01 1.065323567189567777e+00 5.674153510188401084e-01
3.457984127793387041e-01 1.159533654960008375e+00 5.887459430110573155e-01
-6.568282470466110454e-03 9.781538696565119650e-01 6.118087015800557360e-01
2.559482743447609177e-01 1.099065935880496170e+00 5.716843726577458540e-01
-2.672368995082791132e-02 1.046772408218049399e+00 5.691665071007725452e-01
3.540942676825586943e-03 9.766676722839214841e-01 6.133652176813039203e-01
4.869120559249912050e-02 9.892815347483109312e-01 6.038659309761512661e-01
3.427946845568791145e-01 1.164470744155964521e+00 5.900906423252340050e-01
2.044731857347067971e-01 1.080697017006852167e+00 5.693602285411952790e-01
1.038493713563128917e-01 1.034698366723071805e+00 5.774016818541770624e-01
-4.229697546406634145e-02 9.984077179548376257e-01 5.950970004619130505e-01
-3.543197898044694871e-02 9.830375834148046277e-01 6.072003342069622889e-01
-3.896897819285599640e-02 1.008632463694377757e+00 5.881325463939143239e-01
-1.906813769179704909e-01 1.012180948240030354e+00 5.907619636668172136e-01
1.466325121501742546e-01 1.048401283034048559e+00 5.740733372827919734e-01
2.214922256475422568e-01 1.079387556365995149e+00 5.710003719568422786e-01
-2.753159516931513173e-01 1.082566498781982967e+00 5.735114794775613145e-01
1.928597714576545941e-01 1.042430206721272956e+00 5.799864189759456057e-01
-2.731889468870205007e-02 1.002391977726420969e+00 5.923144800472063265e-01
-2.244176432822104217e-01 1.098551879621154415e+00 5.683409813174784553e-01
-3.237286169677072722e-02 1.049386581427558252e+00 5.682682679207130549e-01
-2.297467715780481257e-01 1.102568376685048923e+00 5.688577079006053028e-01
-5.782225648489108805e-02 1.010668581069624317e+00 5.869352107394086859e-01
-1.369914664039154073e-01 1.044046186178950952e+00 5.725944054494779278e-01
3.618517188285752528e-02 9.658534621394940789e-01 6.248611438685132136e-01
-2.410989908809182680e-01 1.086296283122831774e+00 5.700865035615276799e-01
3.056941998474894673e-01 1.133252448423677672e+00 5.781865107825325811e-01
5.223459085750303821e-02 1.038217141675354060e+00 5.736963070003101572e-01
-1.103072635430506487e-01 9.948445780194346000e-01 5.986938571175448587e-01
7.220705761061269046e-02 9.724585292874338149e-01 6.199759159860718238e-01
1.199169397655570485e-01 1.062111674488618096e+00 5.680001391365784302e-01
-3.537048186948559270e-01 1.164754701709585838e+00 5.972143703247502211e-01
-1.695119259967156344e-01 1.049937785682660607e+00 5.721775808802481711e-01
-6.351419554312379145e-02 1.050030564717705284e+00 5.683549239882152992e-01
-1.491689429728519922e-01 1.038686394099996413e+00 5.752098273872163769e-01
1.538519892773587971e-01 1.002395138930291862e+00 6.000748505813052747e-01
1.209302418021070552e-01 1.044165398926671706e+00 5.741804646600859874e-01
-2.150717903322373337e-01 1.071342422700895414e+00 5.698495916553772966e-01
-1.283140984792993100e-01 1.009595021648467261e+00 5.892177907421581873e-01
2.410942469499144925e-01 1.076727013842450953e+00 5.732931732609948261e-01
-2.734785879005594000e-01 1.108881274310745235e+00 5.731210355499203324e-01
-7.820682927682530428e-02 9.940726720391993565e-01 5.985716617913707793e-01
1.657991938643293417e-01 1.009960926160980543e+00 5.957211004578737423e-01
1.603919386839333105e-01 1.002991107450921238e+00 6.001774325373157026e-01
-4.681546805522585064e-02 9.869563505254986824e-01 6.039071313511191752e-01
-6.114623477793257322e-02 9.646278534319704390e-01 6.243544271240094590e-01
-8.329139027184517818e-03 1.042338605993085254e+00 5.708793774585392278e-01
-6.037260437313174410e-02 9.723460081290518087e-01 6.167944807960860087e-01
-1.138230408677667060e-01 1.045522734056636205e+00 5.711625485296422111e-01
-9.833759920068652072e-02 9.685877484568631290e-01 6.208774267544828751e-01
-5.158568111563292813e-02 9.677857943111538574e-01 6.211761904423646063e-01
9.229091814729561971e-02 1.041730242194593314e+00 5.737266044289306421e-01
-2.544339041759512421e-01 1.085645089403004748e+00 5.712953842650727587e-01
2.921026371595231153e-01 1.139102769754327449e+00 5.778518947144095641e-01
1.115029940923646934e-01 1.055586742213505236e+00 5.695319665338635096e-01
2.732094616191887981e-01 1.137107024711549341e+00 5.756957465003200713e-01
7.435732004602546574e-02 1.057399084487921304e+00 5.673889221792385307e-01
-1.655960530839944989e-02 9.660101862463758016e-01 6.232295288236137099e-01
-1.554726812344179310e-01 1.045167895884391074e+00 5.730523856030466101e-01
-9.302972637346323959e-02 1.057568475363016347e+00 5.667083295176188473e-01
2.773900712568638793e-01 1.090578973083143000e+00 5.746003706948957790e-01
-7.064484619633604190e-02 1.030707233203868256e+00 5.761841712417268280e-01
-5.615264443766251889e-02 9.601802953202911439e-01 6.289523202419430303e-01
1.869020732331601597e-01 1.067003193208872824e+00 5.709540458009000341e-01
1.669887770481565115e-01 1.034696057140565895e+00 5.814582375550785276e-01
2.667559280022266943e-01 1.084448357377570060e+00 5.743822383050305458e-01
1.424355184958292497e-01 1.057863012211527121e+00 5.705249686396124398e-01
2.169708002135392610e-01 1.089102199861760711e+00 5.691504639677867905e-01
2.658742166165140031e-02 9.630495261846050425e-01 6.273979551493757967e-01
7.737576936391049598e-02 1.042847482129974246e+00 5.726357030486771693e-01
-1.167333195002795421e-02 9.747034465833787076e-01 6.148789921974923134e-01
-3.190124860087291125e-01 1.139786705942229528e+00 5.836280194003445887e-01
-1.728038604444137594e-01 1.021178834461164309e+00 5.846098379164978986e-01
1.525061608352202558e-01 1.021447266573696888e+00 5.874363323790063873e-01
-9.956735871916788660e-02 9.964350886820055875e-01 5.972378976139407492e-01
-1.008052632748226429e-01 1.004722963351872833e+00 5.914890003731817503e-01
8.119916128810603095e-02 1.051174163768053615e+00 5.696591220776320297e-01
-1.169317472632132038e-01 1.061220253651297352e+00 5.665225841637203663e-01
1.165574188965038949e-01 1.022645452698313084e+00 5.843326279956679858e-01
-2.692598831705167450e-03 1.005758494484304766e+00 5.902667420338960635e-01
4.639742951285129313e-02 9.631853510790856499e-01 6.280612360045206843e-01
7.278425815793299058e-03 9.663326854577900527e-01 6.234126681165720330e-01
-2.366890313062328666e-01 1.087125519929403428e+00 5.696598620216617448e-01
-5.893281857641416432e-02 1.046244235197630212e+00 5.695930101030239889e-01
-2.257535088015710512e-01 1.069919355890582624e+00 5.709177657000774619e-01
-2.948920060049691205e-01 1.139327920462241739e+00 5.808275963122319085e-01
-5.389745862801786913e-02 1.039018836152054259e+00 5.723081079102195767e-01
1.685046938890262525e-02 9.945567703338322740e-01 5.986744986682956959e-01
2.362829732851099984e-01 1.117601354952283632e+00 5.700174581042510846e-01
1.625385631040704992e-01 1.024544756255306055e+00 5.864312762472475571e-01
-2.612204225260000845e-01 1.108701432208183846e+00 5.719420377342988582e-01
-4.186756993264317828e-03 1.013550181148160423e+00 5.852744016666540094e-01
2.255918801656272010e-01 1.072301430856025473e+00 5.728469805629265998e-01
5.972794075541615344e-02 9.957649039303038130e-01 5.992031678464897482e-01
-1.119293663550751661e-01 1.003670341798140075e+00 5.925007750494108993e-01
-5.019810540026133083e-02 9.845846997918326071e-01 6.058726003466078369e-01
-2.165772657316267780e-01 1.056073111226210726e+00 5.734043943628808204e-01
-1.922927255699242166e-01 1.085358293208281699e+00 5.664739797611652028e-01
1.717352709786176268e-01 1.027257835897749771e+00 5.856636519563344079e-01
7.943332815627074384e-02 1.039239992689784620e+00 5.742263061355498133e-01
-5.968235273234578919e-02 9.756739496142667889e-01 6.137007464225929798e-01
-8.020063027485177520e-02 9.892590816091367811e-01 6.023221221725503227e-01
-1.203601370414431881e-01 1.052110590335983087e+00 5.691953011063383139e-01
8.476134112039329649e-02 1.040368213890161098e+00 5.739667584307128756e-01
1.004641906295873910e-01 1.052453566866198509e+00 5.700411907063933636e-01
2.614268981646159506e-01 1.084555219919459468e+00 5.738256302924525931e-01
-8.453857825107280455e-02 9.729074578448527744e-01 6.165059114918017835e-01
-9.138897677500432137e-02 9.756712381793183342e-01 6.140719834823347156e-01
-1.788926075020370321e-01 1.056508079451347948e+00 5.707532509528283615e-01
-2.928081749070465811e-02 1.042602040403839858e+00 5.707268803692688852e-01
1.705770552846695431e-01 1.038514888049488105e+00 5.799295214950842547e-01
-2.966392032289825176e-01 1.133453245168476009e+00 5.794606948960332460e-01
-1.638152362640547810e-01 9.920005842383240457e-01 6.029644786246616261e-01
6.990269192758116756e-02 1.030981493815100514e+00 5.776475868084844922e-01
1.880357097048814818e-01 1.038156993360358715e+00 5.815080324538821621e-01
3.155297163960302242e-01 1.135871049988112169e+00 5.796429282996525822e-01
1.662845374474571924e-01 1.041221745103868779e+00 5.783884137949021342e-01
-1.734637589757170306e-01 9.996698660956166993e-01 5.978685587220375908e-01
7.850052387404589382e-02 1.025250982548799206e+00 5.809368281702848025e-01
-9.798360756184582021e-02 1.017503970383250689e+00 5.835703633250027833e-01
-8.765355973064392625e-02 1.028741254600906707e+00 5.774476714083807138e-01
4.425039659604002029e-03 1.025594397778213152e+00 5.786203667591253152e-01
2.486468182780600666e-01 1.108397421963634555e+00 5.707466154906487565e-01
-1.514861588945630166e-01 1.047337483001934633e+00 5.720959825650886454e-01
-1.899111691429766491e-01 1.080446402240429427e+00 5.667915701408926532e-01
2.243482914717058740e-01 1.061090329695544066e+00 5.757991953155892073e-01
9.019014621661136655e-02 9.773704025508692661e-01 6.163422565494262040e-01
1.879626970448882162e-01 1.086863955828083039e+00 5.672005941685357433e-01
-1.075036959782694479e-01 1.030686450239497232e+00 5.770556147752561316e-01
-2.115930443734094224e-01 1.059286842377314741e+00 5.721801234690639948e-01
-1.363106394522108633e-01 1.037656838858864727e+00 5.750517111240827095e-01
6.700276256822734755e-02 9.704504893150760481e-01 6.216642970995795991e-01
-2.650499820148310981e-01 1.106002242435070837e+00 5.721132909890804807e-01
1.648297285342732454e-01 1.055900564199468095e+00 5.726306906886994286e-01
-1.890251442376502389e-01 1.015963326299418990e+00 5.884441215088449528e-01
2.822416615364033848e-02 1.046625522225232974e+00 5.697257671833353410e-01
9.313012898314763921e-02 1.013978543609696192e+00 5.881671476225824868e-01
1.107520484904679359e-01 9.890117255138233254e-01 6.073821878624994230e-01
-2.468271411243995184e-01 1.099141271608520931e+00 5.702076376648662626e-01
1.472760548161990424e-01 1.018746980637664112e+00 5.886478183099846939e-01
-6.948185902771308875e-02 1.008990430329550936e+00 5.881155419029118203e-01
-1.555185940723756710e-01 1.044740285674330638e+00 5.732080756357713636e-01
1.700691914587995623e-01 1.033723791218330135e+00 5.821745533328547273e-01
3.103008065968908546e-01 1.154315476497397075e+00 5.833866432515226741e-01
-1.656025388356696382e-01 1.064958091895015890e+00 5.678942045111690096e-01
-7.771710071066392778e-02 1.008039229934882819e+00 5.888430199731762293e-01
-2.187253853606606624e-01 1.094307822967917954e+00 5.679199638997386446e-01
-1.909763114968490161e-01 1.030539132929420454e+00 5.810521461627136119e-01
-2.641353521789200909e-01 1.117451958771364495e+00 5.731517864138043761e-01
-1.475979962838378512e-01 1.072572318679444692e+00 5.654781187216615379e-01
2.154433137240536755e-01 1.094841957099994323e+00 5.684621277824133401e-01
3.095380445191695529e-01 1.134591058900122018e+00 5.787983475415331425e-01
-3.021778784424246078e-01 1.138953610809751327e+00 5.815055057022033846e-01
2.557251169890403797e-01 1.114276338271489530e+00 5.715069737332996169e-01
3.111318062831887055e-01 1.127802705764634039e+00 5.780220661094790380e-01
1.538813658393921036e-01 1.068527789093026037e+00 5.682762181154039638e-01
1.237065238850208887e-01 1.019501191779980553e+00 5.865854163246171371e-01
6.103412480075620650e-03 9.784618740895758560e-01 6.117954371149708637e-01
5.887913334737621129e-02 1.019645129651043369e+00 5.832481396018203146e-01
-2.084340116863068193e-01 1.076790921322752448e+00 5.685194985546776492e-01
3.598886320885959500e-01 1.173936174294068602e+00 5.956558964062913519e-01
9.603023267836874322e-02 9.964245639532334220e-01 6.005294975151737047e-01
1.856970077908823846e-01 1.082359025665481145e+00 5.676718602220637289e-01
3.464448700799595549e-01 1.160599751438467608e+00 5.891650854479364430e-01
2.744466410853103611e-01 1.112895608838109673e+00 5.732122681088718252e-01
-1.509431191831433483e-01 9.964908608337266216e-01 5.989956549756776383e-01
-3.448228140796927299e-03 9.648238194021231395e-01 6.246857231793975229e-01
3.142162136970377828e-02 9.747490211174281161e-01 6.159577676821236247e-01
-8.518594485889902090e-03 9.606437862660798244e-01 6.289353327155624562e-01
2.421401971248549889e-01 1.074327138683548455e+00 5.739133301000189924e-01
-7.641625235139246075e-02 1.036935753722692644e+00 5.735105280922047077e-01
1.908659728017139123e-01 1.049222004245932593e+00 5.770213074728064440e-01
1.530459129476500341e-02 1.032534868832037711e+00 5.753733705228092354e-01
2.729099079527186333e-02 9.658290752122037359e-01 6.245496164535375705e-01
4.385942431714073830e-02 1.013902601825033667e+00 5.861353265656112921e-01
7.324608960844000705e-02 1.032409755077566826e+00 5.770871424162621333e-01
-2.590769325378404764e-01 1.106754956197083306e+00 5.716049438383800085e-01
-3.605017160403141407e-02 9.884658187901604887e-01 6.026976822588518967e-01
1.143204200902996348e-01 1.016010972192724182e+00 5.881038697555873718e-01
-2.926060766070167629e-01 1.104888506801955383e+00 5.747826003900431413e-01
-1.447032535543436582e-01 1.023473862112892707e+00 5.819925406632647791e-01
3.505510025364705351e-02 9.642957994459681048e-01 6.264205424041586756e-01
2.406093435347522735e-02 1.045447308628820515e+00 5.700851372743755974e-01
8.674891224758060626e-02 9.729083489676007002e-01 6.203758919037700714e-01
-2.325575658897491016e-01 1.078205699945807172e+00 5.701802261615007694e-01
2.927368507258102381e-01 1.134962406123862566e+00 5.771556671897692947e-01
2.937764558402184978e-01 1.136459261755551564e+00 5.775183021317799037e-01
-2.446474401721168701e-01 1.088635245540990226e+00 5.702395655125847007e-01
-3.568084928622927698e-04 1.013333785189006075e+00 5.854577361602836261e-01
2.285500736342721551e-02 1.008412138314260575e+00 5.890153070088931520e-01
-2.121405767605527570e-02 1.020930699998971347e+00 5.808636994775855378e-01
1.804040199131409783e-01 1.092786970249870482e+00 5.660552904856898104e-01
-2.181712757099915079e-01 1.061215320669068429e+00 5.721854332986840985e-01
4.042944088662425717e-02 1.005452430635443983e+00 5.914892004185881014e-01
-1.457468054757017351e-01 1.044742496877639759e+00 5.727338970873291357e-01
1.785543660380857212e-01 1.083181837938398395e+00 5.670452240995199622e-01
-7.679686438721403108e-02 1.024466680196396640e+00 5.793552499888720009e-01
2.292613188969838678e-03 1.043250372164465256e+00 5.706123568433446591e-01
1.205985621119786688e-01 9.810852289603733123e-01 6.149717511746652931e-01
1.303236723190847046e-01 1.072692546420313420e+00 5.659721320651559529e-01
-3.045749147390907630e-01 1.115778699379221139e+00 5.770386633521427111e-01
-1.573715721505931642e-01 1.062086502873781368e+00 5.681099637630779853e-01
2.576301389753891113e-01 1.095569401473305504e+00 5.720997707216848305e-01
1.967593512383054577e-01 1.049761105899403413e+00 5.773056019734275068e-01
9.627086211759833256e-02 1.052079094762236489e+00 5.699787191300172973e-01
7.460161338469088743e-02 9.903415752430656527e-01 6.041707328973732194e-01
-2.936598360120974971e-01 1.108370501302430977e+00 5.751195948019428572e-01
1.426590436319032373e-01 1.024321059616664975e+00 5.850852952241624161e-01
8.682961142840950330e-03 1.008456994176384791e+00 5.886780257564270258e-01
2.602601784125727624e-01 1.088445996232590973e+00 5.731359046870416751e-01
1.328751201729526654e-01 1.063026465730208647e+00 5.684455024197875295e-01
5.073470673902624739e-03 9.922616507417374443e-01 6.001806025249665222e-01
-2.507771496658103838e-01 1.100749991466526634e+00 5.705859958943059196e-01
1.070226426026142652e-01 9.872744158470747600e-01 6.085976161880241042e-01
8.360644179935142195e-02 1.014054012479084221e+00 5.876408257674655689e-01
-1.003796764845146794e-01 1.007631475103834440e+00 5.895805049765141526e-01
4.948252047148263277e-02 1.032059348556750411e+00 5.764154033611630368e-01
3.166517236789531675e-01 1.153237406470512871e+00 5.837147526876464987e-01
2.239980464820889861e-02 1.011873494235628890e+00 5.867924685400124352e-01
-2.119848576635132709e-01 1.035431523902041961e+00 5.803111119910361326e-01
-1.320278266342911344e-01 9.810901495689590135e-01 6.104087668337695449e-01
2.891010375711661196e-02 1.033395794004719370e+00 5.752412187769954111e-01
2.921121904801512459e-01 1.105262061038888577e+00 5.750201389517407558e-01
-6.516933991123581571e-02 1.037522168460737637e+00 5.730727570779814428e-01
1.869327655213159911e-02 9.954988051855908626e-01 5.980047285610791130e-01
2.878992945615457266e-01 1.116693600739436354e+00 5.746892512333993119e-01
2.304929731762821454e-01 1.067291543567977063e+00 5.745605831579629896e-01
-2.109640270276400553e-01 1.066214610843325694e+00 5.705264863745861392e-01
6.278104831892165894e-02 1.014365539739192634e+00 5.865310073501442956e-01
1.017720178118857177e-01 1.022927354996486349e+00 5.833369686029389323e-01
-2.092312504284346009e-01 1.022132036016263346e+00 5.864158033560743499e-01
1.637885786821973166e-01 9.980872148058701487e-01 6.041599572207321245e-01
1.016852978035057142e-01 1.003105094771880479e+00 5.959138489260960014e-01
2.555325990644070622e-01 1.075473314165093175e+00 5.749699589117432952e-01
-1.165868321126088958e-01 9.738878697607721291e-01 6.163114787718438903e-01
-1.697944574867365497e-01 1.056040359120001382e+00 5.703539793131012781e-01
-2.374757691638985646e-01 1.048853543942332767e+00 5.772305268102403408e-01
6.726368600533813580e-02 9.750873719429917763e-01 6.171962125598653426e-01
-1.761879758618862812e-01 1.038220702806700313e+00 5.768240291894569660e-01
5.864439240882032833e-02 9.731627267418676563e-01 6.186017410544142336e-01
2.950843567132224177e-01 1.122163908456807802e+00 5.757795484342884684e-01
9.598763496315293464e-02 1.052945089255754363e+00 5.696715649653787406e-01
-1.000164216953598473e-01 9.774248089577535215e-01 6.126684622696183524e-01
3.385912656070261262e-02 1.024843753781790046e+00 5.796009316138972522e-01
-2.628267090232700998e-01 1.097790083477945045e+00 5.716353523274715354e-01
-2.177951689543164981e-01 1.053041829501432991e+00 5.743701098641011971e-01
7.648493840631814811e-02 9.677473125090784167e-01 6.248946965175244950e-01
2.915758123862176032e-01 1.129553289696995977e+00 5.762234616640079521e-01
1.858502474179135611e-01 1.094864777645288445e+00 5.662635804275105711e-01
3.218629367178551526e-01 1.139784085227302679e+00 5.810320197498499706e-01
4.824307438885666599e-02 1.026852706931386638e+00 5.789631202673957144e-01
2.382849573425950551e-02 1.028685327773549485e+00 5.773946361446443687e-01
-4.882564168201569688e-02 1.032813881150908442e+00 5.749479980019701619e-01
-1.209444084428049626e-01 9.878465289042595021e-01 6.044207083917138013e-01
-6.660758711887854178e-02 1.053719628311607925e+00 5.672327851260695608e-01
1.765807711649251821e-02 1.028277574510138015e+00 5.774743508294897243e-01
1.681997333834327479e-01 1.077902239846203480e+00 5.672166723616015593e-01
1.344461088618326694e-01 1.053098908158096370e+00 5.716111369190036706e-01
-3.277746422503650114e-01 1.145190216972221675e+00 5.863090837703862634e-01
-2.303255532331088262e-01 1.056817058979910406e+00 5.742590408477002972e-01
-1.575777475106777681e-01 1.077769966113268474e+00 5.652052266570319894e-01
2.258517627383304083e-01 1.089318965957260632e+00 5.698660522093731418e-01
-1.740044286873122514e-01 1.009955457196543893e+00 5.911244771283008514e-01
1.764465551062514015e-01 1.004927961187510155e+00 6.001666275027414121e-01
2.112875371492362042e-01 1.055602735205718901e+00 5.764265447601385484e-01
-2.069113593071848778e-01 1.057916857320742254e+00 5.722019248662524316e-01
-2.952285660360572939e-01 1.138445339395323330e+00 5.806152268671875838e-01
-2.141770567942056225e-01 1.085494268437960486e+00 5.680053978550845262e-01
2.299215308517446599e-01 1.100697107847053546e+00 5.692871845635212313e-01
-1.654314774650242348e-01 1.052502194533609270e+00 5.711469985581205666e-01
-7.994335746920322450e-02 9.668459870676084922e-01 6.222817663079998063e-01
1.040214900025631661e-01 1.016398186533068460e+00 5.872662635808386655e-01
8.555021656114442097e-02 1.037558224487123093e+00 5.752218879211520308e-01
1.057246915389111752e-01 9.798103059615606014e-01 6.150869016032162184e-01
3.396760890259969967e-01 1.155817444220737400e+00 5.869153665773658712e-01
1.314366052017014175e-01 1.024284503500377141e+00 5.843464877383449663e-01
7.478686923079926052e-02 1.046508274125760307e+00 5.711031424798123091e-01
-1.568436828769427249e-01 1.064413670864437389e+00 5.675442437901567772e-01
8.947963460411061110e-02 1.027157365137432832e+00 5.804304354943332633e-01
-2.176592591349097161e-01 1.099220632745302906e+00 5.678236827640755768e-01
-3.331967703006765702e-01 1.145077925600346935e+00 5.869202595843895365e-01
-3.359634196233837189e-01 1.157059506774025248e+00 5.916427055296223925e-01
-1.622402349467735316e-01 1.012392847452032951e+00 5.890098610093854603e-01
-3.696998539200918588e-02 9.630070265928962758e-01 6.260587628688180084e-01
3.302428048955625695e-01 1.158083486145141450e+00 5.865913341314322738e-01
-6.611981985737824807e-02 1.001338632186269395e+00 5.931567730417784956e-01
2.278796885072770229e-01 1.045805487096171493e+00 5.817514339766640674e-01
-2.419021943636303351e-01 1.100704462497473335e+00 5.698127160229484733e-01
-3.330662229895714477e-01 1.141229764334513952e+00 5.857049238762997989e-01
1.830613924709173501e-01 1.049443580976970436e+00 5.763048595698962995e-01
-2.514019892405786605e-01 1.063822349618580798e+00 5.742884243304865466e-01
-4.501287093688137453e-02 1.037229604798482141e+00 5.729763557248591654e-01
-2.303822806677856549e-01 1.105834236204136012e+00 5.690623220088760759e-01
2.981721599413525992e-01 1.128675176076439968e+00 5.767734139054688791e-01
-1.055583409416057661e-01 1.054377553163775350e+00 5.679936843142676661e-01
-1.845394177110983303e-01 1.069621695501841163e+00 5.680672849809278446e-01
1.089296280917436688e-01 1.040412887844827772e+00 5.750960762976378149e-01
1.978480742598021924e-01 1.073422477298927147e+00 5.702592214930688463e-01
-1.081379293983774081e-01 1.028222676967734728e+00 5.782431345983138904e-01
-1.165834921271508839e-01 9.990807798658692951e-01 5.958090997206756390e-01
1.420069158892556804e-01 1.071514942070222576e+00 5.668711969754068880e-01
2.619813202208718383e-01 1.109737010805506463e+00 5.719688384484558075e-01
1.249505225305253264e-01 1.031101145768064109e+00 5.803361288750474856e-01
-2.485242937826042109e-01 1.103090114161086266e+00 5.704633118879001152e-01
-9.049910854791209935e-02 1.012168208605406683e+00 5.865157236206952618e-01
1.635266873637770124e-01 1.073563183052744119e+00 5.677580469106294769e-01
2.696565552462393267e-03 1.003405934673967215e+00 5.919499870178372980e-01
1.918134751805988802e-02 9.695815120941670973e-01 6.205168473506562643e-01
-1.599208039339345411e-01 9.891043798143398513e-01 6.050154189824701323e-01
-2.388307312751692946e-01 1.060025008164066307e+00 5.741129572946964688e-01
-1.734069624673376109e-01 1.034006735683256295e+00 5.784387196877134318e-01
-1.318088007884600787e-01 1.042169759653905903e+00 5.730766457190272778e-01
9.709353446074242555e-02 1.058235598487557327e+00 5.680345911659243630e-01
7.269004346297300301e-02 1.001410691874854875e+00 5.955974553099160351e-01
1.010389154595100619e-01 1.043626361378149126e+00 5.733592972105192587e-01
2.884840975223912363e-02 1.012842223795649366e+00 5.863509942183114942e-01
-1.034093766322912167e-01 1.044248463821438211e+00 5.712883505093043768e-01
-6.720154667107182400e-02 9.983741386465352363e-01 5.952640109045194139e-01
-7.801389465518643318e-02 9.870928375803083021e-01 6.040279102411821865e-01
2.695368447314198113e-01 1.128997806621076405e+00 5.740500354022075591e-01
1.669703516988878533e-01 1.072261603467831836e+00 5.682656455106520621e-01
1.858307725611492711e-01 1.029683027962608355e+00 5.855409599581062885e-01
-1.573038575751737889e-01 1.027366917515744715e+00 5.806403496395505792e-01
2.961614487303515508e-02 9.609356829220964125e-01 6.297458370515114368e-01
4.315251795897262488e-02 1.032832936476461905e+00 5.758628682015135558e-01
-1.751246981517216583e-01 1.005964337504051453e+00 5.937159211806480874e-01
2.638449890430821232e-01 1.113815194153226384e+00 5.722320433909842130e-01
2.404619851347511439e-02 1.043826886021230749e+00 5.707034835452774457e-01
2.608820775194695685e-01 1.090940724998069600e+00 5.728834170596510678e-01
2.110233971069679915e-01 1.072237138562638137e+00 5.715971702864268700e-01
7.496172119122168631e-02 1.058364760735849286e+00 5.671223327910681622e-01
1.776884701206582484e-01 1.056473872453605134e+00 5.733761915085699989e-01
1.606604480820815195e-01 1.064790817059080075e+00 5.696705219117500496e-01
3.597351565607418977e-01 1.175908669757518954e+00 5.964778599939808412e-01
-9.847796043295226065e-02 1.009387918399458739e+00 5.884185344288327402e-01
1.954795570102575430e-01 1.073153990484555731e+00 5.701331675832240764e-01
1.532234207766020873e-01 9.958010394177528868e-01 6.050492886284458693e-01
1.261432291366381131e-01 9.914946589165860580e-01 6.064023557175175494e-01
-1.209708825639161933e-01 1.000929728661287932e+00 5.946571677636255382e-01
-7.563414319169838029e-02 1.026934117973099081e+00 5.780883438952844067e-01
-2.188523797047351449e-01 1.102663780875540400e+00 5.680002739804843603e-01
2.615877054571814075e-01 1.125925164952917612e+00 5.729465503675078564e-01
3.102059214183708891e-01 1.126250938027967496e+00 5.777504914015653137e-01
2.499352108485994872e-01 1.066489209894606605e+00 5.766678150017731097e-01
-7.594045755841889733e-02 1.037372538154074819e+00 5.733175318676185794e-01
-7.794966198058055074e-02 9.984562430691685808e-01 5.953465348161637305e-01
2.805538880984248529e-02 1.011446613132870098e+00 5.872016715148843380e-01
-1.766881155401319459e-01 1.027793983129382083e+00 5.814790387925016235e-01
-2.024931672577201525e-01 1.042037324624250472e+00 5.769945295871007351e-01
-1.859319329310039071e-01 1.060121347145567272e+00 5.702320279225511213e-01
-5.867229008959144732e-02 1.043118106217359786e+00 5.707440177813768445e-01
1.308057690338294554e-01 1.055896592423213320e+00 5.704637203498271747e-01
-2.206121863348102785e-01 1.077121263055332179e+00 5.693795516396914502e-01
5.981370380347106330e-02 9.646374794323393509e-01 6.271873961344287540e-01
-1.044641315771405177e-01 1.031724027712847214e+00 5.764855172936901306e-01
-1.846251438025901526e-01 1.041828490562873188e+00 5.759119489122577207e-01
5.466381392147739993e-02 9.782815765537744568e-01 6.136215624525404033e-01
2.176794219695368238e-01 1.069507342696557783e+00 5.728263611463436655e-01
3.230191433757564345e-01 1.152213173484002429e+00 5.840857779891500678e-01
1.076715724965993104e-01 9.783968167548674488e-01 6.165200696712370698e-01
1.102864933869480701e-01 9.793295075091924540e-01 6.158390782504340466e-01
9.031605452140212265e-02 1.042113127715419196e+00 5.734790389030719471e-01
-2.206312270501494810e-01 1.050473072837244892e+00 5.753752436958542438e-01
2.293618731354740703e-01 1.061296799262981150e+00 5.762026683317766906e-01
-2.422649939026373933e-01 1.076681235251188529e+00 5.711854289929869655e-01
2.076143909759708972e-02 9.859254811433790788e-01 6.056905142827275768e-01
1.642834998998842777e-01 1.003813609945105156e+00 5.999066036367420862e-01
-7.703400558597307823e-02 1.037656258112568342e+00 5.732197926150358613e-01
5.205546636329672072e-02 1.043913293785890151e+00 5.713411713923187696e-01
-1.601691285962074662e-01 9.860022614388215256e-01 6.075126045168833810e-01
-9.539376994247694697e-02 1.016148559698925480e+00 5.842780076474952677e-01
-2.446701562829414200e-01 1.097080622953611861e+00 5.700060023427411249e-01
-1.997030412952923717e-01 1.033320797727375062e+00 5.803688633083560200e-01
-1.836313070859759700e-01 1.012483109506498113e+00 5.901471333337443559e-01
-1.498161696925901509e-01 9.824261902418446324e-01 6.099944294536016054e-01
4.393738256737174386e-02 9.726893817717692237e-01 6.183973168922903829e-01
-1.150599758617373569e-01 1.033863781413275618e+00 5.758594052914771666e-01
1.539911045686773727e-01 1.028606905810139249e+00 5.835702854670097306e-01
1.620117715520411061e-01 1.065088147757129899e+00 5.696808139206498423e-01
1.267147756582062135e-01 1.056965261232647224e+00 5.698917978483103441e-01
-6.646936213202492283e-02 9.894443460070729834e-01 6.020052119685440628e-01
2.340051397800254618e-01 1.102308413837484347e+00 5.695690939808907283e-01
3.371778568103511731e-01 1.156196895334987707e+00 5.867551617786073148e-01
9.833464880492456817e-02 9.831927501594122099e-01 6.115702151015663945e-01
1.000378958952289898e-01 1.019470125555113293e+00 5.852164601160187996e-01
-1.425230455554079845e-01 1.019301645395669587e+00 5.841137807471672438e-01
5.980229462773842264e-02 1.017303979198864283e+00 5.846447294262701044e-01
-1.276953933759862880e-01 1.019944005840629275e+00 5.831599127462517851e-01
-2.420922641143230525e-02 9.883706063690170796e-01 6.028469679065739939e-01
-1.854306076013228777e-01 1.067614578850706764e+00 5.685108735336114050e-01
-1.325664593781674672e-01 1.025658777931636179e+00 5.803674680833990074e-01
6.010416307365934463e-02 9.808314140590276287e-01 6.115696400070190775e-01
3.376669275491495092e-02 1.047928351473882858e+00 5.693656560903882502e-01
-1.366575521036171303e-01 1.025252859071847933e+00 5.807384194597228211e-01
2.275853651453622895e-02 1.004137447934827065e+00 5.918756521080472677e-01
8.829699473180740998e-02 1.017135993950238237e+00 5.859898997773854701e-01
2.697267001741601167e-01 1.090307491990856859e+00 5.738435367086994754e-01
1.068197215901616204e-01 1.051246791402300929e+00 5.707617033345427915e-01
1.120511161756541363e-01 1.005878832857450611e+00 5.945889662111026874e-01
7.054061018496710078e-02 1.029592634220513281e+00 5.783600306080428632e-01
-2.568837195069024748e-01 1.092699355494704427e+00 5.711482162784049521e-01
1.024139613271503324e-01 1.003125114654018102e+00 5.959424430574792320e-01
-8.638150159212965029e-02 1.009987115999532614e+00 5.877704501459755093e-01
3.007715755961126725e-01 1.116332702160574231e+00 5.760089452744481253e-01
5.044179014976613029e-04 9.587947797306972664e-01 6.311250321722609025e-01
1.489484688674412860e-01 1.081190524080762883e+00 5.654674328044264620e-01
2.920268722024445540e-01 1.135442227125665893e+00 5.771680024564783684e-01
1.878237553004931670e-01 1.049256162949116833e+00 5.767591325543248715e-01
1.241021599800004177e-01 9.887045339463333971e-01 6.085684753793826340e-01
1.935562100593060386e-01 1.053298457169596247e+00 5.757228226784024683e-01
-4.710125719759639118e-02 9.804794392235351985e-01 6.093791868355462604e-01
-1.292763499104032099e-01 1.034950552616878960e+00 5.759060154028169398e-01
-2.960641504119926326e-01 1.130573569152176772e+00 5.787231051454362341e-01
1.950858183313348426e-01 1.026775528855802033e+00 5.879365521594404065e-01
6.453028604344934749e-03 9.789735688343661479e-01 6.113441452513659335e-01
-2.144267378228792986e-01 1.077738992488826542e+00 5.688313498602134421e-01
-1.062658797228260843e-02 1.024749666706234130e+00 5.788906877497688175e-01
-8.470294643575515536e-04 9.926497880112716832e-01 5.997653455201717998e-01
-1.410902018138885938e-01 1.005324724945630077e+00 5.924561636634152473e-01
-6.470865872377412620e-02 9.876340752751049390e-01 6.034391705845513210e-01
-6.284656968541973976e-02 9.748538651183674686e-01 6.144697791505868700e-01
-5.018212654363424230e-02 1.043549088524999169e+00 5.704838172274745434e-01
-1.604822687197153819e-01 9.905527185570489612e-01 6.039109016938689622e-01
-1.888514203527547064e-02 1.038769276157507804e+00 5.722752666778011532e-01
2.084714413559041191e-02 1.019307098306778014e+00 5.823239322803728246e-01
1.928997888119812765e-01 1.021736158081922863e+00 5.906276972750883481e-01
-1.792794270272430324e-01 1.056913354164392027e+00 5.706649945734452167e-01
1.291313880009342663e-01 1.027242082189263828e+00 5.825908255040613826e-01
1.220593170254638260e-01 1.023237214631898429e+00 5.843343419628312940e-01
2.648104090460210447e-01 1.088635938253634361e+00 5.735628536463033278e-01
1.185246092945236862e-01 1.059711305631306111e+00 5.686161582065987208e-01
1.683285912144567575e-01 1.061894889628056227e+00 5.710065030692517141e-01
-1.027805726717690993e-01 1.026582069127236929e+00 5.788881082485262120e-01
5.957802185403866108e-02 1.044314726520022107e+00 5.714155218471564934e-01
-1.570879192548088332e-01 1.011441492044348633e+00 5.893249259633344117e-01
-4.558598604318453429e-02 9.628690342248493739e-01 6.261543864228541478e-01
5.064129503516909270e-02 1.015633413138893770e+00 5.853093049585251784e-01
1.173902028374296247e-02 1.047330233715093817e+00 5.691970263621282111e-01
1.620613108067794905e-01 1.025212168116075739e+00 5.860209841550396703e-01
1.831448622667515569e-01 1.024909911469735535e+00 5.879214462014676901e-01
9.344454077089281441e-04 1.023319424289066415e+00 5.797682659385667847e-01
6.531362783243674364e-02 1.040234407038117981e+00 5.732648174204512115e-01
8.981473749125522266e-02 1.047140171973590661e+00 5.714724366727174099e-01
-3.456160259970255111e-01 1.159666306344511177e+00 5.939244664471814428e-01
-1.297287798373557011e-01 1.044899665856159565e+00 5.719807761979956995e-01
7.322582815113037880e-02 1.020071857646846603e+00 5.835755481156329472e-01
-2.308378354332084048e-01 1.056928373018840572e+00 5.742696389455270722e-01
-6.345332052942972978e-02 1.029297230920081629e+00 5.767473762783545954e-01
2.933248978855952371e-01 1.110067442636425650e+00 5.750823906689019882e-01
3.997755433553148996e-02 1.038367043956139879e+00 5.732868126381522877e-01
-2.270071883703779492e-02 1.034619684379209259e+00 5.740567394683145919e-01
3.858671692950288445e-03 1.025631801030936208e+00 5.785931185633554907e-01
1.875410166175390247e-01 1.059924534387213457e+00 5.730240312279785142e-01
1.923018892970664306e-01 1.026297871271182105e+00 5.879503729772048715e-01
8.674447730487366837e-03 1.044898002779501622e+00 5.700548250983419329e-01
-2.251341258774233745e-01 1.077386934208619307e+00 5.696943690431962581e-01
-1.709190706390367742e-02 9.819496591280716391e-01 6.082953592550648381e-01
2.285957005663329378e-01 1.048440758801262529e+00 5.807320129256506869e-01
-1.747050868574740179e-01 1.050093279773357313e+00 5.724236041804492414e-01
6.399072384482218379e-02 9.881053898216225484e-01 6.054920326588685286e-01
-8.032310477174858798e-02 1.013128604230315588e+00 5.857324158314006768e-01
-2.881977952912418983e-01 1.119207714475587867e+00 5.757746690821363700e-01
-3.082824565034807396e-01 1.134708538679732204e+00 5.810400387083692886e-01
-5.393902472379991098e-02 1.006882808911309546e+00 5.893172388560377062e-01
-2.708029842568485113e-02 9.941309453402091822e-01 5.983096456629392046e-01
1.765702514771736453e-01 1.035906676714622110e+00 5.816275433256791194e-01
2.756691712042037556e-01 1.095454761799364407e+00 5.738965897251055992e-01
-4.707215555716121047e-02 1.037524252785473333e+00 5.728669433736477412e-01
-3.401448881948562208e-01 1.148260907106091189e+00 5.888356238739762549e-01
1.798866893290593238e-01 1.062487716277360272e+00 5.716701120364817701e-01
2.437049238573562593e-01 1.088453221405229598e+00 5.715560544169296930e-01
2.568665071251652332e-02 9.787169906403752062e-01 6.121105534667266035e-01
-9.964807658708130234e-02 1.016383878062942170e+00 5.842505510664123269e-01
-2.035330967024093773e-01 1.027193662259581863e+00 5.834655140096931536e-01
-1.818035402278344037e-01 1.058270272735930773e+00 5.704531475382157435e-01
-1.076536022573405527e-01 1.004026171353143093e+00 5.921376508231737112e-01
-2.951385208911995184e-01 1.139055508062883915e+00 5.807766499139049854e-01
1.604470197625995631e-01 1.085974804941850946e+00 5.654852503686736975e-01
-1.799987270486220481e-01 1.013793873110022448e+00 5.891544814980145262e-01
-4.480086188934190305e-02 9.931716998574811051e-01 5.989906644359846988e-01
-1.784468604087991461e-01 1.052562838594586880e+00 5.718714788882158784e-01
-7.171842427795283026e-02 1.028189986580728466e+00 5.774045100570107669e-01
9.348663830678638487e-02 1.055499189290356687e+00 5.687251354899800493e-01
2.930555568843127845e-01 1.129616320550761221e+00 5.763791135737481586e-01
-9.009328624946347230e-02 9.812909248026393527e-01 6.090748598382880186e-01
-2.614580730786678631e-01 1.086573423054289611e+00 5.718663499429614827e-01
-1.386009908326728546e-01 1.070472208003415693e+00 5.654212333464275764e-01
-1.624112329942355992e-01 1.012574786971709884e+00 5.889097267171279348e-01
-6.786604703180099118e-03 1.010308554273075865e+00 5.872514611421166819e-01
-1.041089651523559034e-01 1.015384067967270099e+00 5.849476002884621550e-01
-1.128384596721503375e-01 9.749574906296841759e-01 6.152212928064910713e-01
1.633535302025175828e-01 1.053358105574792924e+00 5.733946222739929599e-01
-1.892907664486088715e-01 1.047101170398613501e+00 5.743021481093867342e-01
1.524692177459887332e-01 1.077372372286969471e+00 5.663176274191809023e-01
-1.705299632797718234e-01 9.974848687523324431e-01 5.992565663790853092e-01
-6.598104639409130279e-02 9.809589886051647278e-01 6.090384756472824179e-01
1.705516091427953240e-01 1.040211639411083855e+00 5.791589729251772622e-01
2.636014426690271861e-01 1.119886364711197180e+00 5.725470557355629708e-01
-1.225036512415357548e-01 1.012368633802033457e+00 5.873087386805805332e-01
-2.277629726514556752e-01 1.069243303211946827e+00 5.712008510471157097e-01
2.135760060154026363e-01 1.043218096320521537e+00 5.814922307423272541e-01
1.542842100841025355e-01 1.065271489487365830e+00 5.691264595266316562e-01
-1.120717055529003581e-01 1.026448997954755527e+00 5.792347218730137248e-01
-2.940331595638928652e-02 9.884798166999183566e-01 6.027196527527317604e-01
-1.637414443900316319e-01 1.053762372694334370e+00 5.706763138613130115e-01
-1.624361452690469276e-01 1.026830204097985311e+00 5.811642582844396276e-01
1.915818030804348204e-01 1.047190928580671532e+00 5.778819987434581362e-01
5.740527525901795158e-02 1.047081191570106817e+00 5.702942329085016748e-01
-2.130547583840518011e-01 1.074607953314815623e+00 5.691704072306084106e-01
-1.600057833041170774e-01 1.023341411293433811e+00 5.827932281390111324e-01
1.104300374087691106e-02 9.805970529450622752e-01 6.100129095328156170e-01
2.058722781639939492e-01 1.041062623539782184e+00 5.817394864460778692e-01
-1.137770466205668962e-01 9.844626247189639523e-01 6.069598510141156478e-01
1.639143287247106229e-01 1.033385825532890490e+00 5.818661243131949545e-01
2.589961150883094976e-01 1.125929298303542048e+00 5.727173934582775461e-01
7.844299045114805358e-02 1.034492586174875717e+00 5.763143748391243992e-01
-2.886626719711347655e-01 1.123255990487064260e+00 5.764799150884506451e-01
7.347544640818881589e-03 1.042688631785088527e+00 5.708890678350713177e-01
1.523669200004762470e-02 1.031489215053822628e+00 5.758652190855151343e-01
-1.888525133329381211e-01 1.017416287261650343e+00 5.876121290330196256e-01
-2.427627619245565638e-01 1.095327730685971890e+00 5.698521002357069820e-01
1.599947948322185953e-01 9.961869990177126821e-01 6.053168363878681513e-01
1.473186779254484491e-01 1.041172809593619686e+00 5.770621292286592929e-01
3.866322897269840186e-02 1.013714415251806056e+00 5.860893445478204677e-01
-1.608756225350339575e-01 1.013096474805532665e+00 5.885204095058702567e-01
-9.747835480575450795e-03 1.026841530173363104e+00 5.778242346563846610e-01
1.184304580896050618e-01 1.022265357429454680e+00 5.846600789980566093e-01
5.096399672480475540e-03 1.006542599373792646e+00 5.898700741311698748e-01
-1.184912122182921329e-01 1.036083812851110952e+00 5.750168703917684088e-01
1.436147352782556341e-01 1.038826695523514587e+00 5.778503474433388520e-01
2.499067033413898686e-02 9.610621112867904214e-01 6.294397705423371292e-01
-2.451326585879110564e-01 1.098704889971456655e+00 5.700550886385546967e-01
-2.424364016871399796e-02 9.881523772617730739e-01 6.030233039419911067e-01
-3.667836093576788969e-01 1.171074528762298117e+00 6.019984860957819928e-01
2.436324962145111628e-02 9.962611325452915834e-01 5.975808385294710812e-01
3.869040891198438636e-02 1.018147481445104807e+00 5.834433871686631745e-01
-2.318031480786399978e-01 1.071629483066755650e+00 5.710962567122473965e-01
-6.034867897683664217e-02 9.671122742808120343e-01 6.218587222175228080e-01
7.612004888869000618e-02 9.866224117990297637e-01 6.073320773700371378e-01
8.703211459625179169e-02 1.032405471601968383e+00 5.776780641328962407e-01
-1.257228489903432223e-02 9.596227022051472266e-01 6.299437091223686336e-01
2.086825829453695103e-01 1.078867706539924809e+00 5.700242753412153585e-01
-7.333085569041625229e-02 9.837557804729575306e-01 6.067245426105198902e-01
-1.344296692612140243e-02 9.574395744222290450e-01 6.322884991751730466e-01
-6.143186357900445871e-02 1.016462195969650928e+00 5.834990132273107921e-01
3.078914283371001481e-01 1.143830429912533919e+00 5.804167252941694333e-01
-1.570575706641669789e-01 1.059692334523848034e+00 5.686861051112394039e-01
-1.820834722623622670e-01 1.033337304184281269e+00 5.792396898060031551e-01
-2.989374274753162086e-02 9.891526082049070245e-01 6.021758065174750429e-01
3.537642350118431755e-01 1.168072098026498251e+00 5.926288105973253062e-01
-2.758556265773309257e-01 1.128955476598549446e+00 5.762943427644122707e-01
2.178503383936221116e-01 1.091829067961735733e+00 5.689254280429806299e-01
-1.156523751696675317e-02 1.029351386416181624e+00 5.765650884036479518e-01
1.439068003044493005e-01 1.010614659991174946e+00 5.935494560249711116e-01
-2.409361161722873776e-02 1.022212616224377646e+00 5.801560650814171494e-01
1.148794578713916437e-01 1.032118919127370971e+00 5.792386651357804839e-01
5.864881090562155952e-02 9.904384010294422502e-01 6.033413455477399934e-01
1.138415774257669211e-01 1.055288406878826413e+00 5.697459367001475039e-01
6.206497607500899294e-02 1.035247356379656036e+00 5.753393977442629037e-01
4.068864264476368398e-02 1.037850391228260394e+00 5.735282195889372936e-01
-2.083774067919478279e-01 1.025493708004612259e+00 5.846384949374040518e-01
-2.495972252028946514e-01 1.057877725356941356e+00 5.755828975711997364e-01
3.466799602515251988e-01 1.165103872236872062e+00 5.907437571041904700e-01
-7.365370202717624881e-02 9.901027235967697626e-01 6.015645268427806114e-01
-2.291237814076081125e-01 1.070430190388454772e+00 5.710914297247321469e-01
-2.560948794984314603e-01 1.108202471779251352e+00 5.714333685543230290e-01
-1.862911576174119399e-01 1.084688726651286572e+00 5.661372776053692490e-01
2.079043053927441820e-01 1.041991354911571577e+00 5.815089535709424551e-01
6.661182112196240013e-02 1.044373824140083951e+00 5.716282689453235921e-01
-1.390474025502361488e-01 1.037166553810210168e+00 5.753720827390260695e-01
2.413044227562258781e-01 1.080123256040749213e+00 5.726439095099997711e-01
2.622715928550922726e-02 1.029307606340558179e+00 5.771381626398919273e-01
9.601602943232706577e-02 1.040599054013412017e+00 5.743747638834502123e-01
-5.226923185891974022e-02 1.020963559486808059e+00 5.808934212573059197e-01
-3.036762545451519579e-01 1.121967022481725973e+00 5.778510567850654311e-01
-2.203505118817484232e-01 1.065859015473888505e+00 5.712987030733220895e-01
-2.448864643631817328e-01 1.105108683191311059e+00 5.702405072274361331e-01
3.178022030784548591e-01 1.142033119182271017e+00 5.810528371275726078e-01
1.006785073168123268e-01 1.006653371871105040e+00 5.933747766512655897e-01
-2.813822913815007265e-01 1.123616395596645390e+00 5.758009010051522436e-01
1.748957597929997609e-01 1.073996854232009301e+00 5.684350024413226121e-01
2.343866039051872852e-01 1.085231101781244822e+00 5.711577059767284359e-01
-1.141756489042028144e-01 9.890371597070264365e-01 6.032621912752630378e-01
2.108190416835292735e-02 1.000528095265483142e+00 5.943638226463825447e-01
1.186057910319352482e-01 1.046719983306307444e+00 5.730410297182139123e-01
-1.747984522864715895e-01 1.036697777053375846e+00 5.773701515533017359e-01
-8.544338822194408323e-02 9.874189700504909517e-01 6.038804752536522935e-01
-9.088560768034842363e-02 9.946923477940763370e-01 5.983315920586119718e-01
-1.340802299225780092e-01 1.017771041276089417e+00 5.846070581958917600e-01
-1.297193448204876365e-01 1.066980095481444568e+00 5.657145627920927566e-01
5.034783119093749759e-02 1.038319314787723879e+00 5.735952159705086650e-01
-2.109220301704094469e-01 1.080471235455667811e+00 5.682424515290291911e-01
-1.275627593851454966e-01 1.043217749920438919e+00 5.725113299997737215e-01
1.906045228011119808e-01 1.051176383144193149e+00 5.762569949891582777e-01
2.415819899664611858e-02 9.802229328655327478e-01 6.107138289949249899e-01
1.307077262712629806e-01 1.001300787767618106e+00 5.991120830165019839e-01
2.536150099805219438e-01 1.104764702438647772e+00 5.712295731197911675e-01
2.003604402089586844e-01 1.046894894946026389e+00 5.787489920358742657e-01
6.183400729449095579e-02 9.902565287078286538e-01 6.036297280658207143e-01
1.470036127698565176e-02 1.020651213372138821e+00 5.814432791395303113e-01
-1.404483709873869945e-01 1.034087992615010165e+00 5.767463080624771754e-01
1.127982688219164864e-01 9.769058342854262111e-01 6.182719208086863150e-01
-1.055059923296407798e-01 1.049722239005732360e+00 5.694471824312012931e-01
4.626603189641625979e-02 9.652758550888678180e-01 6.258795941250748784e-01
1.546092880438392214e-01 1.079502810842309035e+00 5.660756600056195964e-01
-2.548730648261767762e-01 1.119649461246550404e+00 5.726096294962137456e-01
-4.855061871336902035e-02 9.984557518701274725e-01 5.950739666166493524e-01
2.085073926025803881e-01 1.053499060900104700e+00 5.769262042653579003e-01
-1.632304379635118874e-01 9.946212492778738756e-01 6.009626248355162126e-01
-2.215993384024078638e-01 1.050509277289470855e+00 5.754373662270749756e-01
9.710341922503284984e-02 1.014049153598750586e+00 5.883340511096257774e-01
1.176062318547443919e-02 1.021628269213620932e+00 5.808496848386348610e-01
1.426001168498928218e-01 1.024643727881108690e+00 5.849016272810854122e-01
-9.166058823412731593e-02 9.721908065751039274e-01 6.172978035513496664e-01
-1.074140021442232529e-02 9.874682706327304604e-01 6.037371789929114607e-01
3.275144219115869726e-01 1.147790332100790955e+00 5.834042542696914468e-01
9.556549632785443782e-02 9.799737895053304282e-01 6.142787214771490145e-01
-2.937856765605112441e-02 1.038855828664187797e+00 5.722303276087877810e-01
1.506752512518754472e-01 1.042460835992303325e+00 5.767368127051794024e-01
2.980188006376026655e-01 1.118478226832071654e+00 5.758253504640188369e-01
-9.770423266656205752e-02 1.018207477683179984e+00 5.831678999976384059e-01
8.224002157391768764e-02 1.018385716942736163e+00 5.849569380530220686e-01
2.528556071141211947e-01 1.077622950204474295e+00 5.742439675746096039e-01
1.763225335336703337e-01 1.083820063091659680e+00 5.667997430775763013e-01
-1.408482063188704614e-01 1.031408802415266335e+00 5.779625285381013722e-01
8.000702239719501008e-02 1.006692809911138298e+00 5.922525050116005385e-01
7.913030133522905296e-02 9.927246804419803672e-01 6.024880556918922325e-01
-3.194042507654756280e-01 1.135926870773242614e+00 5.826108691304223708e-01
2.217773203219811085e-01 1.054473917353186740e+00 5.777799815770572334e-01
6.772792725112783407e-02 1.012576298911130435e+00 5.878463277737439041e-01
-7.720952394416513709e-02 1.022110249395874693e+00 5.805950377636804882e-01
-1.081836978218887468e-01 1.011870346197287329e+00 5.871496989953095547e-01
-8.648279789317492305e-02 1.007674284535127196e+00 5.892363117313653698e-01
-2.174371872645227688e-01 1.045219128131967157e+00 5.768989601704836989e-01
-8.120317382557618036e-02 1.016747689789245790e+00 5.836276767989123648e-01
3.010086417336821363e-02 1.038448368896992546e+00 5.730168172180125641e-01
-8.951329711149380586e-02 1.056398526836331619e+00 5.669411085123029492e-01
2.316885694753427760e-01 1.070658724433642073e+00 5.737984626917724817e-01
1.868470657063523999e-01 1.085433237867102552e+00 5.673074772492073814e-01
-1.857631841537992767e-01 1.077561273311601120e+00 5.668787204714952344e-01
5.366034032453259606e-02 9.664037298478165283e-01 6.250626979437536868e-01
3.378509119824172346e-01 1.165989322579311427e+00 5.901080129381210959e-01
1.297986006103643286e-01 9.940860583442963083e-01 6.045771999842833866e-01
1.928188436468980527e-02 9.695002221367333695e-01 6.205999983212138194e-01
-1.793517007682709219e-01 1.066543308616272556e+00 5.683534651102346569e-01
-2.108759423230857633e-02 1.001826333824506587e+00 5.927472400238875672e-01
-1.407097793254695750e-01 1.006985628747242068e+00 5.913614847479375936e-01
-1.402996160036109607e-01 1.015663703649499539e+00 5.860599410225511008e-01
-1.636401577610890890e-02 1.031735921298456038e+00 5.753975129311665881e-01
-2.447902674607710383e-02 1.012145790061468098e+00 5.859564208581081735e-01
-1.846777536358051863e-02 1.012500861248372352e+00 5.857737256199383458e-01
1.715012731828703951e-01 1.062801246376260389e+00 5.709690437422033638e-01
2.763727631312897781e-01 1.104940332653934432e+00 5.734064061545769420e-01
-1.909976329103839632e-01 1.070482253890058244e+00 5.683226816800335257e-01
1.692101271621144210e-01 1.083320873819010099e+00 5.663985689077366548e-01
3.030411541015110566e-01 1.123821385208335188e+00 5.767500978748231200e-01
-1.444552785694038499e-01 1.049930465309591776e+00 5.708969071994619560e-01
-2.942983404237362599e-01 1.112669567497583278e+00 5.755782294648146280e-01
-1.479891185877361126e-01 1.059730973912286212e+00 5.682217424074172962e-01
-1.310202416519361535e-01 9.911088875243727614e-01 6.022044464415010623e-01
1.604670893920112640e-02 9.984376883316854467e-01 5.957526011263265531e-01
4.480054387119009052e-02 1.004396473173046811e+00 5.923586244276498602e-01
-9.798097222891084812e-02 9.678258902120897567e-01 6.216142850696686484e-01
9.636821529315123258e-02 1.034336751517726860e+00 5.771965757294713617e-01
-3.325899092759198039e-01 1.145493837836399909e+00 5.869829423712272787e-01
2.878528494398718829e-01 1.100685710886613045e+00 5.747724402992405723e-01
-2.555093010375940610e-01 1.083801621870520648e+00 5.715429458373626481e-01
9.544102751168676013e-02 1.048607523294980748e+00 5.711750924734265711e-01
2.088684303463455294e-01 1.063816294656875439e+00 5.736033250962685459e-01
-2.409577595586301635e-01 1.087380303961892336e+00 5.700006688154104495e-01
1.129567182939156256e-01 1.060110205401718853e+00 5.682185733924558502e-01
2.865940779446709552e-01 1.100952746826253215e+00 5.746241427807680102e-01
4.247708979254222195e-02 1.012518129337546702e+00 5.869482230060140138e-01
3.267514225523402982e-01 1.147762828705895854e+00 5.833153357711481357e-01
